<DATE>;<TIME>;<LAST>;<VOL>;<ID>;<OPER>
20240208;095935;7284.000000000;1;9563585105;S
20240208;095935;7284.000000000;2;9563585106;S
20240208;095935;7284.000000000;2;9563585107;B
20240208;095935;7284.000000000;10;9563585108;S
20240208;095935;7284.000000000;1;9563585109;S
20240208;095935;7284.000000000;7;9563585110;S
20240208;095935;7284.000000000;9;9563585111;B
20240208;095935;7284.000000000;1;9563585112;B
20240208;095935;7284.000000000;3;9563585113;S
20240208;095935;7284.000000000;5;9563585114;B
20240208;095935;7284.000000000;7;9563585115;B
20240208;095935;7284.000000000;1;9563585116;B
20240208;095935;7284.000000000;2;9563585117;B
20240208;095935;7284.000000000;8;9563585118;B
20240208;095935;7284.000000000;5;9563585119;B
20240208;095935;7284.000000000;1;9563585120;B
20240208;095935;7284.000000000;1;9563585121;B
20240208;095935;7284.000000000;12;9563585122;S
20240208;095935;7284.000000000;2;9563585123;S
20240208;095935;7284.000000000;2;9563585124;B
20240208;095935;7284.000000000;16;9563585125;B
20240208;095935;7284.000000000;2;9563585126;B
20240208;095935;7284.000000000;3;9563585127;S
20240208;095935;7284.000000000;7;9563585128;B
20240208;095935;7284.000000000;1;9563585129;B
20240208;095935;7284.000000000;6;9563585130;B
20240208;100000;7285.000000000;1;9563591177;B
20240208;100000;7285.000000000;31;9563591178;B
20240208;100000;7287.500000000;4;9563591582;B
20240208;100002;7284.000000000;34;9563593840;S
20240208;100002;7285.000000000;2;9563594039;B
20240208;100003;7286.000000000;1;9563595235;S
20240208;100003;7286.000000000;1;9563595237;S
20240208;100005;7287.500000000;1;9563598366;B
20240208;100005;7286.000000000;4;9563598504;S
20240208;100005;7286.000000000;1;9563598509;S
20240208;100006;7287.500000000;2;9563599785;B
20240208;100007;7286.000000000;1;9563600267;S
20240208;100007;7286.000000000;6;9563600907;S
20240208;100007;7287.500000000;3;9563601747;B
20240208;100007;7288.500000000;17;9563601748;B
20240208;100011;7289.000000000;1;9563603700;B
20240208;100011;7289.000000000;3;9563603763;B
20240208;100011;7286.000000000;1;9563603849;S
20240208;100011;7289.000000000;2;9563603855;B
20240208;100011;7289.000000000;1;9563603894;B
20240208;100014;7286.000000000;5;9563604944;S
20240208;100014;7284.500000000;2;9563604945;S
20240208;100015;7287.500000000;1;9563605380;B
20240208;100017;7287.500000000;5;9563605830;B
20240208;100022;7287.000000000;2;9563607528;B
20240208;100023;7285.000000000;5;9563607798;S
20240208;100025;7287.000000000;2;9563608115;B
20240208;100025;7285.000000000;5;9563608116;S
20240208;100026;7287.000000000;9;9563608521;B
20240208;100033;7285.500000000;6;9563610464;B
20240208;100033;7286.000000000;3;9563610465;B
20240208;100033;7286.000000000;5;9563610466;B
20240208;100033;7287.000000000;11;9563610467;B
20240208;100033;7289.000000000;3;9563610468;B
20240208;100034;7285.500000000;1;9563610679;S
20240208;100035;7285.500000000;6;9563610810;S
20240208;100035;7285.000000000;9;9563610811;S
20240208;100037;7285.000000000;1;9563611361;S
20240208;100037;7285.000000000;1;9563611362;S
20240208;100039;7287.500000000;1;9563612007;B
20240208;100040;7287.500000000;1;9563612285;B
20240208;100042;7287.500000000;5;9563612970;B
20240208;100042;7287.500000000;2;9563612974;S
20240208;100045;7288.000000000;1;9563613639;S
20240208;100047;7288.000000000;9;9563614375;B
20240208;100047;7288.000000000;2;9563614376;B
20240208;100047;7289.000000000;8;9563614377;B
20240208;100047;7289.500000000;1;9563614378;B
20240208;100050;7287.500000000;1;9563615481;S
20240208;100052;7287.500000000;1;9563615895;S
20240208;100052;7285.000000000;4;9563615896;S
20240208;100053;7287.000000000;2;9563616424;B
20240208;100053;7288.500000000;8;9563616425;B
20240208;100053;7285.000000000;4;9563616733;S
20240208;100055;7285.000000000;1;9563617104;S
20240208;100059;7285.000000000;2;9563618388;S
20240208;100100;7289.000000000;2;9563618652;B
20240208;100102;7285.500000000;4;9563619348;S
20240208;100103;7285.500000000;1;9563619538;S
20240208;100106;7285.500000000;2;9563620133;S
20240208;100107;7289.000000000;8;9563620686;B
20240208;100113;7286.500000000;20;9563621916;S
20240208;100122;7287.000000000;28;9563624208;B
20240208;100122;7289.500000000;55;9563624209;B
20240208;100122;7289.500000000;15;9563624210;B
20240208;100122;7290.000000000;2;9563624211;B
20240208;100128;7288.500000000;1;9563626595;S
20240208;100129;7290.000000000;1;9563626878;B
20240208;100129;7290.000000000;1;9563627088;B
20240208;100130;7288.500000000;9;9563627163;S
20240208;100130;7286.500000000;21;9563627164;S
20240208;100131;7290.000000000;1;9563627363;B
20240208;100132;7286.500000000;2;9563627827;S
20240208;100134;7286.500000000;1;9563628130;S
20240208;100139;7290.000000000;4;9563629474;B
20240208;100139;7290.000000000;6;9563629475;B
20240208;100141;7290.000000000;2;9563629930;B
20240208;100142;7290.000000000;5;9563630032;B
20240208;100148;7289.000000000;10;9563631212;B
20240208;100148;7290.000000000;2;9563631213;B
20240208;100148;7290.000000000;1;9563631214;B
20240208;100148;7290.000000000;1;9563631215;B
20240208;100148;7290.000000000;1;9563631216;B
20240208;100149;7287.500000000;3;9563632221;S
20240208;100154;7287.500000000;2;9563633916;S
20240208;100156;7290.000000000;10;9563634814;B
20240208;100157;7290.000000000;3;9563634979;B
20240208;100157;7287.500000000;16;9563635080;S
20240208;100157;7287.000000000;10;9563635081;S
20240208;100157;7287.000000000;64;9563635082;S
20240208;100157;7290.000000000;5;9563635085;B
20240208;100158;7290.000000000;1;9563635185;B
20240208;100201;7287.500000000;2;9563635903;S
20240208;100208;7288.000000000;1;9563637835;S
20240208;100212;7288.500000000;2;9563638889;B
20240208;100217;7288.500000000;3;9563640056;B
20240208;100217;7290.000000000;7;9563640057;B
20240208;100219;7289.000000000;11;9563640556;S
20240208;100219;7288.500000000;2;9563640557;S
20240208;100229;7289.000000000;6;9563642624;S
20240208;100230;7288.500000000;2;9563642868;S
20240208;100233;7288.500000000;6;9563643578;S
20240208;100233;7288.000000000;3;9563643579;S
20240208;100233;7287.500000000;1;9563643606;S
20240208;100238;7287.500000000;1;9563644534;S
20240208;100241;7288.000000000;35;9563645171;B
20240208;100242;7288.000000000;1;9563645367;B
20240208;100246;7287.500000000;11;9563646331;S
20240208;100246;7287.500000000;10;9563646332;S
20240208;100246;7287.500000000;1;9563646333;S
20240208;100246;7287.500000000;1;9563646334;S
20240208;100246;7287.000000000;7;9563646335;S
20240208;100246;7288.000000000;6;9563646372;B
20240208;100248;7288.000000000;1;9563646749;B
20240208;100251;7287.500000000;1;9563647298;S
20240208;100251;7288.000000000;10;9563647416;B
20240208;100252;7288.000000000;1;9563647506;B
20240208;100254;7287.500000000;1;9563647809;S
20240208;100254;7288.000000000;2;9563647857;B
20240208;100254;7289.000000000;4;9563647858;B
20240208;100254;7289.500000000;2;9563647859;B
20240208;100254;7289.500000000;1;9563647860;B
20240208;100254;7290.000000000;73;9563647861;B
20240208;100254;7290.000000000;6;9563647862;B
20240208;100254;7290.000000000;100;9563647863;B
20240208;100254;7290.000000000;82;9563647864;B
20240208;100305;7288.500000000;1;9563650113;B
20240208;100309;7287.500000000;21;9563650722;S
20240208;100309;7287.000000000;4;9563650723;S
20240208;100309;7287.000000000;6;9563650724;S
20240208;100334;7287.500000000;10;9563655920;S
20240208;100341;7289.000000000;10;9563657438;B
20240208;100342;7290.000000000;1;9563657656;B
20240208;100342;7290.000000000;1;9563657657;B
20240208;100342;7288.500000000;5;9563657824;S
20240208;100346;7290.500000000;100;9563658559;B
20240208;100346;7291.000000000;1;9563658560;B
20240208;100348;7290.500000000;1;9563659319;B
20240208;100401;7290.500000000;1;9563662095;S
20240208;100401;7289.000000000;3;9563662096;S
20240208;100401;7289.000000000;6;9563662097;B
20240208;100401;7289.000000000;10;9563662098;B
20240208;100404;7291.000000000;1;9563662770;B
20240208;100405;7291.000000000;1;9563662891;B
20240208;100411;7291.000000000;8;9563664099;B
20240208;100417;7292.500000000;5;9563665335;B
20240208;100417;7293.000000000;3;9563665336;B
20240208;100417;7293.000000000;5;9563665337;B
20240208;100417;7293.000000000;12;9563665338;B
20240208;100424;7293.000000000;1;9563666750;S
20240208;100424;7293.000000000;2;9563666751;S
20240208;100424;7293.000000000;2;9563666752;S
20240208;100426;7294.500000000;8;9563667088;B
20240208;100427;7293.000000000;1;9563667177;S
20240208;100427;7293.000000000;4;9563667178;S
20240208;100430;7294.500000000;2;9563667700;B
20240208;100430;7295.000000000;3;9563667701;B
20240208;100438;7295.000000000;1;9563670019;B
20240208;100439;7295.000000000;1;9563670305;B
20240208;100440;7294.500000000;1;9563670684;S
20240208;100443;7295.000000000;11;9563671170;B
20240208;100443;7295.000000000;1;9563671171;B
20240208;100443;7295.000000000;1;9563671172;B
20240208;100446;7295.000000000;1;9563671658;B
20240208;100449;7295.000000000;78;9563672718;B
20240208;100449;7295.000000000;4;9563672719;B
20240208;100451;7296.000000000;20;9563673214;B
20240208;100454;7296.000000000;10;9563673822;B
20240208;100454;7296.000000000;10;9563673823;B
20240208;100454;7296.000000000;10;9563673826;B
20240208;100457;7295.000000000;1;9563674352;S
20240208;100457;7296.000000000;27;9563674353;B
20240208;100457;7296.000000000;27;9563674354;B
20240208;100457;7296.500000000;2;9563674450;B
20240208;100457;7297.000000000;20;9563674451;B
20240208;100457;7297.000000000;14;9563674452;B
20240208;100457;7297.500000000;150;9563674453;B
20240208;100457;7297.500000000;20;9563674454;B
20240208;100457;7297.500000000;9;9563674455;S
20240208;100457;7297.500000000;1;9563674456;S
20240208;100457;7297.500000000;30;9563674459;S
20240208;100458;7298.000000000;1;9563674492;B
20240208;100458;7298.000000000;9;9563674594;B
20240208;100458;7298.000000000;1;9563674595;B
20240208;100458;7298.000000000;1;9563674596;B
20240208;100458;7298.000000000;3;9563674597;B
20240208;100458;7298.000000000;1;9563674598;B
20240208;100458;7298.000000000;5;9563674599;B
20240208;100458;7298.000000000;4;9563674600;B
20240208;100458;7298.000000000;9;9563674601;B
20240208;100458;7298.000000000;1;9563674644;B
20240208;100459;7298.000000000;6;9563674900;B
20240208;100459;7298.000000000;2;9563674901;B
20240208;100459;7298.000000000;2;9563674902;B
20240208;100459;7298.500000000;116;9563674903;B
20240208;100459;7298.500000000;1;9563674904;B
20240208;100459;7299.000000000;750;9563674905;B
20240208;100459;7299.000000000;1;9563674906;B
20240208;100459;7299.000000000;1;9563674907;B
20240208;100459;7299.000000000;5;9563674908;B
20240208;100459;7299.000000000;2;9563674909;B
20240208;100459;7299.000000000;2;9563674910;B
20240208;100459;7299.000000000;50;9563674911;B
20240208;100459;7299.500000000;1;9563674912;B
20240208;100459;7299.500000000;14;9563674913;B
20240208;100459;7299.500000000;3;9563674914;B
20240208;100459;7299.500000000;1;9563674915;B
20240208;100459;7299.500000000;78;9563674916;B
20240208;100459;7299.500000000;20;9563674917;B
20240208;100459;7299.500000000;2;9563674918;B
20240208;100459;7299.500000000;10;9563674919;B
20240208;100459;7299.500000000;27;9563674920;B
20240208;100459;7300.000000000;10;9563674921;B
20240208;100459;7300.000000000;5;9563674922;B
20240208;100459;7300.000000000;3;9563674923;B
20240208;100459;7300.000000000;2;9563674924;B
20240208;100459;7300.000000000;70;9563674925;B
20240208;100459;7300.000000000;1;9563674926;B
20240208;100459;7300.000000000;20;9563674927;B
20240208;100459;7300.000000000;30;9563674928;B
20240208;100459;7300.000000000;7;9563674929;B
20240208;100459;7300.000000000;100;9563674930;B
20240208;100459;7300.000000000;5;9563674931;B
20240208;100459;7300.000000000;10;9563674932;B
20240208;100459;7300.000000000;4;9563674933;B
20240208;100459;7300.000000000;1;9563674936;B
20240208;100500;7298.000000000;1;9563675069;B
20240208;100500;7299.500000000;2;9563675158;B
20240208;100500;7299.500000000;2;9563675234;B
20240208;100500;7299.500000000;3;9563675235;B
20240208;100500;7300.000000000;3;9563675236;B
20240208;100500;7300.000000000;7;9563675251;B
20240208;100500;7300.000000000;3;9563675252;B
20240208;100500;7297.500000000;4;9563675253;S
20240208;100500;7296.000000000;1;9563675254;S
20240208;100500;7299.500000000;10;9563675264;B
20240208;100501;7299.500000000;21;9563675328;B
20240208;100501;7300.000000000;2;9563675329;B
20240208;100501;7300.000000000;2;9563675330;B
20240208;100501;7300.000000000;2;9563675331;B
20240208;100501;7300.000000000;15;9563675332;B
20240208;100501;7300.000000000;35;9563675333;B
20240208;100501;7300.000000000;10;9563675334;B
20240208;100501;7300.000000000;10;9563675335;B
20240208;100501;7300.000000000;24;9563675336;B
20240208;100501;7300.000000000;3;9563675337;B
20240208;100501;7300.000000000;15;9563675338;B
20240208;100501;7300.000000000;88;9563675339;B
20240208;100501;7300.000000000;1;9563675340;B
20240208;100501;7300.000000000;22;9563675341;B
20240208;100501;7298.000000000;1;9563675410;B
20240208;100501;7298.500000000;5;9563675516;B
20240208;100501;7299.500000000;2;9563675517;B
20240208;100501;7300.000000000;8;9563675518;B
20240208;100501;7300.000000000;5;9563675519;B
20240208;100501;7300.000000000;1;9563675520;B
20240208;100501;7300.000000000;29;9563675521;B
20240208;100501;7300.000000000;10;9563675540;B
20240208;100504;7300.000000000;1;9563676125;B
20240208;100506;7300.000000000;60;9563676566;B
20240208;100506;7300.000000000;1;9563676567;B
20240208;100506;7300.000000000;1;9563676568;B
20240208;100506;7300.000000000;40;9563676569;B
20240208;100506;7300.000000000;1;9563676570;B
20240208;100506;7300.000000000;1;9563676571;B
20240208;100506;7300.000000000;2;9563676572;B
20240208;100506;7300.000000000;94;9563676573;B
20240208;100507;7300.000000000;50;9563676873;B
20240208;100507;7300.000000000;6;9563676875;B
20240208;100507;7300.000000000;5;9563676876;B
20240208;100507;7300.000000000;14;9563676877;B
20240208;100507;7300.000000000;6;9563676891;B
20240208;100507;7300.000000000;3;9563676892;B
20240208;100507;7300.000000000;1;9563676893;B
20240208;100507;7300.000000000;2;9563676908;B
20240208;100507;7300.000000000;1;9563676909;B
20240208;100507;7300.000000000;7;9563676910;B
20240208;100507;7300.000000000;1;9563676911;B
20240208;100507;7300.000000000;1;9563676912;B
20240208;100507;7300.000000000;1;9563676913;B
20240208;100507;7300.000000000;1;9563676914;B
20240208;100507;7300.000000000;3;9563676915;B
20240208;100507;7300.000000000;2;9563676916;B
20240208;100507;7300.000000000;1;9563676917;B
20240208;100509;7299.500000000;1;9563677211;S
20240208;100509;7299.500000000;1;9563677212;S
20240208;100510;7300.000000000;1;9563677293;B
20240208;100510;7300.000000000;1;9563677294;B
20240208;100515;7299.500000000;1;9563678346;B
20240208;100515;7299.500000000;4;9563678393;B
20240208;100515;7300.000000000;6;9563678394;B
20240208;100519;7300.000000000;1;9563679186;B
20240208;100519;7300.000000000;3;9563679187;B
20240208;100520;7299.500000000;1;9563679226;B
20240208;100521;7299.000000000;1;9563679532;S
20240208;100521;7299.000000000;1;9563679533;S
20240208;100521;7299.000000000;1;9563679534;S
20240208;100521;7299.000000000;6;9563679560;B
20240208;100525;7299.000000000;1;9563680235;B
20240208;100528;7299.000000000;2;9563680817;B
20240208;100529;7299.000000000;1;9563680868;B
20240208;100534;7299.000000000;13;9563681865;B
20240208;100534;7299.000000000;6;9563681926;S
20240208;100535;7299.500000000;1;9563682109;B
20240208;100537;7299.000000000;3;9563682507;S
20240208;100540;7299.500000000;21;9563683049;B
20240208;100540;7300.000000000;1;9563683059;B
20240208;100540;7299.500000000;2;9563683086;S
20240208;100542;7299.500000000;16;9563683407;S
20240208;100542;7299.500000000;19;9563683408;S
20240208;100542;7299.500000000;1;9563683451;S
20240208;100542;7299.000000000;6;9563683452;S
20240208;100544;7300.000000000;1;9563683877;B
20240208;100546;7299.500000000;1;9563684247;S
20240208;100546;7299.500000000;39;9563684248;S
20240208;100549;7300.000000000;1;9563684927;B
20240208;100552;7299.000000000;27;9563685474;S
20240208;100554;7300.000000000;9;9563685737;B
20240208;100554;7300.000000000;1;9563685738;B
20240208;100554;7300.000000000;1;9563685778;B
20240208;100554;7300.000000000;204;9563685779;B
20240208;100554;7300.000000000;1;9563685780;B
20240208;100554;7300.000000000;2;9563685781;B
20240208;100554;7300.000000000;2;9563685782;B
20240208;100554;7300.000000000;1;9563685783;B
20240208;100554;7300.000000000;1;9563685784;B
20240208;100554;7300.000000000;10;9563685785;B
20240208;100554;7300.000000000;12;9563685786;B
20240208;100554;7300.000000000;1;9563685787;B
20240208;100554;7300.000000000;250;9563685788;B
20240208;100554;7300.000000000;1;9563685789;B
20240208;100554;7300.000000000;27;9563685790;B
20240208;100554;7300.500000000;1;9563685791;B
20240208;100554;7301.000000000;1;9563685792;B
20240208;100554;7301.000000000;2;9563685794;B
20240208;100554;7301.000000000;27;9563685795;B
20240208;100554;7301.500000000;2;9563685796;B
20240208;100554;7301.500000000;7;9563685797;B
20240208;100554;7301.500000000;141;9563685799;B
20240208;100554;7301.000000000;10;9563685800;S
20240208;100554;7301.000000000;5;9563685801;S
20240208;100554;7301.000000000;6;9563685802;S
20240208;100554;7301.000000000;11;9563685803;B
20240208;100554;7301.500000000;1;9563685814;B
20240208;100554;7301.500000000;1;9563685815;B
20240208;100554;7302.000000000;1;9563685824;B
20240208;100554;7302.500000000;4;9563685825;B
20240208;100554;7302.500000000;3;9563685826;B
20240208;100554;7302.500000000;1;9563685830;B
20240208;100554;7303.000000000;1;9563685831;B
20240208;100554;7303.000000000;5;9563685832;B
20240208;100554;7303.500000000;17;9563685833;B
20240208;100554;7303.500000000;10;9563685834;B
20240208;100554;7304.000000000;1;9563685835;B
20240208;100554;7304.000000000;18;9563685836;B
20240208;100554;7304.000000000;1;9563685837;B
20240208;100554;7304.000000000;1;9563685843;B
20240208;100554;7304.000000000;20;9563685849;B
20240208;100554;7304.500000000;4;9563685850;B
20240208;100554;7304.500000000;27;9563685851;B
20240208;100554;7304.500000000;12;9563685852;B
20240208;100554;7305.000000000;1;9563685853;B
20240208;100554;7305.000000000;3;9563685854;B
20240208;100554;7305.000000000;2;9563685855;B
20240208;100554;7305.000000000;1;9563685856;B
20240208;100554;7305.000000000;2;9563685857;B
20240208;100554;7305.000000000;5;9563685858;B
20240208;100554;7305.500000000;20;9563685859;B
20240208;100554;7306.000000000;10;9563685860;B
20240208;100554;7306.000000000;43;9563685861;S
20240208;100554;7303.000000000;10;9563685870;S
20240208;100554;7303.500000000;9;9563685879;S
20240208;100554;7303.500000000;1;9563685880;S
20240208;100554;7303.500000000;11;9563685881;S
20240208;100554;7300.500000000;9;9563685882;S
20240208;100555;7302.500000000;3;9563685920;S
20240208;100555;7305.500000000;1;9563685927;B
20240208;100555;7305.500000000;1;9563685930;B
20240208;100555;7302.500000000;6;9563685931;S
20240208;100555;7302.500000000;12;9563685932;S
20240208;100555;7302.500000000;16;9563685933;S
20240208;100555;7302.500000000;4;9563685935;S
20240208;100555;7302.000000000;6;9563685936;S
20240208;100555;7305.500000000;3;9563685943;B
20240208;100555;7305.500000000;5;9563685946;B
20240208;100555;7306.000000000;13;9563685947;B
20240208;100555;7306.500000000;2;9563685948;B
20240208;100555;7306.500000000;5;9563685961;B
20240208;100555;7306.500000000;1;9563685962;B
20240208;100555;7307.000000000;4;9563685963;B
20240208;100555;7307.000000000;2;9563685964;B
20240208;100555;7307.000000000;1;9563685965;B
20240208;100555;7307.000000000;4;9563685966;B
20240208;100555;7307.500000000;2;9563685967;B
20240208;100555;7308.000000000;1;9563685968;B
20240208;100555;7308.000000000;1;9563685969;B
20240208;100555;7308.000000000;1;9563685970;B
20240208;100555;7308.000000000;1;9563685971;B
20240208;100555;7308.000000000;2;9563685972;B
20240208;100555;7308.000000000;2;9563685973;B
20240208;100555;7308.500000000;1;9563685974;B
20240208;100555;7308.500000000;2;9563685975;B
20240208;100555;7308.500000000;10;9563685976;B
20240208;100555;7308.500000000;2;9563685977;B
20240208;100555;7308.500000000;1;9563685978;B
20240208;100555;7308.500000000;7;9563685981;B
20240208;100555;7303.000000000;3;9563685992;S
20240208;100555;7303.000000000;2;9563685993;S
20240208;100555;7303.000000000;15;9563685994;S
20240208;100555;7304.000000000;10;9563685995;S
20240208;100555;7302.500000000;7;9563685996;S
20240208;100555;7303.000000000;1;9563685997;S
20240208;100555;7305.000000000;1;9563686001;B
20240208;100555;7306.500000000;1;9563686005;S
20240208;100555;7308.000000000;4;9563686009;B
20240208;100555;7308.500000000;1;9563686010;B
20240208;100555;7309.000000000;4;9563686011;B
20240208;100555;7306.500000000;1;9563686042;S
20240208;100555;7304.000000000;1;9563686050;S
20240208;100555;7303.500000000;5;9563686064;S
20240208;100555;7305.000000000;3;9563686099;B
20240208;100555;7305.000000000;1;9563686100;B
20240208;100555;7306.500000000;1;9563686101;B
20240208;100556;7306.500000000;1;9563686114;S
20240208;100556;7304.000000000;1;9563686121;S
20240208;100556;7307.500000000;2;9563686129;B
20240208;100556;7307.500000000;19;9563686144;B
20240208;100556;7308.000000000;11;9563686145;B
20240208;100556;7308.000000000;3;9563686154;B
20240208;100556;7308.500000000;4;9563686155;B
20240208;100556;7308.500000000;2;9563686156;B
20240208;100556;7308.500000000;39;9563686157;B
20240208;100556;7308.500000000;2;9563686158;B
20240208;100556;7303.500000000;7;9563686213;S
20240208;100556;7303.000000000;4;9563686229;S
20240208;100556;7305.000000000;1;9563686270;B
20240208;100559;7305.000000000;3;9563686796;B
20240208;100559;7305.000000000;15;9563686894;B
20240208;100600;7305.000000000;10;9563687041;B
20240208;100600;7305.000000000;5;9563687059;S
20240208;100600;7303.500000000;1;9563687060;S
20240208;100600;7303.500000000;56;9563687061;S
20240208;100600;7303.000000000;8;9563687062;S
20240208;100601;7306.000000000;2;9563687184;B
20240208;100602;7305.000000000;1;9563687437;S
20240208;100607;7304.500000000;1;9563688556;S
20240208;100607;7303.500000000;2;9563688557;S
20240208;100610;7305.000000000;2;9563689413;B
20240208;100613;7302.500000000;3;9563690357;S
20240208;100615;7302.000000000;1;9563690752;S
20240208;100616;7303.500000000;1;9563690944;B
20240208;100616;7302.500000000;2;9563691079;S
20240208;100616;7302.000000000;26;9563691080;S
20240208;100622;7305.000000000;7;9563692178;B
20240208;100622;7305.500000000;20;9563692179;B
20240208;100622;7306.000000000;3;9563692180;B
20240208;100622;7306.000000000;1;9563692181;B
20240208;100622;7306.000000000;5;9563692182;B
20240208;100622;7307.000000000;14;9563692183;B
20240208;100625;7305.000000000;1;9563693079;S
20240208;100625;7306.500000000;4;9563693137;B
20240208;100627;7307.000000000;1;9563693512;B
20240208;100628;7306.500000000;1;9563693771;B
20240208;100628;7307.000000000;5;9563693772;B
20240208;100628;7305.500000000;1;9563693815;S
20240208;100628;7305.000000000;1;9563693816;S
20240208;100628;7305.000000000;23;9563693817;S
20240208;100629;7306.000000000;4;9563694073;S
20240208;100629;7305.000000000;6;9563694074;S
20240208;100630;7306.000000000;2;9563694366;B
20240208;100631;7306.500000000;67;9563694490;S
20240208;100631;7306.500000000;1;9563694565;S
20240208;100632;7307.500000000;1;9563694811;B
20240208;100633;7306.500000000;80;9563694920;S
20240208;100633;7305.000000000;20;9563694921;S
20240208;100633;7307.500000000;1;9563694958;B
20240208;100633;7307.500000000;1;9563694959;B
20240208;100633;7307.500000000;1;9563694960;B
20240208;100633;7307.500000000;1;9563694961;B
20240208;100633;7307.500000000;18;9563694962;B
20240208;100635;7305.000000000;1;9563695701;S
20240208;100637;7306.500000000;1;9563696382;B
20240208;100637;7307.000000000;1;9563696383;B
20240208;100637;7307.000000000;4;9563696384;B
20240208;100640;7307.000000000;9;9563697050;B
20240208;100640;7306.500000000;1;9563697100;B
20240208;100641;7306.500000000;1;9563697217;B
20240208;100641;7305.000000000;10;9563697230;S
20240208;100642;7306.500000000;2;9563697388;B
20240208;100644;7305.000000000;5;9563698042;S
20240208;100644;7305.000000000;35;9563698043;S
20240208;100644;7305.000000000;2;9563698044;S
20240208;100645;7305.500000000;4;9563698174;B
20240208;100645;7305.000000000;14;9563698316;S
20240208;100645;7305.000000000;7;9563698317;S
20240208;100645;7303.000000000;1;9563698351;S
20240208;100646;7303.000000000;25;9563698550;S
20240208;100646;7303.000000000;1;9563698595;S
20240208;100647;7305.000000000;12;9563698719;B
20240208;100647;7305.000000000;1;9563698720;S
20240208;100648;7305.000000000;1;9563698934;S
20240208;100648;7305.500000000;2;9563698966;B
20240208;100649;7305.000000000;3;9563699134;S
20240208;100649;7305.000000000;1;9563699220;S
20240208;100650;7305.000000000;1;9563699354;S
20240208;100651;7305.500000000;6;9563699530;B
20240208;100651;7305.000000000;3;9563699634;S
20240208;100653;7305.000000000;2;9563699934;S
20240208;100653;7305.500000000;21;9563700067;B
20240208;100653;7305.500000000;1;9563700068;B
20240208;100656;7305.000000000;1;9563700608;S
20240208;100656;7305.000000000;4;9563700656;S
20240208;100656;7305.000000000;20;9563700749;S
20240208;100656;7305.000000000;1;9563700764;S
20240208;100656;7305.000000000;1;9563700765;S
20240208;100656;7305.000000000;8;9563700766;S
20240208;100657;7305.000000000;7;9563700838;S
20240208;100657;7303.000000000;3;9563700839;S
20240208;100657;7303.000000000;20;9563700840;S
20240208;100657;7303.000000000;1;9563700841;S
20240208;100657;7303.000000000;1;9563700842;S
20240208;100657;7302.500000000;8;9563700843;S
20240208;100658;7304.500000000;4;9563701217;B
20240208;100700;7304.500000000;1;9563701498;B
20240208;100704;7303.500000000;7;9563702387;B
20240208;100706;7303.000000000;5;9563702785;S
20240208;100708;7303.500000000;14;9563703666;B
20240208;100708;7304.000000000;2;9563703667;B
20240208;100708;7304.000000000;4;9563703668;B
20240208;100708;7303.000000000;4;9563703829;S
20240208;100709;7303.000000000;54;9563704140;S
20240208;100711;7303.000000000;2;9563704413;S
20240208;100713;7303.500000000;1;9563705079;B
20240208;100714;7303.000000000;5;9563705118;S
20240208;100714;7303.500000000;2;9563705292;B
20240208;100714;7304.000000000;20;9563705293;B
20240208;100715;7303.000000000;14;9563705372;S
20240208;100716;7303.000000000;3;9563705882;S
20240208;100716;7303.000000000;1;9563705883;S
20240208;100719;7303.000000000;1;9563706909;S
20240208;100719;7303.000000000;4;9563706910;S
20240208;100723;7302.000000000;5;9563707990;S
20240208;100723;7302.000000000;3;9563708001;S
20240208;100723;7302.000000000;3;9563708013;S
20240208;100724;7302.000000000;1;9563708142;S
20240208;100725;7302.000000000;4;9563708465;S
20240208;100725;7302.000000000;30;9563708494;S
20240208;100725;7302.000000000;1;9563708555;S
20240208;100725;7302.000000000;36;9563708623;S
20240208;100725;7302.000000000;1;9563708624;S
20240208;100725;7302.000000000;1;9563708653;S
20240208;100725;7302.000000000;1;9563708654;S
20240208;100725;7302.000000000;30;9563708661;S
20240208;100726;7302.000000000;7;9563708812;S
20240208;100726;7302.000000000;1;9563708813;S
20240208;100726;7302.000000000;22;9563708814;S
20240208;100726;7302.500000000;1;9563708843;B
20240208;100726;7302.000000000;1;9563708881;S
20240208;100726;7302.000000000;1;9563708882;S
20240208;100727;7302.500000000;1;9563708951;B
20240208;100728;7302.500000000;1;9563709205;B
20240208;100728;7303.000000000;2;9563709296;B
20240208;100731;7302.000000000;5;9563709919;S
20240208;100735;7302.000000000;71;9563710533;S
20240208;100735;7301.500000000;1;9563710534;S
20240208;100735;7301.000000000;1;9563710535;S
20240208;100735;7301.000000000;3;9563710536;S
20240208;100735;7301.000000000;4;9563710537;S
20240208;100735;7301.000000000;49;9563710538;S
20240208;100735;7300.500000000;3;9563710539;S
20240208;100735;7300.500000000;1;9563710540;S
20240208;100735;7300.000000000;367;9563710541;S
20240208;100735;7301.500000000;21;9563710667;B
20240208;100735;7302.000000000;1;9563710668;B
20240208;100736;7300.000000000;4;9563710819;S
20240208;100737;7300.000000000;177;9563710985;S
20240208;100737;7300.000000000;1;9563710986;S
20240208;100737;7300.000000000;2;9563710987;S
20240208;100737;7300.000000000;1;9563710988;S
20240208;100737;7300.000000000;11;9563710989;S
20240208;100737;7300.000000000;7;9563710990;S
20240208;100737;7300.000000000;150;9563710991;S
20240208;100737;7300.000000000;20;9563710992;S
20240208;100737;7300.000000000;10;9563710993;S
20240208;100737;7300.000000000;1;9563710994;S
20240208;100737;7300.000000000;10;9563710995;S
20240208;100737;7299.000000000;95;9563710996;S
20240208;100737;7299.000000000;3;9563710997;S
20240208;100737;7299.000000000;1;9563710998;S
20240208;100737;7299.000000000;3;9563710999;S
20240208;100737;7298.500000000;2;9563711000;S
20240208;100737;7298.500000000;11;9563711001;S
20240208;100737;7298.500000000;8;9563711002;S
20240208;100737;7295.500000000;8;9563711007;S
20240208;100737;7295.500000000;7;9563711008;S
20240208;100738;7296.500000000;2;9563711142;S
20240208;100738;7295.500000000;11;9563711143;S
20240208;100743;7295.500000000;3;9563712538;S
20240208;100750;7298.000000000;1;9563713858;B
20240208;100750;7298.500000000;2;9563713859;B
20240208;100750;7299.000000000;7;9563713860;B
20240208;100756;7299.000000000;1;9563715306;B
20240208;100756;7299.000000000;1;9563715307;B
20240208;100756;7299.000000000;11;9563715308;B
20240208;100756;7299.500000000;1;9563715309;B
20240208;100756;7300.000000000;8;9563715310;B
20240208;100759;7297.500000000;1;9563716092;S
20240208;100800;7297.500000000;1;9563716240;S
20240208;100800;7297.000000000;1;9563716241;S
20240208;100800;7297.000000000;16;9563716242;S
20240208;100800;7296.500000000;10;9563716243;S
20240208;100803;7298.000000000;2;9563716932;S
20240208;100804;7298.000000000;3;9563717285;B
20240208;100805;7295.500000000;1;9563717515;S
20240208;100811;7296.500000000;1;9563719042;S
20240208;100811;7295.500000000;1;9563719043;S
20240208;100811;7295.500000000;1;9563719044;S
20240208;100811;7295.000000000;21;9563719045;S
20240208;100811;7295.500000000;1;9563719102;S
20240208;100813;7295.000000000;96;9563719839;S
20240208;100813;7295.000000000;20;9563719840;S
20240208;100813;7295.000000000;18;9563719841;S
20240208;100813;7295.000000000;1;9563719842;S
20240208;100813;7295.000000000;1;9563719843;S
20240208;100813;7295.000000000;1;9563719844;S
20240208;100814;7294.000000000;1;9563720165;S
20240208;100814;7293.500000000;20;9563720166;S
20240208;100814;7293.000000000;1;9563720167;S
20240208;100814;7293.000000000;28;9563720168;S
20240208;100815;7292.000000000;27;9563720408;S
20240208;100816;7291.500000000;100;9563720654;S
20240208;100817;7292.000000000;22;9563720959;B
20240208;100817;7291.500000000;30;9563721017;S
20240208;100820;7291.000000000;6;9563721534;S
20240208;100822;7290.500000000;1;9563721966;S
20240208;100822;7290.000000000;1;9563721967;S
20240208;100822;7290.000000000;46;9563721968;S
20240208;100822;7289.500000000;5;9563721969;S
20240208;100822;7289.500000000;8;9563721970;S
20240208;100823;7290.500000000;30;9563722163;B
20240208;100825;7290.000000000;1;9563722460;S
20240208;100826;7290.500000000;2;9563722899;B
20240208;100826;7290.500000000;68;9563722900;B
20240208;100828;7290.500000000;1;9563723221;S
20240208;100828;7290.000000000;47;9563723222;S
20240208;100828;7290.000000000;22;9563723223;S
20240208;100829;7290.000000000;69;9563723338;B
20240208;100829;7290.000000000;10;9563723358;B
20240208;100831;7289.500000000;12;9563723624;S
20240208;100831;7289.500000000;2;9563723625;S
20240208;100838;7289.500000000;45;9563724953;S
20240208;100838;7289.000000000;3;9563724954;S
20240208;100838;7289.000000000;39;9563724955;S
20240208;100838;7288.500000000;10;9563724956;S
20240208;100838;7288.000000000;2;9563724957;S
20240208;100838;7288.000000000;20;9563724958;S
20240208;100838;7287.500000000;27;9563724959;S
20240208;100838;7287.000000000;19;9563724960;S
20240208;100838;7287.000000000;2;9563724961;S
20240208;100838;7287.000000000;1;9563724962;S
20240208;100838;7287.000000000;1;9563724963;S
20240208;100838;7286.500000000;19;9563724964;S
20240208;100838;7286.500000000;1;9563724965;S
20240208;100838;7286.000000000;10;9563724966;S
20240208;100838;7286.000000000;50;9563724967;S
20240208;100838;7286.000000000;20;9563724968;S
20240208;100838;7285.500000000;4;9563724969;S
20240208;100838;7285.500000000;20;9563724970;S
20240208;100838;7285.500000000;2;9563724971;S
20240208;100838;7285.500000000;1;9563724972;S
20240208;100838;7285.500000000;10;9563724973;S
20240208;100838;7285.000000000;70;9563724974;S
20240208;100838;7290.000000000;21;9563725043;B
20240208;100838;7290.000000000;1;9563725044;B
20240208;100838;7286.000000000;2;9563725047;S
20240208;100838;7285.500000000;20;9563725063;S
20240208;100838;7285.500000000;1;9563725064;S
20240208;100838;7285.000000000;28;9563725094;S
20240208;100838;7289.500000000;1;9563725152;B
20240208;100840;7285.000000000;3;9563725450;S
20240208;100841;7285.000000000;9;9563725925;S
20240208;100842;7288.000000000;2;9563726118;B
20240208;100847;7289.000000000;10;9563727160;B
20240208;100848;7286.500000000;100;9563727345;B
20240208;100849;7285.500000000;1;9563727516;S
20240208;100849;7285.000000000;14;9563727517;S
20240208;100850;7285.000000000;376;9563727833;S
20240208;100850;7285.000000000;6;9563727834;S
20240208;100850;7285.000000000;1;9563727835;S
20240208;100850;7285.000000000;45;9563727836;S
20240208;100850;7285.000000000;20;9563727837;S
20240208;100850;7285.000000000;27;9563727838;S
20240208;100850;7285.000000000;1;9563727839;S
20240208;100850;7285.000000000;24;9563727840;B
20240208;100853;7285.500000000;10;9563728317;B
20240208;100853;7284.500000000;10;9563728349;S
20240208;100853;7284.500000000;1;9563728363;S
20240208;100856;7284.500000000;1;9563728816;S
20240208;100857;7284.500000000;1;9563728956;S
20240208;100857;7284.500000000;21;9563728957;S
20240208;100857;7284.000000000;5;9563728958;S
20240208;100857;7284.000000000;15;9563728959;S
20240208;100857;7284.000000000;45;9563728960;S
20240208;100857;7283.500000000;1;9563728961;S
20240208;100857;7283.500000000;1;9563728962;S
20240208;100857;7283.500000000;1;9563728963;S
20240208;100857;7283.500000000;10;9563728964;S
20240208;100857;7283.500000000;1;9563728965;S
20240208;100857;7283.500000000;4;9563728966;S
20240208;100857;7283.500000000;100;9563728967;S
20240208;100857;7283.500000000;150;9563728968;S
20240208;100857;7283.500000000;145;9563728969;S
20240208;100857;7283.500000000;5;9563728970;S
20240208;100857;7283.500000000;3;9563728971;S
20240208;100857;7283.500000000;2;9563729050;S
20240208;100857;7283.500000000;2;9563729051;S
20240208;100857;7283.500000000;15;9563729062;S
20240208;100859;7285.500000000;10;9563729301;B
20240208;100859;7287.500000000;12;9563729302;B
20240208;100900;7283.500000000;3;9563729452;S
20240208;100900;7284.000000000;20;9563729488;B
20240208;100900;7283.500000000;4;9563729513;S
20240208;100900;7283.500000000;1;9563729514;S
20240208;100905;7283.500000000;1;9563730106;S
20240208;100905;7283.500000000;2;9563730267;S
20240208;100911;7285.000000000;9;9563731528;S
20240208;100911;7284.000000000;16;9563731529;S
20240208;100913;7286.500000000;21;9563732089;B
20240208;100913;7287.000000000;6;9563732090;B
20240208;100913;7287.000000000;20;9563732091;B
20240208;100913;7287.500000000;10;9563732092;B
20240208;100913;7288.500000000;1;9563732093;B
20240208;100913;7288.500000000;20;9563732094;B
20240208;100913;7289.000000000;20;9563732095;B
20240208;100913;7289.000000000;10;9563732096;B
20240208;100913;7289.500000000;2;9563732097;B
20240208;100913;7290.500000000;14;9563732098;B
20240208;100913;7291.000000000;50;9563732099;B
20240208;100913;7291.000000000;20;9563732100;B
20240208;100913;7291.500000000;10;9563732101;B
20240208;100913;7292.000000000;1;9563732102;B
20240208;100917;7285.500000000;3;9563732883;S
20240208;100920;7290.000000000;21;9563733562;B
20240208;100920;7290.500000000;1;9563733563;B
20240208;100928;7286.000000000;4;9563735219;S
20240208;100928;7286.000000000;2;9563735220;S
20240208;100928;7285.500000000;7;9563735221;S
20240208;100928;7285.000000000;37;9563735222;S
20240208;100928;7289.000000000;1;9563735340;B
20240208;100930;7284.500000000;4;9563735657;S
20240208;100930;7284.000000000;1;9563735658;S
20240208;100930;7284.000000000;1;9563735659;S
20240208;100930;7284.000000000;15;9563735660;S
20240208;100931;7284.000000000;4;9563735836;S
20240208;100931;7284.000000000;8;9563735837;S
20240208;100934;7285.000000000;3;9563736554;S
20240208;100934;7284.500000000;41;9563736555;S
20240208;100934;7284.000000000;2;9563736556;S
20240208;100934;7283.500000000;32;9563736557;S
20240208;100934;7283.500000000;11;9563736576;S
20240208;100941;7288.000000000;20;9563737853;B
20240208;100941;7288.500000000;2;9563737854;B
20240208;100941;7285.500000000;2;9563737865;S
20240208;100941;7285.000000000;21;9563737866;S
20240208;100941;7285.000000000;40;9563737867;S
20240208;100941;7284.500000000;10;9563737868;S
20240208;100941;7284.000000000;10;9563737869;S
20240208;100941;7284.000000000;17;9563737870;S
20240208;100948;7286.000000000;9;9563739436;S
20240208;100948;7286.000000000;12;9563739439;S
20240208;100948;7286.000000000;1;9563739440;S
20240208;100948;7285.500000000;10;9563739441;S
20240208;100948;7285.500000000;40;9563739442;S
20240208;100948;7284.000000000;61;9563739443;S
20240208;100957;7288.000000000;1;9563741062;B
20240208;100957;7288.000000000;21;9563741063;B
20240208;100957;7288.500000000;5;9563741064;B
20240208;101002;7288.500000000;5;9563742186;B
20240208;101002;7289.000000000;17;9563742187;B
20240208;101007;7288.500000000;4;9563743394;B
20240208;101007;7288.500000000;9;9563743395;B
20240208;101007;7289.500000000;6;9563743396;B
20240208;101008;7287.000000000;5;9563743694;S
20240208;101009;7287.000000000;5;9563743909;S
20240208;101020;7289.500000000;44;9563746152;B
20240208;101020;7290.000000000;13;9563746153;B
20240208;101020;7290.000000000;200;9563746154;B
20240208;101020;7290.000000000;1;9563746155;B
20240208;101020;7292.000000000;75;9563746161;B
20240208;101020;7292.500000000;27;9563746162;B
20240208;101020;7292.500000000;18;9563746163;B
20240208;101020;7291.500000000;3;9563746271;S
20240208;101021;7291.500000000;17;9563746353;S
20240208;101021;7291.500000000;10;9563746354;S
20240208;101021;7291.500000000;20;9563746355;S
20240208;101021;7291.000000000;5;9563746356;S
20240208;101021;7290.500000000;21;9563746357;S
20240208;101021;7290.000000000;27;9563746358;S
20240208;101021;7292.500000000;5;9563746462;B
20240208;101021;7293.000000000;5;9563746463;B
20240208;101022;7293.000000000;10;9563746704;B
20240208;101022;7293.000000000;15;9563746743;B
20240208;101022;7295.500000000;7;9563746744;B
20240208;101023;7296.000000000;1;9563746794;B
20240208;101023;7296.500000000;4;9563746854;B
20240208;101024;7296.500000000;2;9563746988;B
20240208;101025;7296.500000000;1;9563747113;B
20240208;101027;7294.500000000;1;9563747594;S
20240208;101027;7294.500000000;10;9563747595;S
20240208;101027;7294.000000000;2;9563747596;S
20240208;101027;7293.500000000;5;9563747597;S
20240208;101031;7295.000000000;10;9563748678;S
20240208;101031;7293.500000000;5;9563748679;S
20240208;101033;7293.500000000;5;9563748967;S
20240208;101039;7296.500000000;43;9563750116;B
20240208;101039;7298.000000000;1;9563750117;B
20240208;101039;7298.000000000;11;9563750118;B
20240208;101039;7298.000000000;20;9563750119;B
20240208;101039;7298.500000000;14;9563750120;B
20240208;101039;7298.500000000;41;9563750121;B
20240208;101039;7299.000000000;85;9563750122;B
20240208;101039;7299.000000000;1;9563750123;B
20240208;101039;7299.500000000;1;9563750124;B
20240208;101039;7299.500000000;80;9563750125;B
20240208;101039;7300.000000000;10;9563750126;B
20240208;101039;7300.000000000;16;9563750127;B
20240208;101039;7300.000000000;100;9563750128;B
20240208;101039;7300.000000000;76;9563750129;B
20240208;101039;7300.000000000;4;9563750130;B
20240208;101040;7299.000000000;4;9563750281;B
20240208;101040;7299.500000000;44;9563750282;B
20240208;101043;7299.500000000;6;9563751047;B
20240208;101043;7299.500000000;2;9563751048;B
20240208;101043;7300.000000000;14;9563751049;B
20240208;101043;7296.000000000;1;9563751051;S
20240208;101043;7296.000000000;19;9563751052;S
20240208;101043;7295.500000000;1;9563751053;S
20240208;101043;7295.500000000;10;9563751054;S
20240208;101043;7295.000000000;4;9563751055;S
20240208;101044;7299.500000000;8;9563751111;B
20240208;101044;7300.000000000;45;9563751112;B
20240208;101044;7300.000000000;15;9563751113;B
20240208;101044;7300.000000000;10;9563751114;B
20240208;101044;7300.000000000;5;9563751115;B
20240208;101044;7300.000000000;30;9563751116;B
20240208;101044;7300.000000000;2;9563751117;B
20240208;101044;7300.000000000;92;9563751118;B
20240208;101044;7300.000000000;1;9563751119;B
20240208;101044;7300.000000000;180;9563751120;B
20240208;101044;7300.000000000;12;9563751121;S
20240208;101044;7300.000000000;1;9563751189;S
20240208;101044;7300.000000000;1;9563751199;S
20240208;101045;7300.500000000;1;9563751249;B
20240208;101045;7300.500000000;2;9563751250;B
20240208;101045;7301.000000000;90;9563751251;B
20240208;101045;7301.000000000;2;9563751252;B
20240208;101045;7302.000000000;5;9563751253;B
20240208;101045;7302.000000000;1;9563751254;B
20240208;101045;7302.000000000;6;9563751255;S
20240208;101045;7302.500000000;4;9563751272;B
20240208;101045;7303.000000000;1;9563751273;B
20240208;101045;7303.000000000;4;9563751274;B
20240208;101045;7303.500000000;2;9563751275;B
20240208;101045;7304.500000000;20;9563751276;B
20240208;101045;7305.000000000;10;9563751277;B
20240208;101045;7305.000000000;1;9563751278;B
20240208;101045;7305.000000000;1;9563751279;B
20240208;101045;7305.000000000;7;9563751280;B
20240208;101048;7303.500000000;3;9563751882;B
20240208;101049;7302.500000000;15;9563751947;S
20240208;101102;7302.000000000;1;9563754865;B
20240208;101104;7302.000000000;8;9563755316;B
20240208;101104;7302.500000000;3;9563755317;B
20240208;101104;7303.000000000;10;9563755318;B
20240208;101104;7303.000000000;1;9563755319;B
20240208;101107;7300.500000000;1;9563755925;S
20240208;101107;7300.500000000;13;9563755926;S
20240208;101107;7300.000000000;17;9563755927;S
20240208;101107;7298.500000000;40;9563755928;S
20240208;101107;7298.000000000;9;9563755929;S
20240208;101107;7297.500000000;58;9563755930;S
20240208;101107;7297.000000000;1;9563755931;S
20240208;101107;7301.000000000;20;9563755941;B
20240208;101109;7301.500000000;1;9563756394;B
20240208;101113;7297.000000000;3;9563757432;S
20240208;101114;7301.000000000;3;9563757597;B
20240208;101115;7301.000000000;1;9563757877;B
20240208;101121;7301.000000000;2;9563759357;B
20240208;101121;7301.000000000;15;9563759358;B
20240208;101121;7301.500000000;20;9563759359;B
20240208;101121;7302.000000000;30;9563759360;B
20240208;101122;7302.000000000;6;9563759649;S
20240208;101124;7297.500000000;3;9563759901;S
20240208;101124;7297.000000000;1;9563759902;S
20240208;101124;7297.000000000;20;9563759903;S
20240208;101124;7296.500000000;7;9563759904;S
20240208;101124;7297.000000000;2;9563759911;S
20240208;101125;7300.000000000;1;9563760252;B
20240208;101125;7300.500000000;6;9563760253;B
20240208;101125;7301.000000000;15;9563760254;B
20240208;101138;7297.500000000;1;9563762618;B
20240208;101139;7297.000000000;3;9563762965;S
20240208;101145;7295.500000000;3;9563764236;S
20240208;101146;7297.500000000;1;9563764414;B
20240208;101146;7298.000000000;12;9563764415;B
20240208;101146;7298.500000000;1;9563764416;B
20240208;101146;7298.500000000;8;9563764417;B
20240208;101147;7295.500000000;7;9563764607;S
20240208;101150;7298.000000000;6;9563765593;B
20240208;101150;7298.500000000;13;9563765594;B
20240208;101150;7298.500000000;5;9563765595;B
20240208;101150;7299.000000000;40;9563765596;B
20240208;101150;7299.000000000;36;9563765597;B
20240208;101152;7297.000000000;1;9563765784;B
20240208;101152;7298.000000000;3;9563765785;B
20240208;101152;7299.000000000;16;9563765786;B
20240208;101156;7299.500000000;500;9563766608;B
20240208;101157;7299.000000000;1;9563766796;S
20240208;101159;7296.500000000;20;9563767239;S
20240208;101204;7297.000000000;2;9563768501;S
20240208;101207;7297.500000000;1;9563768997;B
20240208;101207;7298.500000000;9;9563768998;B
20240208;101207;7299.000000000;12;9563768999;B
20240208;101212;7297.000000000;1;9563770024;S
20240208;101212;7297.000000000;5;9563770025;S
20240208;101212;7297.000000000;2;9563770026;S
20240208;101213;7297.000000000;1;9563770243;S
20240208;101213;7298.500000000;1;9563770246;B
20240208;101213;7298.500000000;21;9563770247;B
20240208;101213;7299.000000000;8;9563770248;B
20240208;101213;7299.000000000;31;9563770249;B
20240208;101213;7299.500000000;539;9563770250;B
20240208;101216;7297.000000000;2;9563770847;S
20240208;101216;7297.000000000;1;9563770848;S
20240208;101216;7297.000000000;12;9563770849;S
20240208;101224;7298.000000000;30;9563772589;B
20240208;101224;7299.000000000;1;9563772593;B
20240208;101228;7299.000000000;20;9563773565;B
20240208;101228;7299.000000000;2;9563773566;B
20240208;101229;7297.500000000;1;9563773789;S
20240208;101234;7297.500000000;1;9563774505;S
20240208;101234;7298.500000000;5;9563774580;B
20240208;101236;7299.000000000;2;9563775084;B
20240208;101237;7299.000000000;1;9563775121;B
20240208;101237;7299.000000000;1;9563775122;B
20240208;101238;7298.500000000;11;9563775305;S
20240208;101238;7298.000000000;21;9563775306;S
20240208;101238;7297.500000000;25;9563775307;S
20240208;101238;7297.000000000;100;9563775308;S
20240208;101238;7297.000000000;7;9563775309;S
20240208;101238;7297.000000000;26;9563775310;S
20240208;101249;7297.000000000;22;9563777214;B
20240208;101253;7297.000000000;58;9563778182;B
20240208;101254;7297.000000000;30;9563778434;B
20240208;101254;7297.000000000;2;9563778435;B
20240208;101254;7297.000000000;1;9563778436;B
20240208;101254;7297.000000000;1;9563778437;B
20240208;101254;7297.000000000;3;9563778438;S
20240208;101255;7297.000000000;6;9563778703;S
20240208;101257;7297.000000000;1;9563779182;S
20240208;101258;7297.000000000;2;9563779242;S
20240208;101258;7297.000000000;1;9563779258;S
20240208;101258;7297.000000000;1;9563779324;S
20240208;101300;7297.000000000;1;9563779726;S
20240208;101301;7297.000000000;10;9563779909;S
20240208;101305;7297.000000000;2;9563780858;S
20240208;101305;7296.000000000;2;9563780859;S
20240208;101306;7297.500000000;2;9563780913;B
20240208;101309;7296.000000000;5;9563781705;S
20240208;101309;7296.000000000;17;9563781706;S
20240208;101310;7297.000000000;20;9563781891;B
20240208;101310;7297.000000000;2;9563781892;B
20240208;101313;7296.000000000;5;9563782366;S
20240208;101318;7296.000000000;5;9563783221;S
20240208;101318;7296.000000000;10;9563783222;S
20240208;101319;7296.000000000;3;9563783312;B
20240208;101320;7295.500000000;1;9563783565;S
20240208;101331;7296.000000000;22;9563785347;B
20240208;101332;7295.500000000;4;9563785538;S
20240208;101334;7296.000000000;10;9563785877;B
20240208;101335;7295.500000000;5;9563786031;S
20240208;101335;7295.500000000;10;9563786032;S
20240208;101335;7296.000000000;2;9563786125;B
20240208;101336;7295.500000000;10;9563786575;S
20240208;101336;7295.000000000;4;9563786576;S
20240208;101336;7295.000000000;2;9563786577;S
20240208;101336;7295.000000000;1;9563786578;S
20240208;101336;7294.500000000;26;9563786579;S
20240208;101336;7294.000000000;4;9563786580;S
20240208;101336;7294.000000000;3;9563786581;S
20240208;101336;7293.000000000;55;9563786582;S
20240208;101345;7295.000000000;5;9563788254;S
20240208;101350;7295.500000000;1;9563789170;B
20240208;101351;7296.000000000;1;9563789444;B
20240208;101352;7296.000000000;7;9563789530;B
20240208;101352;7296.500000000;15;9563789531;B
20240208;101352;7295.500000000;1;9563789535;S
20240208;101352;7296.500000000;1;9563790032;B
20240208;101353;7296.500000000;1;9563790117;B
20240208;101353;7296.500000000;3;9563790118;B
20240208;101353;7296.500000000;1;9563790200;S
20240208;101353;7297.000000000;1;9563790201;B
20240208;101353;7297.000000000;1;9563790202;B
20240208;101400;7296.500000000;9;9563791461;S
20240208;101400;7296.500000000;11;9563791462;S
20240208;101412;7293.000000000;10;9563793734;S
20240208;101412;7293.000000000;27;9563793735;S
20240208;101412;7292.500000000;11;9563793736;S
20240208;101412;7292.000000000;16;9563793737;S
20240208;101412;7292.000000000;3;9563793738;S
20240208;101412;7295.000000000;12;9563793810;B
20240208;101412;7295.500000000;10;9563793811;B
20240208;101421;7293.500000000;7;9563795254;S
20240208;101424;7293.000000000;15;9563795640;S
20240208;101425;7293.000000000;5;9563795767;B
20240208;101425;7293.000000000;1;9563795768;B
20240208;101425;7293.500000000;3;9563795769;B
20240208;101428;7293.500000000;5;9563796324;S
20240208;101429;7293.500000000;4;9563796514;S
20240208;101429;7293.000000000;4;9563796515;S
20240208;101429;7293.000000000;20;9563796516;S
20240208;101429;7293.000000000;27;9563796517;S
20240208;101429;7292.500000000;10;9563796518;S
20240208;101429;7292.500000000;1;9563796519;S
20240208;101429;7292.000000000;1;9563796520;S
20240208;101429;7292.000000000;52;9563796521;S
20240208;101429;7291.500000000;100;9563796522;S
20240208;101429;7291.000000000;10;9563796523;S
20240208;101429;7291.000000000;8;9563796524;S
20240208;101429;7291.000000000;20;9563796525;S
20240208;101429;7290.500000000;10;9563796526;S
20240208;101429;7290.500000000;4;9563796527;S
20240208;101429;7290.500000000;2;9563796528;S
20240208;101429;7290.500000000;50;9563796529;S
20240208;101429;7290.500000000;20;9563796530;S
20240208;101429;7290.000000000;257;9563796531;S
20240208;101433;7294.500000000;7;9563797057;B
20240208;101433;7293.500000000;21;9563797156;B
20240208;101433;7294.000000000;1;9563797157;B
20240208;101433;7293.500000000;10;9563797167;B
20240208;101434;7292.500000000;4;9563797275;B
20240208;101436;7292.000000000;4;9563797511;S
20240208;101436;7291.500000000;2;9563797512;S
20240208;101440;7291.500000000;1;9563798285;S
20240208;101441;7291.500000000;1;9563798453;S
20240208;101441;7291.000000000;20;9563798454;S
20240208;101441;7291.000000000;25;9563798455;S
20240208;101444;7290.500000000;20;9563798945;S
20240208;101444;7292.000000000;1;9563798949;B
20240208;101446;7290.500000000;3;9563799379;S
20240208;101448;7291.000000000;1;9563799758;B
20240208;101449;7292.500000000;1;9563800063;B
20240208;101450;7292.000000000;10;9563800088;S
20240208;101450;7292.000000000;5;9563800089;S
20240208;101450;7291.000000000;1;9563800090;S
20240208;101450;7291.000000000;10;9563800091;S
20240208;101450;7290.500000000;24;9563800092;S
20240208;101450;7290.500000000;20;9563800093;S
20240208;101450;7290.000000000;930;9563800094;S
20240208;101452;7291.500000000;10;9563800533;S
20240208;101452;7292.000000000;2;9563800697;B
20240208;101454;7292.000000000;1;9563801064;B
20240208;101454;7292.000000000;5;9563801065;B
20240208;101454;7292.500000000;16;9563801066;B
20240208;101454;7291.000000000;10;9563801100;S
20240208;101454;7291.000000000;6;9563801101;S
20240208;101454;7291.000000000;5;9563801102;S
20240208;101454;7290.500000000;27;9563801103;S
20240208;101454;7290.500000000;1;9563801104;S
20240208;101454;7290.500000000;1;9563801105;S
20240208;101454;7290.000000000;828;9563801106;S
20240208;101454;7290.000000000;1;9563801107;S
20240208;101454;7290.000000000;41;9563801108;S
20240208;101455;7291.000000000;1;9563801358;S
20240208;101456;7291.000000000;2;9563801380;S
20240208;101457;7292.000000000;13;9563801756;B
20240208;101457;7292.000000000;5;9563801757;B
20240208;101457;7292.000000000;1;9563801815;S
20240208;101500;7292.500000000;2;9563802383;B
20240208;101500;7292.000000000;1;9563802483;S
20240208;101500;7292.000000000;1;9563802489;S
20240208;101503;7292.500000000;1;9563803388;B
20240208;101503;7291.000000000;1;9563803397;S
20240208;101509;7292.500000000;32;9563805502;B
20240208;101513;7291.500000000;1;9563806600;S
20240208;101514;7291.000000000;1;9563806904;S
20240208;101514;7291.000000000;1;9563806949;S
20240208;101514;7290.500000000;2;9563806990;S
20240208;101515;7292.500000000;22;9563807248;B
20240208;101518;7292.000000000;5;9563808465;B
20240208;101518;7292.500000000;88;9563808466;B
20240208;101518;7293.000000000;1;9563808467;B
20240208;101518;7293.500000000;20;9563808468;B
20240208;101518;7294.500000000;20;9563808469;B
20240208;101518;7295.000000000;1;9563808470;B
20240208;101518;7295.500000000;6;9563808471;B
20240208;101518;7296.000000000;57;9563808472;B
20240208;101518;7297.000000000;3;9563808473;B
20240208;101518;7297.000000000;3;9563808474;B
20240208;101518;7297.000000000;20;9563808475;B
20240208;101518;7297.500000000;38;9563808476;B
20240208;101518;7297.500000000;1;9563808477;B
20240208;101518;7298.000000000;1;9563808478;B
20240208;101518;7298.000000000;4;9563808479;B
20240208;101518;7298.000000000;1;9563808480;B
20240208;101518;7298.500000000;58;9563808481;B
20240208;101518;7299.000000000;4;9563808482;B
20240208;101518;7299.000000000;1;9563808483;B
20240208;101518;7299.000000000;70;9563808484;B
20240208;101518;7299.000000000;500;9563808485;B
20240208;101518;7299.000000000;20;9563808486;B
20240208;101518;7299.500000000;78;9563808487;B
20240208;101525;7297.500000000;1;9563810390;B
20240208;101525;7297.500000000;1;9563810391;B
20240208;101525;7297.500000000;2;9563810456;B
20240208;101525;7298.000000000;1;9563810457;B
20240208;101526;7295.000000000;10;9563810565;S
20240208;101534;7294.500000000;1;9563813038;S
20240208;101536;7298.000000000;5;9563813569;B
20240208;101536;7298.500000000;8;9563813570;B
20240208;101536;7299.000000000;9;9563813571;B
20240208;101536;7298.500000000;3;9563813583;B
20240208;101544;7295.500000000;21;9563816337;S
20240208;101544;7295.500000000;10;9563816338;S
20240208;101544;7295.000000000;250;9563816339;S
20240208;101544;7295.000000000;1;9563816340;S
20240208;101546;7295.000000000;50;9563816886;B
20240208;101549;7295.000000000;10;9563817876;B
20240208;101551;7295.000000000;1;9563818424;B
20240208;101554;7294.500000000;5;9563819029;S
20240208;101554;7294.500000000;2;9563819030;S
20240208;101557;7295.000000000;5;9563819894;B
20240208;101557;7295.000000000;2;9563819899;B
20240208;101557;7297.000000000;8;9563819904;B
20240208;101557;7298.000000000;1;9563819905;B
20240208;101557;7298.500000000;1;9563819906;B
20240208;101557;7298.500000000;5;9563819907;B
20240208;101557;7299.000000000;7;9563819908;B
20240208;101558;7295.500000000;1;9563820176;S
20240208;101604;7299.000000000;1;9563821913;B
20240208;101605;7298.500000000;20;9563822188;S
20240208;101607;7299.000000000;2;9563822603;B
20240208;101609;7299.000000000;1;9563823270;B
20240208;101609;7299.000000000;3;9563823298;B
20240208;101612;7298.500000000;1;9563823964;S
20240208;101612;7298.500000000;1;9563823995;S
20240208;101613;7298.500000000;5;9563824246;S
20240208;101615;7298.500000000;20;9563824694;S
20240208;101618;7299.000000000;2;9563825491;B
20240208;101618;7299.000000000;20;9563825492;B
20240208;101618;7299.000000000;1;9563825534;B
20240208;101618;7299.500000000;273;9563825535;B
20240208;101618;7299.500000000;5;9563825536;B
20240208;101618;7299.500000000;21;9563825537;B
20240208;101626;7298.500000000;1;9563827130;S
20240208;101629;7298.500000000;4;9563827504;S
20240208;101631;7298.500000000;5;9563827919;S
20240208;101635;7298.500000000;2;9563828973;S
20240208;101636;7299.000000000;5;9563829265;B
20240208;101637;7299.500000000;30;9563829332;B
20240208;101637;7298.500000000;1;9563829374;S
20240208;101639;7299.500000000;22;9563829833;B
20240208;101644;7299.500000000;3;9563831027;B
20240208;101649;7299.500000000;2;9563832088;B
20240208;101653;7299.500000000;100;9563832951;B
20240208;101656;7299.000000000;1;9563833825;B
20240208;101657;7299.000000000;1;9563833948;B
20240208;101658;7299.000000000;1;9563834044;B
20240208;101659;7299.500000000;1;9563834264;B
20240208;101700;7299.000000000;10;9563834566;B
20240208;101700;7299.000000000;5;9563834567;B
20240208;101700;7299.500000000;7;9563834568;B
20240208;101721;7299.000000000;5;9563839327;B
20240208;101721;7299.000000000;17;9563839328;B
20240208;101725;7299.000000000;3;9563840657;B
20240208;101725;7299.000000000;5;9563840658;B
20240208;101725;7299.000000000;4;9563840659;B
20240208;101725;7299.500000000;386;9563840660;B
20240208;101725;7299.500000000;2;9563840661;B
20240208;101726;7299.500000000;80;9563840685;B
20240208;101737;7298.000000000;83;9563844267;S
20240208;101742;7298.000000000;22;9563845354;B
20240208;101746;7298.000000000;1;9563846451;B
20240208;101748;7298.000000000;3;9563846859;B
20240208;101748;7296.500000000;2;9563846905;S
20240208;101749;7298.000000000;2;9563846977;B
20240208;101759;7296.500000000;2;9563848991;S
20240208;101800;7296.500000000;1;9563849185;B
20240208;101800;7297.500000000;1;9563849186;B
20240208;101802;7298.000000000;22;9563849904;B
20240208;101806;7298.000000000;10;9563851765;B
20240208;101814;7298.000000000;1;9563853826;B
20240208;101815;7298.000000000;4;9563854332;B
20240208;101823;7298.000000000;2;9563856171;B
20240208;101823;7298.000000000;2;9563856172;B
20240208;101823;7298.000000000;1;9563856173;B
20240208;101823;7298.000000000;1;9563856174;B
20240208;101823;7298.000000000;3;9563856175;B
20240208;101823;7298.000000000;9;9563856176;B
20240208;101823;7299.000000000;4;9563856177;B
20240208;101825;7299.000000000;1;9563856469;B
20240208;101825;7299.000000000;1;9563856470;B
20240208;101825;7297.000000000;21;9563856620;S
20240208;101825;7296.500000000;24;9563856621;S
20240208;101825;7296.500000000;14;9563856622;S
20240208;101825;7296.000000000;2;9563856623;S
20240208;101825;7296.000000000;9;9563856624;B
20240208;101836;7296.000000000;3;9563859220;B
20240208;101844;7299.000000000;6;9563861242;B
20240208;101844;7299.000000000;3;9563861243;B
20240208;101844;7299.000000000;4;9563861244;B
20240208;101844;7299.000000000;7;9563861245;B
20240208;101844;7299.500000000;2;9563861246;B
20240208;101852;7298.000000000;4;9563862767;S
20240208;101856;7299.000000000;3;9563863593;B
20240208;101900;7298.000000000;5;9563864438;S
20240208;101905;7298.000000000;5;9563865564;B
20240208;101905;7298.000000000;2;9563865580;B
20240208;101905;7299.000000000;20;9563865581;B
20240208;101905;7296.500000000;1;9563865628;S
20240208;101907;7296.500000000;1;9563865978;S
20240208;101914;7299.500000000;10;9563867645;B
20240208;101914;7299.500000000;3;9563867646;B
20240208;101914;7299.500000000;13;9563867647;B
20240208;101915;7299.500000000;15;9563867947;B
20240208;101919;7299.500000000;2;9563868768;B
20240208;101919;7299.500000000;3;9563868802;B
20240208;101919;7299.500000000;20;9563868803;B
20240208;101919;7300.000000000;20;9563868804;B
20240208;101919;7300.000000000;17;9563868805;B
20240208;101919;7300.000000000;1;9563868806;B
20240208;101919;7300.000000000;2;9563868807;B
20240208;101919;7300.000000000;1;9563868808;B
20240208;101919;7300.000000000;1;9563868809;B
20240208;101919;7300.000000000;6;9563868810;B
20240208;101919;7300.000000000;13;9563868811;B
20240208;101919;7300.000000000;3;9563868812;B
20240208;101919;7300.000000000;2;9563868813;B
20240208;101919;7300.000000000;100;9563868814;B
20240208;101919;7300.000000000;50;9563868815;B
20240208;101919;7300.000000000;3;9563868816;B
20240208;101919;7300.000000000;1;9563868817;B
20240208;101919;7300.000000000;1;9563868818;B
20240208;101919;7300.000000000;100;9563868819;B
20240208;101919;7300.000000000;1;9563868820;B
20240208;101919;7300.000000000;1;9563868821;B
20240208;101919;7300.000000000;2;9563868822;B
20240208;101919;7300.000000000;16;9563868823;B
20240208;101919;7300.000000000;236;9563868824;B
20240208;101919;7300.000000000;64;9563868828;B
20240208;101919;7300.000000000;2;9563868829;B
20240208;101919;7300.000000000;1;9563868830;B
20240208;101919;7300.000000000;13;9563868831;B
20240208;101919;7300.000000000;13;9563868832;B
20240208;101919;7300.000000000;14;9563868833;B
20240208;101919;7300.000000000;1;9563868834;B
20240208;101919;7301.000000000;1;9563868835;B
20240208;101919;7301.000000000;1;9563868836;B
20240208;101919;7301.000000000;1;9563868837;B
20240208;101919;7301.000000000;2;9563868838;B
20240208;101919;7302.500000000;10;9563868860;B
20240208;101919;7303.000000000;1;9563868861;B
20240208;101919;7303.500000000;4;9563868862;B
20240208;101919;7304.000000000;1;9563868863;B
20240208;101919;7304.000000000;10;9563868864;B
20240208;101919;7304.000000000;4;9563868865;B
20240208;101919;7304.500000000;70;9563868866;B
20240208;101920;7304.500000000;10;9563868934;B
20240208;101920;7301.000000000;1;9563868936;S
20240208;101920;7304.500000000;2;9563868955;B
20240208;101920;7304.500000000;1;9563869061;B
20240208;101921;7304.500000000;17;9563869278;B
20240208;101921;7304.500000000;20;9563869279;B
20240208;101921;7305.000000000;13;9563869280;B
20240208;101924;7305.000000000;1;9563869770;B
20240208;101926;7304.500000000;1;9563870070;B
20240208;101926;7305.000000000;22;9563870168;B
20240208;101930;7304.500000000;2;9563870952;S
20240208;101930;7304.000000000;1;9563870953;S
20240208;101930;7305.000000000;1;9563870961;B
20240208;101933;7305.000000000;13;9563871685;B
20240208;101933;7305.000000000;1;9563871686;B
20240208;101935;7304.500000000;19;9563872177;S
20240208;101935;7303.500000000;9;9563872178;S
20240208;101939;7303.500000000;21;9563872931;S
20240208;101939;7303.000000000;27;9563872932;S
20240208;101939;7303.000000000;1;9563872933;S
20240208;101942;7303.000000000;1;9563873832;B
20240208;101945;7303.000000000;5;9563874372;B
20240208;101945;7303.000000000;2;9563874381;B
20240208;101945;7303.000000000;400;9563874477;B
20240208;101945;7303.000000000;8;9563874478;B
20240208;101947;7303.000000000;22;9563874914;B
20240208;101956;7303.000000000;13;9563877258;B
20240208;101957;7303.000000000;87;9563877351;S
20240208;101957;7303.000000000;10;9563877352;S
20240208;101957;7302.000000000;1;9563877353;S
20240208;101957;7302.000000000;2;9563877354;S
20240208;102000;7302.000000000;8;9563877882;S
20240208;102001;7302.000000000;12;9563878214;B
20240208;102001;7303.000000000;1;9563878215;B
20240208;102001;7303.000000000;3;9563878216;B
20240208;102001;7303.000000000;1;9563878217;B
20240208;102001;7303.000000000;3;9563878218;B
20240208;102001;7304.000000000;8;9563878219;B
20240208;102004;7301.000000000;1;9563878837;S
20240208;102004;7303.500000000;3;9563878883;B
20240208;102008;7303.500000000;10;9563879704;B
20240208;102008;7304.000000000;9;9563879705;B
20240208;102008;7304.000000000;3;9563879706;B
20240208;102008;7301.000000000;1;9563879801;S
20240208;102009;7303.500000000;10;9563879895;B
20240208;102010;7303.500000000;1;9563880153;S
20240208;102011;7303.500000000;1;9563880517;S
20240208;102011;7303.500000000;1;9563880606;S
20240208;102012;7304.000000000;1;9563880650;B
20240208;102012;7303.500000000;1;9563880731;S
20240208;102013;7303.500000000;1;9563880906;S
20240208;102013;7303.500000000;4;9563880912;B
20240208;102013;7303.500000000;10;9563880913;B
20240208;102013;7304.500000000;3;9563880914;B
20240208;102013;7304.500000000;12;9563880915;B
20240208;102013;7305.000000000;9;9563880916;B
20240208;102013;7305.000000000;1;9563880917;B
20240208;102013;7305.000000000;2;9563880918;B
20240208;102013;7305.000000000;1;9563880919;B
20240208;102013;7305.000000000;1;9563880920;B
20240208;102013;7305.000000000;2;9563880921;B
20240208;102013;7305.000000000;5;9563880922;B
20240208;102013;7305.000000000;1;9563880923;B
20240208;102013;7305.000000000;1;9563880924;B
20240208;102013;7305.000000000;1;9563880925;B
20240208;102013;7305.000000000;1;9563880926;B
20240208;102013;7305.000000000;1;9563880927;B
20240208;102013;7305.000000000;1;9563880928;B
20240208;102013;7305.000000000;19;9563880929;B
20240208;102016;7301.000000000;3;9563881438;S
20240208;102016;7301.000000000;1;9563881587;S
20240208;102018;7301.000000000;17;9563882050;S
20240208;102018;7301.000000000;3;9563882075;B
20240208;102019;7301.000000000;1;9563882160;B
20240208;102019;7301.000000000;6;9563882161;B
20240208;102020;7301.000000000;5;9563884324;B
20240208;102021;7301.000000000;1;9563885516;B
20240208;102021;7301.000000000;1;9563885549;B
20240208;102021;7300.500000000;2;9563885561;S
20240208;102022;7301.000000000;3;9563885700;B
20240208;102023;7300.000000000;20;9563885838;S
20240208;102024;7301.000000000;63;9563886146;B
20240208;102024;7302.000000000;1;9563886147;B
20240208;102024;7302.000000000;3;9563886148;B
20240208;102024;7303.500000000;10;9563886149;B
20240208;102024;7304.000000000;1;9563886150;B
20240208;102024;7304.500000000;20;9563886151;B
20240208;102024;7304.500000000;20;9563886152;B
20240208;102024;7305.000000000;27;9563886153;B
20240208;102025;7304.500000000;36;9563886242;B
20240208;102025;7304.500000000;10;9563886243;B
20240208;102025;7305.000000000;24;9563886244;B
20240208;102027;7304.500000000;10;9563887080;B
20240208;102027;7305.000000000;23;9563887081;B
20240208;102027;7305.000000000;1;9563887082;B
20240208;102027;7305.000000000;4;9563887083;B
20240208;102027;7305.500000000;1;9563887084;B
20240208;102027;7305.500000000;1;9563887085;B
20240208;102027;7305.500000000;1;9563887086;B
20240208;102027;7305.500000000;3;9563887087;B
20240208;102027;7306.000000000;7;9563887088;B
20240208;102027;7306.000000000;28;9563887089;B
20240208;102027;7306.000000000;27;9563887090;B
20240208;102027;7306.500000000;20;9563887091;B
20240208;102027;7306.500000000;1;9563887092;B
20240208;102027;7307.000000000;1;9563887093;B
20240208;102027;7307.000000000;1;9563887094;B
20240208;102027;7307.000000000;5;9563887095;B
20240208;102027;7307.000000000;25;9563887096;B
20240208;102027;7307.000000000;1;9563887097;B
20240208;102027;7307.000000000;1;9563887098;B
20240208;102027;7307.000000000;2;9563887099;B
20240208;102027;7307.000000000;1;9563887100;B
20240208;102027;7307.000000000;2;9563887101;B
20240208;102027;7307.000000000;10;9563887102;B
20240208;102027;7307.000000000;20;9563887103;B
20240208;102027;7307.500000000;1;9563887104;B
20240208;102027;7307.500000000;3;9563887105;B
20240208;102027;7307.000000000;20;9563887115;B
20240208;102027;7307.000000000;1;9563887116;B
20240208;102027;7307.000000000;26;9563887219;B
20240208;102027;7307.000000000;1;9563887220;B
20240208;102027;7307.000000000;4;9563887221;B
20240208;102027;7307.500000000;1;9563887222;B
20240208;102027;7307.500000000;3;9563887223;B
20240208;102027;7307.500000000;1;9563887224;B
20240208;102027;7307.500000000;3;9563887225;B
20240208;102027;7307.500000000;20;9563887226;B
20240208;102027;7308.000000000;20;9563887227;B
20240208;102027;7308.000000000;1;9563887228;B
20240208;102027;7308.000000000;5;9563887229;B
20240208;102027;7308.000000000;3;9563887230;B
20240208;102027;7308.000000000;112;9563887231;B
20240208;102028;7308.000000000;13;9563887277;B
20240208;102028;7308.000000000;3;9563887288;B
20240208;102028;7307.000000000;1;9563887339;B
20240208;102028;7306.000000000;1;9563887392;B
20240208;102029;7307.000000000;4;9563887450;B
20240208;102029;7308.000000000;18;9563887451;B
20240208;102030;7307.500000000;1;9563887795;B
20240208;102030;7308.000000000;12;9563887796;B
20240208;102032;7307.500000000;3;9563890200;B
20240208;102033;7307.000000000;10;9563890301;S
20240208;102035;7307.000000000;10;9563891254;S
20240208;102035;7305.500000000;16;9563891255;S
20240208;102035;7305.500000000;20;9563891256;S
20240208;102035;7305.000000000;67;9563891257;S
20240208;102035;7304.500000000;20;9563891258;S
20240208;102035;7304.000000000;20;9563891259;S
20240208;102035;7302.500000000;20;9563891260;S
20240208;102035;7301.500000000;13;9563891261;S
20240208;102035;7301.000000000;14;9563891262;S
20240208;102040;7302.000000000;6;9563894159;S
20240208;102040;7302.000000000;7;9563894160;S
20240208;102040;7302.000000000;1;9563894161;S
20240208;102040;7301.500000000;26;9563894162;S
20240208;102042;7304.000000000;10;9563894414;B
20240208;102042;7304.500000000;10;9563894415;B
20240208;102042;7300.500000000;3;9563894425;S
20240208;102047;7300.500000000;2;9563896405;S
20240208;102050;7302.500000000;21;9563897083;B
20240208;102050;7303.000000000;1;9563897084;B
20240208;102100;7300.000000000;1;9563900312;S
20240208;102101;7300.000000000;1;9563900492;S
20240208;102106;7300.000000000;1;9563902849;S
20240208;102106;7300.000000000;10;9563903016;S
20240208;102108;7300.000000000;1;9563903207;S
20240208;102108;7300.000000000;1;9563903418;S
20240208;102111;7300.500000000;1;9563904676;B
20240208;102111;7300.500000000;5;9563904677;B
20240208;102111;7300.500000000;1;9563904678;B
20240208;102111;7301.000000000;3;9563904679;B
20240208;102111;7301.500000000;2;9563904680;B
20240208;102111;7302.000000000;2;9563904681;B
20240208;102111;7302.000000000;8;9563904682;B
20240208;102112;7300.000000000;6;9563904947;S
20240208;102112;7302.000000000;3;9563904985;B
20240208;102115;7300.000000000;57;9563905633;S
20240208;102115;7300.000000000;10;9563905642;B
20240208;102117;7300.000000000;14;9563906046;B
20240208;102117;7300.000000000;7;9563906514;B
20240208;102121;7299.500000000;5;9563907310;S
20240208;102125;7300.000000000;1;9563908309;B
20240208;102126;7299.500000000;1;9563909946;S
20240208;102127;7300.000000000;13;9563910095;B
20240208;102129;7300.000000000;6;9563910373;B
20240208;102132;7300.000000000;22;9563911455;B
20240208;102136;7300.000000000;1;9563912702;B
20240208;102140;7299.500000000;62;9563913697;S
20240208;102140;7299.500000000;80;9563913698;S
20240208;102140;7299.500000000;15;9563913699;S
20240208;102141;7299.000000000;1;9563913842;S
20240208;102142;7299.000000000;12;9563914609;S
20240208;102142;7299.000000000;1;9563914610;S
20240208;102143;7299.000000000;1;9563914641;S
20240208;102143;7299.000000000;1;9563914682;S
20240208;102144;7299.500000000;1;9563915427;B
20240208;102148;7299.500000000;1;9563916489;B
20240208;102151;7299.500000000;24;9563917699;B
20240208;102152;7299.500000000;17;9563918442;B
20240208;102152;7299.500000000;3;9563918443;B
20240208;102152;7299.500000000;2;9563918444;B
20240208;102157;7299.000000000;2;9563919259;S
20240208;102158;7299.000000000;1;9563919640;S
20240208;102158;7299.000000000;1;9563919641;S
20240208;102204;7298.000000000;5;9563921403;S
20240208;102204;7296.500000000;21;9563921404;S
20240208;102204;7296.500000000;2;9563921405;S
20240208;102204;7296.000000000;22;9563921406;S
20240208;102205;7298.000000000;1;9563921550;S
20240208;102211;7296.000000000;2;9563924760;S
20240208;102211;7297.500000000;1;9563924844;B
20240208;102211;7298.000000000;3;9563924845;B
20240208;102211;7298.000000000;11;9563924846;B
20240208;102211;7298.500000000;21;9563924847;B
20240208;102211;7298.500000000;41;9563924848;B
20240208;102211;7299.000000000;9;9563924849;B
20240208;102211;7299.000000000;2;9563924850;B
20240208;102213;7298.000000000;1;9563925381;B
20240208;102213;7298.500000000;21;9563925382;B
20240208;102213;7298.500000000;1;9563925383;B
20240208;102220;7297.500000000;3;9563927462;B
20240208;102221;7297.500000000;2;9563928500;B
20240208;102221;7298.500000000;3;9563928501;B
20240208;102221;7299.000000000;8;9563928502;B
20240208;102221;7299.000000000;2;9563928503;B
20240208;102231;7299.000000000;7;9563931113;B
20240208;102231;7299.000000000;1;9563931280;S
20240208;102232;7299.000000000;156;9563931921;S
20240208;102232;7298.500000000;3;9563931922;S
20240208;102232;7296.500000000;11;9563931923;S
20240208;102232;7296.000000000;15;9563931924;S
20240208;102233;7295.500000000;1;9563932240;S
20240208;102234;7296.000000000;22;9563933253;B
20240208;102236;7296.000000000;1;9563933972;B
20240208;102238;7295.500000000;1;9563934557;S
20240208;102239;7295.500000000;2;9563934668;S
20240208;102239;7295.500000000;1;9563934827;S
20240208;102239;7295.500000000;1;9563934829;S
20240208;102241;7295.500000000;15;9563935050;S
20240208;102241;7295.000000000;4;9563935051;S
20240208;102244;7295.500000000;1;9563936815;B
20240208;102245;7296.000000000;4;9563937114;B
20240208;102247;7296.000000000;1;9563937691;B
20240208;102248;7296.000000000;3;9563937766;B
20240208;102249;7296.000000000;1;9563937908;B
20240208;102249;7296.000000000;5;9563938078;B
20240208;102249;7296.000000000;6;9563938758;B
20240208;102251;7296.000000000;8;9563939297;B
20240208;102252;7296.000000000;2;9563939481;B
20240208;102253;7296.000000000;1;9563939732;B
20240208;102255;7296.000000000;22;9563940493;B
20240208;102257;7296.000000000;1;9563941096;B
20240208;102257;7295.500000000;1;9563941097;S
20240208;102258;7295.000000000;1;9563941843;S
20240208;102301;7295.500000000;1;9563942958;B
20240208;102307;7295.000000000;3;9563945026;S
20240208;102308;7295.000000000;10;9563946140;S
20240208;102309;7295.000000000;2;9563946195;S
20240208;102309;7295.000000000;20;9563946196;S
20240208;102309;7295.000000000;2;9563946197;S
20240208;102309;7295.000000000;1;9563946198;S
20240208;102309;7295.000000000;20;9563946199;S
20240208;102309;7294.500000000;48;9563946200;S
20240208;102309;7294.500000000;3;9563946201;S
20240208;102309;7294.000000000;1;9563946282;B
20240208;102314;7292.000000000;8;9563947503;S
20240208;102314;7291.500000000;3;9563947504;S
20240208;102314;7291.500000000;20;9563947505;S
20240208;102314;7291.000000000;10;9563947506;S
20240208;102314;7291.000000000;80;9563947507;S
20240208;102314;7291.000000000;5;9563947508;S
20240208;102314;7291.000000000;8;9563947509;S
20240208;102314;7290.500000000;11;9563947510;S
20240208;102314;7290.000000000;1;9563947511;S
20240208;102314;7290.000000000;1;9563947512;S
20240208;102314;7290.000000000;10;9563947513;S
20240208;102314;7290.000000000;5;9563947514;S
20240208;102314;7290.000000000;45;9563947515;S
20240208;102314;7290.000000000;30;9563947516;S
20240208;102314;7290.000000000;2;9563947517;S
20240208;102314;7290.000000000;10;9563947518;S
20240208;102314;7290.000000000;3;9563947519;S
20240208;102314;7289.500000000;40;9563947520;S
20240208;102314;7289.500000000;4;9563947521;B
20240208;102314;7289.500000000;8;9563947522;B
20240208;102314;7288.500000000;20;9563947625;S
20240208;102314;7288.000000000;50;9563947626;S
20240208;102314;7288.000000000;10;9563947627;S
20240208;102315;7289.500000000;5;9563948233;B
20240208;102315;7288.500000000;20;9563948305;S
20240208;102315;7288.500000000;5;9563948306;S
20240208;102315;7288.500000000;1;9563948307;S
20240208;102315;7288.500000000;2;9563948308;S
20240208;102315;7288.000000000;6;9563948309;S
20240208;102316;7289.500000000;22;9563948519;B
20240208;102324;7289.500000000;1;9563951177;B
20240208;102324;7290.000000000;1;9563951178;B
20240208;102324;7289.000000000;3;9563951187;S
20240208;102324;7289.000000000;5;9563951188;S
20240208;102324;7289.000000000;5;9563951189;S
20240208;102325;7288.000000000;1;9563951323;S
20240208;102328;7289.000000000;3;9563952748;B
20240208;102330;7289.000000000;4;9563953095;B
20240208;102332;7288.500000000;6;9563953654;S
20240208;102332;7288.000000000;3;9563953655;S
20240208;102332;7288.000000000;1;9563953656;S
20240208;102332;7288.000000000;3;9563953657;S
20240208;102332;7288.000000000;17;9563953658;S
20240208;102333;7287.500000000;10;9563953954;S
20240208;102336;7288.500000000;1;9563955000;S
20240208;102337;7289.000000000;30;9563955883;B
20240208;102337;7289.000000000;1;9563955893;B
20240208;102337;7289.000000000;14;9563955894;B
20240208;102337;7289.500000000;3;9563955895;B
20240208;102337;7290.000000000;2;9563955896;B
20240208;102337;7291.000000000;2;9563955897;B
20240208;102341;7292.500000000;3;9563956796;B
20240208;102342;7291.000000000;1;9563956995;S
20240208;102358;7291.000000000;4;9563961823;B
20240208;102358;7292.500000000;3;9563961824;B
20240208;102358;7293.500000000;15;9563961825;B
20240208;102400;7293.500000000;5;9563963585;B
20240208;102400;7293.500000000;3;9563963586;B
20240208;102400;7294.500000000;12;9563963587;B
20240208;102400;7294.500000000;11;9563963588;B
20240208;102400;7295.000000000;20;9563963589;B
20240208;102400;7295.500000000;4;9563963590;B
20240208;102400;7295.500000000;40;9563963591;B
20240208;102400;7295.500000000;5;9563963592;B
20240208;102401;7291.500000000;1;9563963680;S
20240208;102405;7293.000000000;5;9563964745;S
20240208;102405;7293.000000000;3;9563964746;S
20240208;102413;7293.000000000;1;9563968185;S
20240208;102415;7293.000000000;1;9563968888;S
20240208;102415;7293.000000000;1;9563968889;S
20240208;102415;7293.000000000;4;9563968972;S
20240208;102417;7292.500000000;5;9563969453;S
20240208;102418;7292.000000000;4;9563970435;S
20240208;102418;7292.000000000;4;9563970436;S
20240208;102419;7293.000000000;10;9563970759;B
20240208;102419;7293.500000000;3;9563970760;B
20240208;102419;7294.500000000;9;9563970761;B
20240208;102423;7295.000000000;3;9563972663;B
20240208;102426;7295.000000000;5;9563973344;B
20240208;102427;7295.500000000;7;9563973393;B
20240208;102427;7296.000000000;4;9563973395;B
20240208;102427;7296.000000000;3;9563973397;B
20240208;102428;7296.000000000;3;9563973595;B
20240208;102428;7296.000000000;18;9563974372;B
20240208;102428;7296.000000000;2;9563974398;B
20240208;102428;7296.000000000;2;9563975294;B
20240208;102428;7296.000000000;2;9563975846;B
20240208;102429;7296.000000000;10;9563976900;B
20240208;102431;7296.000000000;4;9563977168;B
20240208;102431;7296.000000000;100;9563977250;B
20240208;102432;7296.000000000;50;9563977419;B
20240208;102432;7295.500000000;1;9563977420;S
20240208;102434;7296.000000000;7;9563977769;B
20240208;102435;7296.000000000;12;9563978031;B
20240208;102436;7296.000000000;2;9563978195;B
20240208;102436;7296.000000000;3;9563978227;B
20240208;102436;7296.000000000;2;9563978414;B
20240208;102440;7296.000000000;14;9563980270;B
20240208;102440;7296.000000000;1;9563980271;B
20240208;102440;7296.500000000;7;9563980272;B
20240208;102440;7296.500000000;2;9563980273;B
20240208;102440;7296.500000000;1;9563980274;B
20240208;102440;7296.500000000;2;9563980389;B
20240208;102440;7296.500000000;1;9563980390;B
20240208;102442;7296.500000000;1;9563980975;B
20240208;102443;7296.500000000;2;9563981249;B
20240208;102443;7296.000000000;6;9563981354;S
20240208;102446;7296.500000000;1;9563982894;B
20240208;102447;7296.500000000;100;9563983036;B
20240208;102447;7296.500000000;26;9563983037;B
20240208;102447;7296.500000000;42;9563983038;B
20240208;102447;7296.500000000;15;9563983039;B
20240208;102449;7299.500000000;1;9563983253;B
20240208;102449;7299.500000000;2;9563983254;B
20240208;102449;7299.500000000;4;9563983255;B
20240208;102449;7300.000000000;18;9563983256;B
20240208;102452;7299.000000000;1;9563985545;S
20240208;102456;7299.500000000;20;9563986599;B
20240208;102456;7299.500000000;4;9563986600;B
20240208;102456;7300.000000000;39;9563986601;B
20240208;102456;7300.000000000;4;9563986602;B
20240208;102456;7300.000000000;5;9563986603;B
20240208;102456;7300.000000000;15;9563986604;B
20240208;102456;7300.000000000;1;9563986605;B
20240208;102456;7300.000000000;2;9563986606;B
20240208;102456;7300.000000000;10;9563986607;B
20240208;102501;7299.000000000;8;9563988747;B
20240208;102501;7299.500000000;10;9563988748;B
20240208;102501;7299.500000000;4;9563988749;B
20240208;102501;7299.000000000;8;9563988750;S
20240208;102507;7299.000000000;2;9563990001;B
20240208;102507;7299.000000000;4;9563990002;B
20240208;102507;7299.500000000;10;9563990003;B
20240208;102507;7300.000000000;2;9563990004;B
20240208;102507;7300.000000000;10;9563990005;B
20240208;102508;7300.000000000;1;9563990668;S
20240208;102512;7301.000000000;8;9563991351;B
20240208;102512;7300.500000000;8;9563992185;S
20240208;102512;7301.000000000;17;9563992193;B
20240208;102512;7301.000000000;4;9563992194;B
20240208;102512;7301.500000000;79;9563992195;B
20240208;102521;7301.500000000;22;9563994229;B
20240208;102530;7300.000000000;1;9563996758;S
20240208;102531;7299.000000000;1;9563997834;S
20240208;102535;7297.500000000;25;9563998474;S
20240208;102538;7299.000000000;4;9564000742;B
20240208;102538;7299.000000000;10;9564000807;B
20240208;102539;7299.000000000;11;9564000814;B
20240208;102541;7299.000000000;10;9564001117;S
20240208;102542;7299.500000000;1;9564001244;B
20240208;102542;7299.500000000;4;9564001551;B
20240208;102542;7299.500000000;5;9564001552;B
20240208;102542;7300.000000000;5;9564001553;B
20240208;102542;7300.000000000;5;9564001554;B
20240208;102542;7300.000000000;3;9564001555;B
20240208;102544;7300.000000000;2;9564002031;B
20240208;102544;7300.000000000;1;9564002032;B
20240208;102545;7300.000000000;3;9564002058;B
20240208;102545;7300.000000000;10;9564002059;B
20240208;102545;7301.000000000;7;9564002060;B
20240208;102545;7301.500000000;99;9564002061;B
20240208;102545;7301.500000000;1;9564002062;B
20240208;102545;7302.000000000;60;9564002063;B
20240208;102545;7302.000000000;1;9564002064;S
20240208;102545;7303.000000000;1;9564002066;B
20240208;102545;7303.000000000;4;9564002067;B
20240208;102545;7303.000000000;20;9564002068;B
20240208;102545;7303.500000000;1;9564002069;B
20240208;102545;7303.500000000;1;9564002070;B
20240208;102545;7303.500000000;4;9564002071;B
20240208;102545;7304.000000000;9;9564002072;B
20240208;102545;7302.000000000;19;9564002208;S
20240208;102545;7301.000000000;6;9564002209;S
20240208;102557;7303.500000000;3;9564006087;B
20240208;102557;7304.000000000;27;9564006088;B
20240208;102559;7303.500000000;2;9564006354;S
20240208;102600;7304.000000000;50;9564006449;B
20240208;102600;7304.000000000;7;9564006477;B
20240208;102602;7304.000000000;40;9564007639;B
20240208;102603;7304.000000000;22;9564007891;B
20240208;102604;7303.500000000;13;9564008018;S
20240208;102604;7303.500000000;9;9564008019;S
20240208;102605;7303.500000000;31;9564008208;S
20240208;102605;7303.500000000;1;9564008209;S
20240208;102605;7303.500000000;10;9564008210;S
20240208;102605;7303.000000000;16;9564008211;S
20240208;102610;7304.000000000;10;9564010809;B
20240208;102614;7303.500000000;1;9564012711;B
20240208;102614;7303.500000000;3;9564012777;B
20240208;102616;7303.500000000;5;9564013326;B
20240208;102617;7303.500000000;1;9564014009;B
20240208;102617;7303.500000000;4;9564014010;B
20240208;102618;7304.000000000;3;9564014167;B
20240208;102619;7304.000000000;25;9564014232;B
20240208;102619;7304.000000000;7;9564014306;B
20240208;102619;7304.000000000;2;9564014307;B
20240208;102619;7304.500000000;5;9564014308;B
20240208;102619;7304.500000000;4;9564014309;B
20240208;102619;7305.000000000;1;9564014310;B
20240208;102619;7305.000000000;8;9564014311;B
20240208;102619;7305.000000000;1;9564014312;B
20240208;102619;7305.000000000;2;9564014313;B
20240208;102619;7305.000000000;10;9564014314;B
20240208;102619;7305.000000000;4;9564014315;B
20240208;102619;7305.000000000;10;9564014316;B
20240208;102619;7305.000000000;1;9564014317;B
20240208;102620;7305.500000000;1;9564014485;B
20240208;102620;7305.500000000;3;9564014486;B
20240208;102620;7306.000000000;5;9564014487;B
20240208;102620;7306.000000000;5;9564014488;B
20240208;102620;7306.000000000;200;9564014489;B
20240208;102620;7306.000000000;5;9564014490;B
20240208;102620;7306.000000000;27;9564014491;B
20240208;102620;7306.000000000;1;9564014494;S
20240208;102620;7306.000000000;153;9564014567;S
20240208;102620;7305.000000000;22;9564014568;S
20240208;102620;7305.000000000;8;9564014569;S
20240208;102620;7304.000000000;10;9564014570;S
20240208;102620;7303.500000000;5;9564014571;S
20240208;102620;7303.000000000;24;9564014572;S
20240208;102620;7303.000000000;50;9564014573;S
20240208;102620;7303.000000000;15;9564014574;S
20240208;102620;7302.500000000;100;9564014575;S
20240208;102622;7302.500000000;5;9564014893;B
20240208;102624;7304.000000000;60;9564016131;B
20240208;102624;7304.500000000;4;9564016132;B
20240208;102624;7306.000000000;7;9564016133;B
20240208;102624;7306.500000000;6;9564016134;B
20240208;102624;7306.000000000;3;9564016140;B
20240208;102624;7306.500000000;19;9564016141;B
20240208;102632;7306.500000000;2;9564018587;B
20240208;102632;7306.500000000;20;9564018588;B
20240208;102632;7306.500000000;4;9564018589;B
20240208;102632;7307.000000000;4;9564018590;B
20240208;102632;7307.000000000;2;9564018591;B
20240208;102632;7307.000000000;4;9564018592;B
20240208;102632;7307.500000000;1;9564018593;B
20240208;102632;7307.500000000;4;9564018594;B
20240208;102632;7307.500000000;5;9564018595;B
20240208;102632;7307.500000000;2;9564018596;B
20240208;102632;7308.000000000;29;9564018597;B
20240208;102633;7306.500000000;8;9564019024;B
20240208;102633;7307.000000000;27;9564019025;B
20240208;102633;7307.500000000;20;9564019026;B
20240208;102633;7307.500000000;1;9564019027;B
20240208;102633;7307.500000000;4;9564019028;B
20240208;102633;7308.000000000;7;9564019029;B
20240208;102635;7307.000000000;10;9564019508;B
20240208;102635;7307.000000000;1;9564019509;B
20240208;102635;7307.000000000;4;9564019510;B
20240208;102635;7307.500000000;20;9564019511;B
20240208;102635;7307.500000000;27;9564019512;B
20240208;102635;7307.500000000;4;9564019513;B
20240208;102635;7308.000000000;134;9564019514;B
20240208;102639;7307.500000000;1;9564020042;B
20240208;102640;7307.500000000;1;9564020117;B
20240208;102640;7307.000000000;16;9564020118;S
20240208;102640;7306.500000000;3;9564020119;S
20240208;102640;7306.000000000;1;9564020120;S
20240208;102640;7304.500000000;20;9564020121;S
20240208;102640;7304.500000000;10;9564020122;S
20240208;102645;7307.000000000;20;9564021385;B
20240208;102645;7307.500000000;2;9564021386;B
20240208;102646;7304.500000000;2;9564021945;S
20240208;102646;7304.500000000;18;9564021946;B
20240208;102647;7307.000000000;1;9564022055;B
20240208;102647;7307.500000000;1;9564022068;B
20240208;102652;7308.000000000;3;9564022730;B
20240208;102654;7306.500000000;2;9564023017;B
20240208;102654;7306.500000000;3;9564023018;B
20240208;102655;7306.500000000;10;9564023240;B
20240208;102655;7306.500000000;15;9564023241;B
20240208;102655;7307.000000000;25;9564023242;B
20240208;102655;7306.500000000;10;9564023244;B
20240208;102655;7306.500000000;10;9564023245;B
20240208;102655;7307.000000000;40;9564023246;B
20240208;102658;7306.500000000;3;9564023634;S
20240208;102658;7306.500000000;7;9564023635;S
20240208;102659;7307.000000000;2;9564023831;B
20240208;102659;7307.000000000;10;9564023878;B
20240208;102702;7306.500000000;8;9564024268;S
20240208;102703;7307.000000000;6;9564024385;B
20240208;102706;7307.000000000;22;9564024920;B
20240208;102707;7307.000000000;1;9564025202;B
20240208;102708;7306.500000000;5;9564025267;S
20240208;102708;7306.500000000;2;9564025268;S
20240208;102708;7306.500000000;2;9564025303;S
20240208;102710;7306.500000000;6;9564025503;S
20240208;102710;7306.500000000;14;9564025504;S
20240208;102713;7306.500000000;1;9564026138;S
20240208;102713;7306.500000000;7;9564026139;S
20240208;102714;7306.500000000;2;9564026591;B
20240208;102714;7307.000000000;34;9564026592;B
20240208;102714;7307.000000000;3;9564026593;B
20240208;102714;7307.000000000;10;9564026594;B
20240208;102714;7307.000000000;8;9564026595;B
20240208;102714;7307.000000000;5;9564026596;B
20240208;102714;7308.000000000;28;9564026597;B
20240208;102714;7308.000000000;1;9564026598;B
20240208;102714;7308.000000000;10;9564026599;B
20240208;102714;7308.500000000;55;9564026600;B
20240208;102714;7308.500000000;1;9564026601;B
20240208;102714;7308.500000000;143;9564026602;B
20240208;102715;7308.500000000;20;9564026693;B
20240208;102717;7308.000000000;20;9564027047;S
20240208;102718;7308.500000000;1;9564027055;B
20240208;102718;7308.000000000;20;9564027066;S
20240208;102718;7308.000000000;4;9564027067;S
20240208;102718;7308.000000000;20;9564027068;S
20240208;102718;7308.000000000;20;9564027069;S
20240208;102720;7306.500000000;1;9564027404;B
20240208;102722;7307.000000000;36;9564027689;B
20240208;102722;7308.000000000;4;9564027690;B
20240208;102722;7308.000000000;10;9564027691;B
20240208;102722;7308.500000000;20;9564027692;B
20240208;102723;7308.000000000;2;9564028075;B
20240208;102727;7307.000000000;2;9564028704;S
20240208;102727;7307.500000000;21;9564028719;B
20240208;102727;7308.000000000;1;9564028720;B
20240208;102730;7308.000000000;50;9564029168;B
20240208;102730;7308.000000000;25;9564029169;B
20240208;102730;7308.000000000;3;9564029170;B
20240208;102730;7308.500000000;66;9564029171;B
20240208;102730;7308.500000000;1;9564029172;B
20240208;102730;7308.500000000;5;9564029173;B
20240208;102730;7308.500000000;25;9564029174;B
20240208;102730;7309.000000000;19;9564029175;B
20240208;102730;7309.000000000;5;9564029176;B
20240208;102730;7309.000000000;15;9564029177;B
20240208;102730;7309.000000000;3;9564029178;B
20240208;102730;7309.000000000;5;9564029179;B
20240208;102730;7309.000000000;1;9564029180;B
20240208;102730;7309.000000000;10;9564029181;B
20240208;102730;7309.000000000;2;9564029182;B
20240208;102730;7309.000000000;10;9564029183;B
20240208;102730;7309.000000000;1;9564029184;B
20240208;102730;7309.000000000;25;9564029185;B
20240208;102730;7309.500000000;1;9564029186;B
20240208;102730;7309.500000000;1;9564029187;B
20240208;102730;7309.500000000;1;9564029188;B
20240208;102730;7309.500000000;10;9564029189;B
20240208;102730;7309.500000000;200;9564029190;B
20240208;102730;7310.000000000;12;9564029191;B
20240208;102730;7310.000000000;1;9564029192;B
20240208;102730;7310.000000000;1;9564029193;B
20240208;102730;7310.000000000;1;9564029194;B
20240208;102730;7310.000000000;3;9564029195;B
20240208;102730;7310.000000000;5;9564029196;B
20240208;102730;7310.000000000;5;9564029197;B
20240208;102730;7310.000000000;1;9564029198;B
20240208;102730;7310.000000000;1;9564029199;B
20240208;102730;7310.000000000;6;9564029200;B
20240208;102730;7310.000000000;1;9564029201;B
20240208;102730;7310.000000000;2;9564029202;B
20240208;102730;7310.000000000;50;9564029203;B
20240208;102730;7310.000000000;42;9564029204;B
20240208;102730;7310.000000000;20;9564029205;B
20240208;102730;7310.000000000;1;9564029206;B
20240208;102730;7310.000000000;1;9564029207;B
20240208;102730;7310.000000000;2;9564029208;B
20240208;102730;7310.000000000;10;9564029209;B
20240208;102730;7310.000000000;5;9564029210;B
20240208;102730;7310.000000000;2;9564029211;B
20240208;102730;7310.000000000;5;9564029212;B
20240208;102730;7310.000000000;79;9564029213;B
20240208;102730;7310.000000000;2;9564029223;B
20240208;102730;7310.000000000;13;9564029224;B
20240208;102730;7310.000000000;1;9564029225;B
20240208;102730;7310.000000000;5;9564029226;B
20240208;102730;7310.000000000;1;9564029227;B
20240208;102730;7310.000000000;1;9564029228;B
20240208;102730;7310.000000000;2;9564029229;B
20240208;102730;7310.000000000;6;9564029230;B
20240208;102730;7310.000000000;1;9564029231;B
20240208;102730;7310.000000000;1;9564029232;B
20240208;102730;7310.000000000;1;9564029233;B
20240208;102730;7310.000000000;2;9564029234;B
20240208;102730;7310.000000000;10;9564029235;B
20240208;102730;7310.000000000;1;9564029236;B
20240208;102730;7310.000000000;15;9564029237;B
20240208;102730;7310.000000000;2;9564029238;B
20240208;102730;7310.000000000;2;9564029239;B
20240208;102730;7310.000000000;3;9564029240;B
20240208;102730;7310.000000000;5;9564029241;B
20240208;102730;7310.500000000;5;9564029242;B
20240208;102730;7311.000000000;4;9564029243;B
20240208;102730;7311.000000000;2;9564029244;B
20240208;102730;7311.000000000;1;9564029245;B
20240208;102730;7311.000000000;1;9564029246;B
20240208;102730;7311.000000000;1;9564029247;B
20240208;102730;7311.000000000;3;9564029248;B
20240208;102730;7311.500000000;3;9564029249;B
20240208;102730;7312.000000000;1;9564029250;B
20240208;102730;7312.000000000;1;9564029251;B
20240208;102730;7312.000000000;1;9564029252;B
20240208;102730;7312.000000000;1;9564029253;B
20240208;102730;7312.500000000;5;9564029254;B
20240208;102730;7312.500000000;1;9564029255;B
20240208;102730;7312.500000000;2;9564029256;B
20240208;102730;7312.500000000;27;9564029257;B
20240208;102730;7312.500000000;4;9564029258;B
20240208;102730;7313.000000000;50;9564029259;B
20240208;102730;7313.000000000;1;9564029260;B
20240208;102730;7313.000000000;100;9564029261;B
20240208;102730;7313.000000000;1;9564029262;B
20240208;102730;7313.000000000;20;9564029263;B
20240208;102730;7313.500000000;20;9564029264;B
20240208;102730;7313.500000000;20;9564029265;B
20240208;102730;7313.500000000;1;9564029266;B
20240208;102730;7313.500000000;1;9564029267;B
20240208;102730;7313.500000000;1;9564029268;B
20240208;102730;7313.500000000;20;9564029269;B
20240208;102730;7314.000000000;10;9564029270;B
20240208;102730;7314.000000000;2;9564029271;B
20240208;102730;7314.000000000;116;9564029272;B
20240208;102731;7314.000000000;5;9564029282;B
20240208;102731;7314.000000000;50;9564029301;B
20240208;102731;7311.500000000;14;9564029308;S
20240208;102731;7313.000000000;1;9564029325;S
20240208;102731;7314.000000000;2;9564029326;B
20240208;102731;7313.000000000;1;9564029354;S
20240208;102731;7314.000000000;17;9564029359;B
20240208;102731;7313.000000000;20;9564029376;B
20240208;102731;7314.000000000;454;9564029377;B
20240208;102731;7314.000000000;1;9564029378;B
20240208;102731;7314.000000000;20;9564029379;B
20240208;102731;7314.000000000;5;9564029380;B
20240208;102731;7314.000000000;70;9564029389;B
20240208;102731;7314.000000000;50;9564029390;B
20240208;102731;7314.000000000;1;9564029391;B
20240208;102731;7312.000000000;3;9564029402;S
20240208;102731;7311.500000000;1;9564029403;S
20240208;102731;7311.500000000;2;9564029413;S
20240208;102731;7311.500000000;7;9564029418;S
20240208;102731;7313.000000000;1;9564029420;B
20240208;102731;7313.500000000;1;9564029421;B
20240208;102731;7313.500000000;2;9564029422;B
20240208;102731;7314.000000000;46;9564029423;B
20240208;102732;7313.000000000;1;9564029531;B
20240208;102732;7313.500000000;1;9564029532;B
20240208;102732;7313.500000000;21;9564029533;B
20240208;102732;7314.000000000;114;9564029534;B
20240208;102732;7312.000000000;13;9564029549;S
20240208;102732;7311.500000000;21;9564029550;S
20240208;102732;7311.000000000;10;9564029551;S
20240208;102732;7311.000000000;40;9564029552;S
20240208;102732;7311.000000000;5;9564029553;S
20240208;102732;7309.500000000;61;9564029554;S
20240208;102733;7313.500000000;1;9564029687;B
20240208;102733;7314.000000000;79;9564029688;B
20240208;102733;7314.000000000;5;9564029689;B
20240208;102733;7314.000000000;2;9564029690;B
20240208;102733;7314.000000000;5;9564029691;B
20240208;102733;7314.000000000;5;9564029692;B
20240208;102733;7314.000000000;1;9564029693;B
20240208;102733;7314.000000000;6;9564029694;B
20240208;102733;7314.000000000;2;9564029695;B
20240208;102733;7310.500000000;2;9564029703;S
20240208;102733;7310.500000000;1;9564029704;S
20240208;102733;7310.000000000;13;9564029705;S
20240208;102733;7309.500000000;39;9564029706;S
20240208;102733;7309.500000000;11;9564029707;S
20240208;102733;7309.000000000;5;9564029708;S
20240208;102733;7309.000000000;29;9564029709;S
20240208;102733;7313.000000000;10;9564029712;B
20240208;102733;7313.500000000;8;9564029713;B
20240208;102733;7313.500000000;5;9564029714;B
20240208;102733;7313.500000000;7;9564029715;B
20240208;102733;7314.000000000;15;9564029716;B
20240208;102733;7313.500000000;2;9564029722;B
20240208;102734;7313.500000000;13;9564029832;B
20240208;102734;7313.500000000;40;9564029833;B
20240208;102734;7314.000000000;36;9564029834;B
20240208;102735;7313.500000000;1;9564029932;B
20240208;102735;7314.000000000;29;9564030127;B
20240208;102737;7313.000000000;3;9564030482;B
20240208;102738;7312.000000000;8;9564030586;S
20240208;102738;7312.000000000;2;9564030735;S
20240208;102738;7312.000000000;4;9564030736;S
20240208;102738;7311.500000000;1;9564030737;S
20240208;102738;7311.000000000;1;9564030738;S
20240208;102738;7311.000000000;2;9564030739;S
20240208;102740;7311.500000000;1;9564031043;B
20240208;102741;7310.500000000;40;9564031153;S
20240208;102741;7310.000000000;4;9564031154;S
20240208;102741;7309.500000000;40;9564031155;S
20240208;102741;7309.000000000;29;9564031156;S
20240208;102741;7309.000000000;10;9564031157;S
20240208;102741;7308.500000000;200;9564031158;S
20240208;102741;7308.500000000;40;9564031159;S
20240208;102741;7308.500000000;37;9564031160;S
20240208;102741;7311.000000000;9;9564031206;B
20240208;102741;7311.500000000;5;9564031207;B
20240208;102743;7312.000000000;10;9564031391;B
20240208;102743;7312.500000000;1;9564031392;B
20240208;102743;7312.500000000;40;9564031393;B
20240208;102743;7312.500000000;5;9564031394;B
20240208;102744;7312.500000000;50;9564031545;S
20240208;102747;7312.500000000;1;9564032048;S
20240208;102748;7313.000000000;22;9564032129;B
20240208;102749;7313.000000000;37;9564032252;B
20240208;102750;7313.000000000;3;9564032419;B
20240208;102752;7313.000000000;12;9564032608;B
20240208;102752;7312.500000000;1;9564032691;S
20240208;102753;7313.000000000;1;9564032784;B
20240208;102753;7313.000000000;1;9564032817;B
20240208;102753;7313.000000000;46;9564032834;B
20240208;102753;7313.000000000;1;9564032835;B
20240208;102753;7313.500000000;7;9564032836;B
20240208;102754;7313.500000000;18;9564032907;B
20240208;102754;7313.500000000;3;9564032908;B
20240208;102755;7313.500000000;1;9564033473;B
20240208;102757;7313.500000000;1;9564033812;B
20240208;102759;7313.500000000;3;9564034010;B
20240208;102800;7314.000000000;20;9564034038;B
20240208;102800;7314.000000000;1;9564034099;B
20240208;102801;7313.000000000;1;9564034271;S
20240208;102801;7313.500000000;1;9564034279;B
20240208;102801;7313.500000000;1;9564034289;B
20240208;102802;7314.000000000;2;9564034440;B
20240208;102802;7314.500000000;5;9564034441;B
20240208;102802;7315.000000000;1;9564034442;B
20240208;102802;7315.000000000;6;9564034443;B
20240208;102802;7315.000000000;7;9564034444;B
20240208;102802;7315.000000000;7;9564034445;B
20240208;102802;7315.000000000;7;9564034446;B
20240208;102802;7315.000000000;1;9564034447;B
20240208;102802;7315.000000000;2;9564034448;B
20240208;102802;7315.000000000;1;9564034449;B
20240208;102802;7315.000000000;15;9564034450;B
20240208;102802;7315.000000000;32;9564034451;B
20240208;102802;7315.000000000;6;9564034455;B
20240208;102802;7315.000000000;2;9564034456;B
20240208;102802;7315.000000000;2;9564034457;B
20240208;102802;7315.000000000;1;9564034458;B
20240208;102802;7315.000000000;3;9564034459;B
20240208;102802;7315.500000000;5;9564034460;B
20240208;102802;7316.000000000;1;9564034461;B
20240208;102802;7316.000000000;20;9564034462;B
20240208;102802;7316.000000000;1;9564034463;B
20240208;102802;7316.000000000;1;9564034464;B
20240208;102802;7316.000000000;1;9564034465;B
20240208;102802;7316.000000000;6;9564034466;B
20240208;102802;7313.500000000;1;9564034487;S
20240208;102802;7316.000000000;3;9564034488;B
20240208;102802;7314.500000000;2;9564034495;B
20240208;102802;7316.000000000;4;9564034496;B
20240208;102802;7313.500000000;2;9564034498;S
20240208;102802;7313.000000000;3;9564034499;S
20240208;102802;7313.000000000;5;9564034500;S
20240208;102802;7313.000000000;1;9564034501;S
20240208;102802;7313.000000000;10;9564034502;S
20240208;102802;7313.000000000;8;9564034503;S
20240208;102802;7313.000000000;1;9564034511;S
20240208;102802;7313.000000000;8;9564034512;S
20240208;102803;7315.000000000;5;9564034534;B
20240208;102803;7315.000000000;7;9564034535;B
20240208;102803;7315.500000000;5;9564034536;B
20240208;102803;7316.000000000;13;9564034537;B
20240208;102803;7315.000000000;20;9564034584;B
20240208;102803;7315.000000000;1;9564034585;B
20240208;102803;7316.000000000;1;9564034586;B
20240208;102803;7316.000000000;9;9564034587;B
20240208;102803;7316.000000000;5;9564034588;B
20240208;102803;7316.500000000;2;9564034589;B
20240208;102803;7316.000000000;27;9564034611;B
20240208;102803;7316.500000000;3;9564034612;B
20240208;102803;7316.500000000;14;9564034613;B
20240208;102803;7315.000000000;2;9564034615;B
20240208;102803;7316.500000000;11;9564034616;B
20240208;102803;7317.000000000;1;9564034617;B
20240208;102803;7317.000000000;2;9564034618;B
20240208;102803;7317.000000000;1;9564034619;B
20240208;102803;7317.000000000;5;9564034620;B
20240208;102803;7314.000000000;20;9564034631;B
20240208;102803;7314.000000000;20;9564034633;B
20240208;102803;7315.000000000;5;9564034634;B
20240208;102803;7317.000000000;15;9564034635;B
20240208;102803;7317.000000000;17;9564034636;B
20240208;102803;7317.500000000;1;9564034637;B
20240208;102803;7317.500000000;1;9564034638;B
20240208;102803;7317.500000000;1;9564034639;B
20240208;102803;7317.500000000;2;9564034640;B
20240208;102804;7315.000000000;3;9564034712;B
20240208;102804;7315.000000000;1;9564034713;B
20240208;102804;7317.000000000;3;9564034766;B
20240208;102804;7317.500000000;7;9564034767;B
20240208;102806;7316.000000000;1;9564035096;S
20240208;102809;7315.000000000;2;9564035455;B
20240208;102809;7316.500000000;4;9564035456;B
20240208;102809;7317.000000000;3;9564035457;B
20240208;102809;7317.000000000;10;9564035458;B
20240208;102809;7317.000000000;3;9564035459;B
20240208;102809;7314.500000000;9;9564035508;S
20240208;102809;7314.500000000;5;9564035509;S
20240208;102809;7314.000000000;6;9564035510;S
20240208;102812;7316.500000000;13;9564035934;B
20240208;102815;7316.000000000;1;9564036343;B
20240208;102816;7316.500000000;2;9564036424;B
20240208;102817;7316.500000000;26;9564036534;B
20240208;102817;7317.000000000;24;9564036535;B
20240208;102817;7317.000000000;5;9564036666;B
20240208;102819;7317.000000000;2;9564037034;B
20240208;102819;7316.500000000;1;9564037143;S
20240208;102820;7317.000000000;12;9564037310;B
20240208;102821;7317.000000000;1;9564037440;B
20240208;102822;7316.500000000;7;9564037531;S
20240208;102822;7316.000000000;29;9564037532;S
20240208;102822;7316.000000000;5;9564037533;S
20240208;102822;7315.500000000;9;9564037534;S
20240208;102822;7316.000000000;1;9564037573;B
20240208;102822;7316.500000000;7;9564037574;B
20240208;102822;7317.000000000;6;9564037575;B
20240208;102822;7317.000000000;5;9564037576;B
20240208;102822;7317.000000000;2;9564037577;B
20240208;102822;7317.500000000;2;9564037578;B
20240208;102822;7317.500000000;8;9564037579;B
20240208;102822;7317.500000000;2;9564037580;B
20240208;102822;7317.500000000;33;9564037581;B
20240208;102822;7318.000000000;1;9564037582;B
20240208;102823;7317.500000000;1;9564037722;S
20240208;102823;7318.000000000;1;9564037772;B
20240208;102824;7317.500000000;2;9564037805;S
20240208;102825;7318.000000000;2;9564038040;B
20240208;102825;7317.500000000;4;9564038090;S
20240208;102825;7317.500000000;1;9564038097;S
20240208;102826;7318.000000000;82;9564038154;B
20240208;102826;7318.000000000;1;9564038155;B
20240208;102826;7318.000000000;3;9564038156;B
20240208;102826;7318.000000000;2;9564038157;B
20240208;102826;7318.000000000;3;9564038158;B
20240208;102826;7318.000000000;1;9564038159;B
20240208;102826;7318.000000000;10;9564038160;B
20240208;102826;7318.500000000;1;9564038161;B
20240208;102826;7318.500000000;33;9564038162;B
20240208;102826;7318.500000000;1;9564038163;B
20240208;102826;7318.500000000;1;9564038164;B
20240208;102826;7318.500000000;1;9564038165;B
20240208;102826;7318.500000000;2;9564038166;B
20240208;102826;7318.500000000;1;9564038167;B
20240208;102826;7318.500000000;37;9564038168;B
20240208;102826;7318.500000000;21;9564038169;B
20240208;102827;7318.500000000;1;9564038364;B
20240208;102828;7318.000000000;6;9564038486;S
20240208;102828;7318.500000000;6;9564038516;B
20240208;102828;7318.500000000;3;9564038517;B
20240208;102828;7318.500000000;30;9564038518;B
20240208;102828;7318.500000000;20;9564038519;B
20240208;102828;7319.000000000;2;9564038520;B
20240208;102828;7319.000000000;9;9564038521;B
20240208;102828;7319.000000000;30;9564038522;B
20240208;102829;7319.000000000;10;9564038643;B
20240208;102829;7319.000000000;10;9564038644;B
20240208;102829;7319.000000000;14;9564038645;B
20240208;102829;7319.000000000;15;9564038646;B
20240208;102829;7319.000000000;8;9564038647;B
20240208;102829;7319.000000000;4;9564038648;B
20240208;102829;7319.000000000;2;9564038649;B
20240208;102829;7319.000000000;7;9564038650;B
20240208;102829;7318.500000000;2;9564038753;S
20240208;102829;7318.500000000;4;9564038847;B
20240208;102829;7318.500000000;21;9564038848;B
20240208;102829;7319.000000000;2;9564038849;B
20240208;102829;7319.000000000;1;9564038850;B
20240208;102829;7319.000000000;12;9564038851;B
20240208;102830;7319.000000000;22;9564038911;B
20240208;102832;7318.500000000;2;9564039512;B
20240208;102832;7318.500000000;1;9564039514;B
20240208;102832;7318.500000000;2;9564039539;B
20240208;102832;7318.500000000;27;9564039540;B
20240208;102832;7319.000000000;199;9564039541;B
20240208;102833;7318.500000000;27;9564039748;B
20240208;102833;7319.000000000;15;9564039749;B
20240208;102835;7318.500000000;10;9564040137;B
20240208;102835;7318.500000000;10;9564040182;B
20240208;102835;7318.500000000;20;9564040183;B
20240208;102835;7319.000000000;14;9564040184;B
20240208;102835;7319.000000000;25;9564040185;B
20240208;102835;7319.000000000;1;9564040186;B
20240208;102835;7319.000000000;3;9564040187;B
20240208;102835;7319.000000000;70;9564040188;B
20240208;102835;7319.000000000;57;9564040189;B
20240208;102835;7319.000000000;1;9564040234;B
20240208;102837;7319.000000000;5;9564040596;B
20240208;102838;7319.000000000;10;9564040913;B
20240208;102838;7319.000000000;10;9564040914;B
20240208;102838;7319.000000000;4;9564040915;B
20240208;102838;7319.000000000;8;9564040916;B
20240208;102838;7319.000000000;2;9564040917;B
20240208;102838;7319.000000000;3;9564040918;B
20240208;102838;7319.000000000;4;9564040919;B
20240208;102838;7319.000000000;10;9564040920;B
20240208;102838;7319.000000000;1;9564040921;B
20240208;102838;7319.000000000;1;9564040922;B
20240208;102838;7319.000000000;1;9564040923;B
20240208;102838;7319.000000000;1;9564040924;B
20240208;102838;7319.000000000;1;9564040925;B
20240208;102838;7319.500000000;4;9564040926;B
20240208;102838;7319.500000000;5;9564040927;B
20240208;102838;7319.500000000;15;9564040928;B
20240208;102838;7319.500000000;7;9564040929;B
20240208;102838;7319.500000000;1;9564040930;B
20240208;102838;7319.500000000;3;9564040931;B
20240208;102838;7319.500000000;1;9564040932;B
20240208;102838;7319.500000000;1;9564040933;B
20240208;102838;7319.500000000;5;9564040934;B
20240208;102838;7319.500000000;2;9564040935;B
20240208;102838;7319.500000000;16;9564040936;B
20240208;102838;7319.500000000;4;9564040937;B
20240208;102838;7320.000000000;14;9564040945;B
20240208;102838;7320.000000000;1;9564040946;B
20240208;102838;7320.000000000;8;9564040947;B
20240208;102838;7320.000000000;8;9564040948;B
20240208;102838;7320.000000000;1;9564040949;B
20240208;102838;7320.000000000;1;9564040950;B
20240208;102838;7320.000000000;2;9564040951;B
20240208;102838;7320.000000000;2;9564040952;B
20240208;102838;7320.000000000;1;9564040953;B
20240208;102838;7320.000000000;1;9564040954;B
20240208;102838;7320.000000000;4;9564040955;B
20240208;102838;7320.000000000;28;9564040956;B
20240208;102838;7320.000000000;7;9564040957;B
20240208;102838;7320.000000000;9;9564040958;B
20240208;102838;7320.000000000;2;9564040959;B
20240208;102838;7320.000000000;1;9564040960;B
20240208;102838;7320.000000000;1;9564040961;B
20240208;102838;7320.000000000;10;9564040962;B
20240208;102838;7320.000000000;1;9564040963;B
20240208;102838;7320.000000000;1;9564040964;B
20240208;102838;7320.000000000;1;9564040965;B
20240208;102838;7320.000000000;1;9564040966;B
20240208;102838;7320.000000000;10;9564040967;B
20240208;102838;7320.000000000;2;9564040968;B
20240208;102838;7320.000000000;7;9564040969;B
20240208;102838;7320.000000000;2;9564040970;B
20240208;102838;7320.000000000;150;9564040971;B
20240208;102838;7320.000000000;2;9564040972;B
20240208;102838;7320.000000000;3;9564040973;B
20240208;102838;7320.000000000;3;9564040974;B
20240208;102838;7320.000000000;1;9564040975;B
20240208;102838;7320.000000000;2;9564040976;B
20240208;102838;7320.000000000;1;9564040977;B
20240208;102838;7320.000000000;2;9564040978;B
20240208;102838;7320.000000000;5;9564040979;B
20240208;102838;7320.000000000;9;9564040980;B
20240208;102838;7320.000000000;1;9564040981;B
20240208;102838;7320.000000000;1;9564040982;B
20240208;102838;7320.000000000;7;9564040983;B
20240208;102838;7320.000000000;5;9564040984;B
20240208;102838;7320.000000000;29;9564040985;B
20240208;102838;7320.000000000;1;9564040986;B
20240208;102838;7320.000000000;32;9564040987;B
20240208;102838;7320.000000000;1;9564040988;B
20240208;102838;7320.000000000;16;9564040989;B
20240208;102838;7320.000000000;2;9564040990;B
20240208;102838;7320.000000000;15;9564040991;B
20240208;102838;7320.000000000;2;9564040992;B
20240208;102838;7320.000000000;23;9564040993;B
20240208;102838;7320.000000000;5;9564040994;B
20240208;102838;7320.000000000;1;9564040995;B
20240208;102838;7320.000000000;1;9564040996;B
20240208;102838;7320.000000000;15;9564040997;B
20240208;102838;7320.000000000;5;9564040998;B
20240208;102838;7320.000000000;10;9564040999;B
20240208;102838;7320.000000000;24;9564041000;B
20240208;102838;7320.000000000;18;9564041001;B
20240208;102838;7320.000000000;1;9564041002;B
20240208;102838;7320.000000000;1;9564041003;B
20240208;102838;7320.000000000;2;9564041004;B
20240208;102838;7320.000000000;2;9564041005;B
20240208;102838;7320.000000000;4;9564041006;B
20240208;102838;7320.000000000;6;9564041007;B
20240208;102838;7320.000000000;1;9564041008;B
20240208;102838;7320.000000000;40;9564041009;B
20240208;102838;7319.500000000;1;9564041039;S
20240208;102838;7319.500000000;1;9564041067;S
20240208;102838;7320.000000000;6;9564041068;B
20240208;102838;7319.500000000;1;9564041070;S
20240208;102838;7319.500000000;21;9564041080;S
20240208;102838;7319.500000000;4;9564041081;S
20240208;102838;7319.500000000;3;9564041082;S
20240208;102838;7319.500000000;2;9564041083;S
20240208;102838;7319.500000000;1;9564041084;S
20240208;102838;7319.000000000;50;9564041085;S
20240208;102838;7319.000000000;20;9564041086;S
20240208;102838;7319.000000000;15;9564041087;S
20240208;102838;7319.000000000;1;9564041088;S
20240208;102838;7319.000000000;14;9564041089;S
20240208;102838;7319.000000000;4;9564041090;S
20240208;102838;7319.000000000;5;9564041091;S
20240208;102838;7319.000000000;1;9564041092;S
20240208;102838;7319.000000000;34;9564041093;S
20240208;102838;7319.000000000;2;9564041094;S
20240208;102838;7319.000000000;1;9564041095;S
20240208;102839;7319.000000000;7;9564041127;B
20240208;102839;7319.000000000;5;9564041136;B
20240208;102839;7318.500000000;2;9564041138;S
20240208;102839;7318.500000000;1;9564041151;S
20240208;102839;7318.000000000;1;9564041152;S
20240208;102839;7318.000000000;3;9564041153;S
20240208;102839;7317.500000000;2;9564041393;S
20240208;102840;7317.500000000;1;9564041491;S
20240208;102841;7318.000000000;2;9564041794;B
20240208;102842;7318.000000000;1;9564041986;S
20240208;102842;7318.500000000;1;9564041993;B
20240208;102843;7318.000000000;1;9564042089;S
20240208;102844;7318.500000000;20;9564042239;B
20240208;102844;7318.500000000;20;9564042240;B
20240208;102844;7318.500000000;6;9564042241;B
20240208;102844;7318.500000000;90;9564042242;B
20240208;102844;7318.500000000;200;9564042341;B
20240208;102844;7318.500000000;1;9564042389;B
20240208;102844;7318.500000000;4;9564042406;B
20240208;102845;7318.500000000;12;9564042510;B
20240208;102846;7318.500000000;193;9564042792;B
20240208;102846;7318.500000000;7;9564042793;B
20240208;102849;7318.000000000;20;9564043602;S
20240208;102850;7318.000000000;1;9564043713;S
20240208;102851;7318.500000000;14;9564043809;B
20240208;102851;7318.500000000;3;9564043810;B
20240208;102851;7318.500000000;5;9564043811;B
20240208;102851;7318.500000000;35;9564043873;B
20240208;102853;7318.000000000;5;9564044026;S
20240208;102853;7318.000000000;1;9564044171;S
20240208;102854;7318.500000000;1;9564044180;B
20240208;102854;7318.500000000;5;9564044202;B
20240208;102854;7318.500000000;100;9564044283;B
20240208;102857;7318.000000000;1;9564044680;S
20240208;102857;7318.000000000;44;9564044681;S
20240208;102858;7318.500000000;2;9564044725;B
20240208;102858;7318.500000000;10;9564044732;B
20240208;102859;7318.500000000;200;9564044882;B
20240208;102859;7318.500000000;1;9564044901;B
20240208;102900;7318.000000000;1;9564044961;S
20240208;102900;7318.500000000;140;9564045025;B
20240208;102900;7318.500000000;1;9564045041;B
20240208;102900;7318.500000000;1;9564045042;B
20240208;102900;7318.500000000;1;9564045043;B
20240208;102901;7318.000000000;1;9564045155;S
20240208;102901;7318.000000000;3;9564045182;S
20240208;102901;7318.000000000;1;9564045208;S
20240208;102901;7318.000000000;5;9564045242;S
20240208;102902;7318.500000000;9;9564045402;B
20240208;102902;7318.500000000;3;9564045403;B
20240208;102902;7319.000000000;11;9564045404;B
20240208;102902;7318.500000000;1;9564045406;S
20240208;102903;7318.000000000;3;9564045535;S
20240208;102903;7318.500000000;3;9564045539;B
20240208;102903;7318.500000000;7;9564045540;B
20240208;102903;7319.000000000;3;9564045541;B
20240208;102905;7318.000000000;1;9564045708;S
20240208;102907;7318.000000000;90;9564046090;S
20240208;102907;7318.000000000;1;9564046091;S
20240208;102907;7318.000000000;9;9564046092;S
20240208;102907;7318.500000000;14;9564046170;B
20240208;102907;7318.500000000;21;9564046171;B
20240208;102907;7318.500000000;4;9564046172;B
20240208;102907;7318.500000000;7;9564046173;B
20240208;102907;7319.000000000;47;9564046194;B
20240208;102907;7319.000000000;3;9564046195;B
20240208;102907;7319.000000000;1;9564046196;B
20240208;102907;7319.000000000;10;9564046197;B
20240208;102907;7319.000000000;30;9564046198;B
20240208;102907;7319.000000000;21;9564046199;B
20240208;102907;7319.500000000;1;9564046200;B
20240208;102907;7319.500000000;40;9564046201;B
20240208;102907;7319.500000000;1;9564046202;B
20240208;102907;7319.500000000;10;9564046203;B
20240208;102907;7319.500000000;37;9564046204;B
20240208;102907;7319.500000000;7;9564046205;B
20240208;102907;7320.000000000;4;9564046206;B
20240208;102907;7320.000000000;2;9564046207;B
20240208;102907;7320.000000000;1;9564046208;B
20240208;102907;7320.000000000;10;9564046209;B
20240208;102907;7320.000000000;1;9564046210;B
20240208;102907;7320.000000000;14;9564046211;B
20240208;102907;7320.000000000;10;9564046212;B
20240208;102908;7320.000000000;3;9564046257;B
20240208;102910;7319.500000000;6;9564046550;B
20240208;102910;7320.000000000;7;9564046551;B
20240208;102910;7320.000000000;1;9564046552;B
20240208;102910;7320.000000000;5;9564046553;B
20240208;102910;7320.000000000;16;9564046554;B
20240208;102910;7319.500000000;4;9564046615;S
20240208;102910;7320.000000000;3;9564046621;B
20240208;102911;7319.500000000;17;9564046719;S
20240208;102911;7319.000000000;50;9564046720;S
20240208;102911;7319.000000000;133;9564046736;B
20240208;102911;7319.000000000;8;9564046737;B
20240208;102911;7319.500000000;4;9564046738;B
20240208;102911;7320.000000000;22;9564046779;B
20240208;102913;7319.500000000;5;9564047026;S
20240208;102913;7318.500000000;4;9564047027;S
20240208;102913;7318.500000000;6;9564047028;S
20240208;102913;7318.000000000;1;9564047032;S
20240208;102914;7318.000000000;5;9564047130;S
20240208;102914;7319.000000000;1;9564047148;B
20240208;102917;7319.000000000;1;9564048052;B
20240208;102917;7319.000000000;28;9564048053;B
20240208;102917;7319.500000000;8;9564048054;B
20240208;102917;7319.500000000;116;9564048055;B
20240208;102917;7319.500000000;1;9564048063;B
20240208;102919;7318.000000000;14;9564048350;S
20240208;102919;7318.000000000;1;9564048351;S
20240208;102920;7319.500000000;2;9564048594;B
20240208;102920;7320.000000000;30;9564048595;B
20240208;102920;7320.000000000;5;9564048596;B
20240208;102920;7320.000000000;1;9564048597;B
20240208;102920;7320.000000000;4;9564048598;B
20240208;102920;7320.000000000;5;9564048599;B
20240208;102920;7320.000000000;1;9564048600;B
20240208;102920;7320.000000000;1;9564048601;B
20240208;102920;7320.000000000;19;9564048602;B
20240208;102923;7318.500000000;4;9564049375;S
20240208;102923;7318.500000000;21;9564049376;S
20240208;102923;7318.500000000;5;9564049377;S
20240208;102924;7319.500000000;2;9564049570;B
20240208;102924;7319.500000000;8;9564049571;B
20240208;102928;7320.000000000;100;9564050086;B
20240208;102930;7319.000000000;1;9564050386;S
20240208;102930;7319.000000000;1;9564050404;S
20240208;102931;7320.000000000;181;9564050532;B
20240208;102931;7320.000000000;4;9564050533;B
20240208;102931;7320.000000000;1;9564050534;B
20240208;102931;7320.000000000;1;9564050535;B
20240208;102931;7320.000000000;1;9564050536;B
20240208;102931;7320.000000000;2;9564050537;B
20240208;102931;7320.000000000;66;9564050538;B
20240208;102931;7320.000000000;3;9564050539;B
20240208;102931;7320.000000000;7;9564050540;B
20240208;102931;7320.000000000;2;9564050541;B
20240208;102931;7320.000000000;9;9564050542;B
20240208;102931;7320.000000000;8;9564050543;B
20240208;102931;7320.000000000;14;9564050544;B
20240208;102931;7320.000000000;1;9564050545;B
20240208;102932;7320.000000000;1;9564050696;B
20240208;102932;7320.000000000;1;9564050697;B
20240208;102932;7320.000000000;1;9564050698;B
20240208;102932;7320.000000000;19;9564050699;B
20240208;102933;7320.000000000;31;9564050744;B
20240208;102933;7320.000000000;2;9564050745;B
20240208;102933;7320.000000000;60;9564050746;B
20240208;102933;7320.000000000;1;9564050773;B
20240208;102938;7319.500000000;1;9564051663;B
20240208;102938;7319.500000000;1;9564051718;B
20240208;102939;7319.500000000;3;9564051747;B
20240208;102939;7320.000000000;28;9564051748;B
20240208;102939;7320.000000000;2;9564051749;B
20240208;102939;7320.000000000;1;9564051750;B
20240208;102939;7320.000000000;3;9564051751;B
20240208;102939;7320.000000000;1;9564051752;B
20240208;102939;7320.000000000;5;9564051753;B
20240208;102939;7320.000000000;1;9564051754;B
20240208;102939;7320.000000000;15;9564051755;B
20240208;102939;7320.000000000;44;9564051756;B
20240208;102939;7320.000000000;10;9564051757;B
20240208;102939;7320.000000000;5;9564051758;B
20240208;102939;7320.000000000;1;9564051759;B
20240208;102939;7320.000000000;40;9564051760;B
20240208;102939;7320.000000000;1;9564051761;B
20240208;102939;7320.000000000;4;9564051762;B
20240208;102939;7320.000000000;1;9564051763;B
20240208;102939;7320.000000000;2;9564051764;B
20240208;102939;7320.000000000;8;9564051765;B
20240208;102939;7320.000000000;1;9564051766;B
20240208;102939;7320.000000000;2;9564051767;B
20240208;102939;7320.000000000;2;9564051768;B
20240208;102939;7320.000000000;9;9564051769;B
20240208;102939;7320.000000000;1;9564051770;B
20240208;102939;7320.000000000;22;9564051771;B
20240208;102939;7320.000000000;2;9564051772;B
20240208;102939;7320.000000000;34;9564051773;B
20240208;102939;7320.000000000;1;9564051774;B
20240208;102939;7320.000000000;15;9564051775;B
20240208;102939;7320.000000000;13;9564051776;B
20240208;102939;7320.000000000;7;9564051777;B
20240208;102939;7320.000000000;1;9564051778;B
20240208;102939;7320.000000000;4;9564051779;B
20240208;102939;7320.000000000;2;9564051855;B
20240208;102940;7319.000000000;10;9564051911;S
20240208;102940;7318.500000000;5;9564051912;S
20240208;102940;7318.500000000;21;9564051913;S
20240208;102940;7318.500000000;1;9564051914;S
20240208;102940;7318.000000000;27;9564051915;S
20240208;102940;7320.000000000;9;9564052018;B
20240208;102940;7320.000000000;2;9564052019;B
20240208;102940;7320.000000000;2;9564052020;B
20240208;102940;7320.000000000;1;9564052021;B
20240208;102940;7320.000000000;1;9564052022;B
20240208;102942;7318.000000000;5;9564052279;S
20240208;102942;7318.500000000;3;9564052290;B
20240208;102944;7319.000000000;62;9564052576;B
20240208;102945;7319.000000000;3;9564052592;B
20240208;102945;7318.500000000;12;9564052632;S
20240208;102946;7318.500000000;2;9564052690;S
20240208;102949;7318.500000000;2;9564053319;S
20240208;102949;7318.500000000;1;9564053320;S
20240208;102950;7319.000000000;1;9564053528;B
20240208;102951;7318.500000000;1;9564053868;S
20240208;102952;7319.000000000;1;9564053987;B
20240208;102953;7319.000000000;22;9564054102;B
20240208;102955;7318.500000000;2;9564054397;S
20240208;102957;7319.000000000;10;9564054643;B
20240208;103006;7319.000000000;1;9564056501;B
20240208;103006;7319.000000000;1;9564056526;B
20240208;103007;7318.500000000;4;9564056875;S
20240208;103008;7319.000000000;1;9564057100;B
20240208;103010;7318.500000000;1;9564057477;S
20240208;103011;7318.500000000;1;9564057575;S
20240208;103011;7318.500000000;1;9564057708;S
20240208;103012;7318.500000000;11;9564057796;S
20240208;103012;7318.500000000;1;9564057797;S
20240208;103012;7318.500000000;1;9564057798;S
20240208;103012;7318.500000000;1;9564057799;S
20240208;103012;7318.500000000;10;9564057800;S
20240208;103012;7318.500000000;1;9564057861;B
20240208;103013;7318.000000000;1;9564058079;S
20240208;103013;7318.500000000;2;9564058093;B
20240208;103013;7318.000000000;1;9564058117;S
20240208;103014;7318.000000000;4;9564058340;S
20240208;103014;7318.500000000;1;9564058363;B
20240208;103014;7318.500000000;22;9564058383;B
20240208;103015;7318.000000000;61;9564058566;S
20240208;103015;7318.000000000;10;9564058567;S
20240208;103015;7318.000000000;200;9564058568;S
20240208;103015;7318.000000000;15;9564058569;S
20240208;103015;7318.500000000;3;9564058714;B
20240208;103015;7318.500000000;1;9564058718;B
20240208;103017;7318.000000000;1;9564058959;S
20240208;103018;7318.000000000;1;9564059112;S
20240208;103019;7318.500000000;10;9564059384;B
20240208;103019;7318.000000000;8;9564059430;S
20240208;103020;7318.000000000;100;9564059468;S
20240208;103025;7318.000000000;400;9564060246;S
20240208;103026;7318.000000000;1;9564060425;S
20240208;103027;7318.000000000;20;9564060603;S
20240208;103028;7318.000000000;10;9564060787;S
20240208;103033;7318.000000000;30;9564061454;S
20240208;103033;7318.500000000;15;9564061472;B
20240208;103035;7318.000000000;65;9564061799;S
20240208;103035;7318.000000000;4;9564061800;S
20240208;103035;7318.000000000;4;9564061801;S
20240208;103035;7318.000000000;4;9564061802;S
20240208;103035;7318.000000000;3;9564061803;S
20240208;103035;7318.500000000;22;9564061822;B
20240208;103035;7318.000000000;72;9564061868;S
20240208;103036;7318.000000000;2;9564061891;S
20240208;103038;7318.000000000;10;9564062108;S
20240208;103038;7318.500000000;99;9564062167;B
20240208;103038;7318.500000000;1;9564062168;B
20240208;103039;7318.500000000;1;9564062202;B
20240208;103039;7318.500000000;8;9564062236;B
20240208;103039;7318.500000000;10;9564062237;B
20240208;103039;7318.500000000;21;9564062238;B
20240208;103039;7318.500000000;3;9564062239;B
20240208;103039;7318.500000000;1;9564062240;B
20240208;103039;7318.500000000;8;9564062241;B
20240208;103039;7319.000000000;98;9564062242;B
20240208;103039;7319.000000000;10;9564062243;B
20240208;103039;7319.000000000;1;9564062244;B
20240208;103039;7319.000000000;1;9564062245;B
20240208;103039;7319.000000000;10;9564062246;B
20240208;103039;7319.000000000;12;9564062247;B
20240208;103039;7318.000000000;23;9564062296;S
20240208;103042;7318.500000000;2;9564062927;B
20240208;103042;7318.500000000;8;9564062994;B
20240208;103042;7318.500000000;2;9564062995;B
20240208;103042;7318.500000000;15;9564062996;B
20240208;103043;7318.000000000;5;9564063113;S
20240208;103044;7318.500000000;2;9564063245;B
20240208;103047;7318.000000000;25;9564063668;S
20240208;103048;7318.000000000;1;9564063786;S
20240208;103050;7318.000000000;4;9564064459;S
20240208;103050;7318.500000000;1;9564064520;B
20240208;103051;7318.500000000;1;9564064540;B
20240208;103051;7318.000000000;1;9564064681;S
20240208;103052;7318.000000000;3;9564064849;S
20240208;103055;7318.000000000;10;9564065376;S
20240208;103056;7318.000000000;36;9564065530;S
20240208;103056;7318.500000000;22;9564065575;B
20240208;103057;7318.500000000;15;9564065729;B
20240208;103059;7318.000000000;2;9564066178;S
20240208;103100;7318.000000000;8;9564066262;S
20240208;103100;7318.000000000;1;9564066395;S
20240208;103100;7318.000000000;18;9564066422;S
20240208;103102;7318.000000000;5;9564066665;S
20240208;103105;7318.000000000;1;9564067193;S
20240208;103106;7318.000000000;26;9564067274;S
20240208;103106;7318.000000000;4;9564067289;S
20240208;103106;7318.500000000;1;9564067315;B
20240208;103106;7318.000000000;1;9564067326;S
20240208;103111;7318.000000000;5;9564068560;S
20240208;103113;7318.000000000;1;9564068976;S
20240208;103113;7318.000000000;2;9564068995;S
20240208;103113;7318.000000000;1;9564068999;S
20240208;103117;7318.000000000;20;9564069727;S
20240208;103117;7318.500000000;1;9564069763;B
20240208;103117;7318.500000000;1;9564069764;B
20240208;103117;7318.500000000;20;9564069765;B
20240208;103117;7318.000000000;1;9564069831;S
20240208;103118;7318.000000000;6;9564069899;S
20240208;103118;7318.000000000;1;9564069962;S
20240208;103118;7318.000000000;20;9564070021;S
20240208;103121;7318.500000000;1;9564070680;B
20240208;103121;7318.500000000;39;9564070681;B
20240208;103122;7318.000000000;20;9564070860;S
20240208;103122;7318.500000000;11;9564070876;B
20240208;103122;7318.500000000;21;9564070877;B
20240208;103122;7318.500000000;2;9564070878;B
20240208;103122;7318.500000000;28;9564070879;B
20240208;103122;7318.500000000;6;9564070880;B
20240208;103122;7318.500000000;10;9564070881;B
20240208;103122;7319.000000000;8;9564070882;B
20240208;103122;7319.000000000;10;9564070883;B
20240208;103122;7319.000000000;8;9564070884;B
20240208;103122;7319.000000000;2;9564070885;B
20240208;103122;7319.500000000;8;9564070886;B
20240208;103122;7319.500000000;1;9564070887;B
20240208;103122;7319.500000000;30;9564070888;B
20240208;103122;7319.500000000;25;9564070889;B
20240208;103122;7319.500000000;2;9564070890;B
20240208;103122;7319.500000000;28;9564070891;B
20240208;103122;7318.500000000;10;9564070892;S
20240208;103123;7319.000000000;3;9564071233;B
20240208;103125;7319.000000000;18;9564071996;B
20240208;103125;7319.000000000;10;9564071997;B
20240208;103125;7319.000000000;1;9564071998;B
20240208;103125;7319.000000000;1;9564071999;B
20240208;103126;7319.000000000;3;9564072112;B
20240208;103128;7319.000000000;3;9564072369;B
20240208;103128;7318.500000000;5;9564072462;S
20240208;103128;7318.000000000;5;9564072463;S
20240208;103131;7318.000000000;24;9564072941;S
20240208;103131;7318.000000000;30;9564072942;S
20240208;103131;7318.000000000;8;9564072943;S
20240208;103135;7318.500000000;1;9564073647;B
20240208;103135;7318.500000000;2;9564073648;B
20240208;103137;7318.500000000;33;9564073896;B
20240208;103138;7318.500000000;15;9564074133;B
20240208;103138;7319.000000000;7;9564074134;B
20240208;103142;7318.500000000;2;9564075173;S
20240208;103144;7318.500000000;5;9564075449;S
20240208;103148;7318.000000000;1;9564076367;S
20240208;103148;7318.000000000;5;9564076386;S
20240208;103149;7318.000000000;51;9564076470;S
20240208;103150;7318.000000000;5;9564076602;S
20240208;103150;7318.000000000;5;9564076606;S
20240208;103151;7318.000000000;7;9564076767;S
20240208;103152;7318.000000000;2;9564076845;S
20240208;103152;7318.000000000;5;9564076873;S
20240208;103156;7318.000000000;14;9564077812;S
20240208;103156;7318.500000000;4;9564077935;B
20240208;103158;7318.000000000;5;9564078118;S
20240208;103158;7318.000000000;1;9564078172;S
20240208;103158;7318.000000000;9;9564078173;S
20240208;103158;7318.000000000;1;9564078174;S
20240208;103158;7318.000000000;9;9564078175;S
20240208;103159;7318.500000000;22;9564078258;B
20240208;103201;7318.000000000;2;9564078750;S
20240208;103201;7318.500000000;1;9564078807;B
20240208;103201;7318.500000000;4;9564078822;B
20240208;103209;7318.500000000;1;9564081928;S
20240208;103209;7318.500000000;1;9564081945;S
20240208;103210;7318.500000000;4;9564082013;S
20240208;103210;7318.000000000;4;9564082014;S
20240208;103210;7318.000000000;2;9564082015;S
20240208;103211;7318.500000000;8;9564082505;B
20240208;103211;7318.500000000;2;9564082506;B
20240208;103212;7318.000000000;98;9564083217;S
20240208;103212;7318.000000000;2;9564083218;S
20240208;103214;7318.000000000;1;9564083660;S
20240208;103217;7318.000000000;80;9564084285;S
20240208;103218;7318.000000000;3;9564084550;S
20240208;103218;7318.000000000;15;9564084672;S
20240208;103219;7318.000000000;5;9564084905;S
20240208;103219;7318.000000000;5;9564084906;S
20240208;103219;7318.000000000;25;9564084911;S
20240208;103219;7318.000000000;4;9564084931;S
20240208;103220;7318.500000000;22;9564084998;B
20240208;103220;7318.500000000;1;9564085047;B
20240208;103223;7318.000000000;8;9564085649;S
20240208;103223;7318.000000000;1;9564085655;S
20240208;103227;7318.000000000;1;9564086395;S
20240208;103228;7318.500000000;2;9564086477;B
20240208;103228;7318.500000000;21;9564086478;B
20240208;103228;7318.500000000;1;9564086479;B
20240208;103228;7318.500000000;4;9564086480;B
20240208;103228;7318.500000000;10;9564086481;B
20240208;103228;7318.500000000;34;9564086482;B
20240208;103228;7318.500000000;1;9564086483;B
20240208;103228;7319.000000000;10;9564086484;B
20240208;103228;7319.000000000;1;9564086485;B
20240208;103228;7319.000000000;2;9564086486;B
20240208;103228;7319.000000000;56;9564086487;B
20240208;103228;7319.000000000;2;9564086488;B
20240208;103228;7319.000000000;148;9564086489;B
20240208;103228;7319.000000000;3;9564086490;B
20240208;103228;7319.000000000;4;9564086491;B
20240208;103228;7319.000000000;1;9564086492;B
20240208;103232;7318.500000000;3;9564087167;B
20240208;103233;7318.000000000;3;9564087332;S
20240208;103233;7318.000000000;10;9564087341;S
20240208;103236;7318.500000000;12;9564087835;B
20240208;103238;7318.000000000;30;9564088332;S
20240208;103241;7318.500000000;12;9564088673;B
20240208;103241;7318.500000000;10;9564088674;B
20240208;103243;7318.000000000;14;9564089147;S
20240208;103243;7318.000000000;1;9564089148;S
20240208;103243;7318.000000000;5;9564089149;S
20240208;103243;7318.000000000;1;9564089184;S
20240208;103244;7318.500000000;21;9564089239;B
20240208;103244;7318.500000000;2;9564089240;B
20240208;103244;7318.500000000;1;9564089241;B
20240208;103244;7318.500000000;76;9564089242;B
20240208;103245;7318.500000000;1;9564089423;B
20240208;103245;7318.000000000;2;9564089445;S
20240208;103246;7318.000000000;4;9564089821;S
20240208;103246;7318.000000000;10;9564089828;S
20240208;103247;7318.000000000;1;9564090025;S
20240208;103248;7318.000000000;32;9564090163;S
20240208;103249;7318.000000000;246;9564090264;S
20240208;103252;7318.000000000;4;9564090789;S
20240208;103252;7317.500000000;20;9564090790;S
20240208;103252;7317.500000000;1;9564090791;S
20240208;103252;7317.000000000;10;9564090792;S
20240208;103252;7317.000000000;29;9564090793;S
20240208;103252;7317.000000000;12;9564090798;S
20240208;103252;7317.000000000;1;9564090863;S
20240208;103253;7317.000000000;5;9564090895;S
20240208;103255;7317.000000000;40;9564091215;S
20240208;103256;7317.000000000;86;9564091350;S
20240208;103256;7317.000000000;17;9564091351;S
20240208;103256;7316.500000000;50;9564091353;S
20240208;103256;7315.000000000;1;9564091355;S
20240208;103256;7315.000000000;20;9564091356;S
20240208;103256;7315.000000000;3;9564091357;S
20240208;103256;7315.000000000;7;9564091358;S
20240208;103256;7315.000000000;1;9564091359;S
20240208;103257;7312.500000000;1;9564091530;S
20240208;103258;7312.500000000;3;9564091716;S
20240208;103259;7312.500000000;1;9564091852;S
20240208;103259;7312.500000000;1;9564092065;S
20240208;103300;7312.500000000;28;9564092198;S
20240208;103300;7312.500000000;1;9564092268;S
20240208;103301;7312.500000000;57;9564092624;S
20240208;103301;7312.500000000;11;9564092625;S
20240208;103301;7312.500000000;21;9564092715;B
20240208;103301;7312.500000000;1;9564092716;B
20240208;103301;7310.000000000;2;9564092717;S
20240208;103303;7310.000000000;1;9564093089;S
20240208;103303;7310.000000000;10;9564093090;S
20240208;103303;7310.000000000;10;9564093231;B
20240208;103304;7309.500000000;9;9564093309;S
20240208;103305;7310.500000000;7;9564093597;B
20240208;103305;7311.000000000;3;9564093598;B
20240208;103305;7311.500000000;20;9564093599;B
20240208;103306;7313.000000000;15;9564093809;B
20240208;103306;7313.000000000;56;9564093810;B
20240208;103306;7313.000000000;10;9564093811;B
20240208;103306;7314.000000000;14;9564093818;B
20240208;103306;7314.500000000;1;9564093896;S
20240208;103306;7314.500000000;20;9564093897;S
20240208;103308;7311.000000000;1;9564094469;S
20240208;103308;7310.500000000;4;9564094470;S
20240208;103308;7310.000000000;5;9564094471;S
20240208;103311;7310.000000000;2;9564095380;S
20240208;103314;7310.000000000;9;9564096032;S
20240208;103314;7310.000000000;9;9564096033;S
20240208;103314;7310.000000000;5;9564096034;S
20240208;103314;7309.500000000;20;9564096035;S
20240208;103314;7309.500000000;9;9564096036;S
20240208;103315;7308.500000000;9;9564096494;S
20240208;103315;7308.500000000;2;9564096495;S
20240208;103315;7308.000000000;3;9564096496;S
20240208;103315;7308.000000000;1;9564096497;S
20240208;103315;7308.000000000;78;9564096498;S
20240208;103317;7308.500000000;1;9564097004;S
20240208;103319;7310.000000000;3;9564097345;B
20240208;103322;7309.500000000;1;9564098058;S
20240208;103322;7310.500000000;22;9564098088;B
20240208;103326;7309.000000000;9;9564098858;S
20240208;103326;7309.000000000;4;9564098859;S
20240208;103326;7308.500000000;49;9564098860;S
20240208;103326;7308.000000000;22;9564098861;S
20240208;103326;7308.000000000;5;9564098862;S
20240208;103326;7308.000000000;10;9564098863;S
20240208;103326;7307.500000000;20;9564098864;S
20240208;103326;7307.500000000;20;9564098865;S
20240208;103326;7307.000000000;10;9564098866;S
20240208;103326;7307.000000000;5;9564098867;S
20240208;103326;7306.500000000;5;9564098868;S
20240208;103326;7306.000000000;1;9564098869;S
20240208;103326;7306.000000000;4;9564098870;S
20240208;103326;7306.000000000;90;9564098871;S
20240208;103326;7305.500000000;46;9564098872;S
20240208;103326;7306.000000000;1;9564098877;S
20240208;103327;7306.000000000;2;9564099000;S
20240208;103332;7306.000000000;1;9564099874;S
20240208;103332;7306.000000000;2;9564099875;S
20240208;103332;7306.000000000;5;9564100037;S
20240208;103332;7305.500000000;10;9564100038;S
20240208;103332;7305.500000000;16;9564100078;S
20240208;103335;7309.000000000;21;9564101094;B
20240208;103335;7309.000000000;9;9564101095;B
20240208;103335;7309.500000000;19;9564101096;B
20240208;103335;7310.000000000;5;9564101097;B
20240208;103335;7310.000000000;20;9564101098;B
20240208;103335;7310.500000000;8;9564101099;B
20240208;103335;7310.500000000;49;9564101100;B
20240208;103335;7311.500000000;1;9564101101;B
20240208;103335;7312.000000000;2;9564101102;B
20240208;103335;7313.500000000;20;9564101103;B
20240208;103335;7313.500000000;10;9564101104;B
20240208;103335;7314.500000000;14;9564101105;B
20240208;103335;7315.000000000;1;9564101106;B
20240208;103335;7315.000000000;7;9564101107;B
20240208;103335;7315.000000000;58;9564101108;B
20240208;103335;7315.000000000;10;9564101109;B
20240208;103335;7315.500000000;20;9564101110;B
20240208;103335;7316.000000000;20;9564101111;B
20240208;103335;7316.500000000;90;9564101112;B
20240208;103335;7316.500000000;27;9564101113;B
20240208;103335;7317.000000000;20;9564101114;B
20240208;103335;7318.000000000;2;9564101115;B
20240208;103335;7318.000000000;2;9564101116;B
20240208;103335;7318.000000000;20;9564101117;B
20240208;103335;7318.500000000;10;9564101118;B
20240208;103335;7318.500000000;50;9564101119;B
20240208;103335;7318.500000000;13;9564101120;B
20240208;103335;7319.000000000;132;9564101121;B
20240208;103335;7319.000000000;5;9564101122;B
20240208;103335;7319.000000000;5;9564101123;B
20240208;103335;7319.000000000;4;9564101124;B
20240208;103335;7319.500000000;172;9564101125;B
20240208;103335;7319.500000000;4;9564101126;B
20240208;103335;7319.500000000;5;9564101127;B
20240208;103335;7319.500000000;1;9564101128;B
20240208;103335;7319.500000000;1;9564101129;B
20240208;103335;7319.500000000;100;9564101130;B
20240208;103335;7319.500000000;1;9564101131;B
20240208;103335;7319.500000000;10;9564101132;B
20240208;103335;7319.500000000;9;9564101133;B
20240208;103335;7319.500000000;14;9564101134;B
20240208;103335;7319.500000000;20;9564101135;B
20240208;103335;7320.000000000;60;9564101136;B
20240208;103335;7320.000000000;15;9564101137;B
20240208;103335;7320.000000000;4;9564101138;B
20240208;103335;7320.000000000;1;9564101139;B
20240208;103335;7320.000000000;1;9564101140;B
20240208;103335;7320.000000000;3;9564101141;B
20240208;103335;7320.000000000;3;9564101142;B
20240208;103335;7320.000000000;8;9564101143;B
20240208;103335;7320.000000000;1;9564101144;B
20240208;103335;7320.000000000;1;9564101145;B
20240208;103335;7320.000000000;3;9564101146;B
20240208;103335;7320.000000000;1;9564101147;B
20240208;103335;7320.000000000;2;9564101148;B
20240208;103335;7320.000000000;5;9564101149;B
20240208;103335;7320.000000000;1;9564101150;B
20240208;103335;7320.000000000;9;9564101151;B
20240208;103335;7320.000000000;7;9564101152;B
20240208;103335;7320.000000000;10;9564101153;B
20240208;103335;7320.000000000;1;9564101154;B
20240208;103335;7320.000000000;2;9564101155;B
20240208;103335;7320.000000000;2;9564101156;B
20240208;103335;7320.000000000;2;9564101157;B
20240208;103335;7320.000000000;1;9564101158;B
20240208;103335;7320.000000000;2;9564101159;B
20240208;103335;7320.000000000;1;9564101160;B
20240208;103335;7320.000000000;1;9564101161;B
20240208;103335;7320.000000000;1;9564101162;B
20240208;103335;7320.000000000;1;9564101163;B
20240208;103335;7320.000000000;1;9564101164;B
20240208;103335;7320.000000000;3;9564101165;B
20240208;103335;7320.000000000;24;9564101166;B
20240208;103335;7320.000000000;12;9564101167;B
20240208;103335;7320.000000000;2;9564101168;B
20240208;103335;7320.000000000;1;9564101169;B
20240208;103335;7320.000000000;3;9564101170;B
20240208;103335;7320.000000000;2;9564101171;B
20240208;103335;7320.000000000;1;9564101172;B
20240208;103335;7320.000000000;1;9564101173;B
20240208;103335;7320.000000000;3;9564101174;B
20240208;103335;7320.000000000;1;9564101175;B
20240208;103335;7320.000000000;4;9564101176;B
20240208;103335;7320.000000000;2;9564101177;B
20240208;103335;7320.000000000;1;9564101178;B
20240208;103335;7320.000000000;1;9564101179;B
20240208;103335;7320.000000000;1;9564101180;B
20240208;103335;7320.000000000;100;9564101181;B
20240208;103335;7320.000000000;1;9564101182;B
20240208;103335;7320.000000000;10;9564101183;B
20240208;103335;7320.000000000;1;9564101184;B
20240208;103335;7320.000000000;5;9564101185;B
20240208;103335;7320.000000000;1;9564101186;B
20240208;103335;7320.000000000;7;9564101187;B
20240208;103335;7320.000000000;2;9564101188;B
20240208;103335;7320.000000000;10;9564101189;B
20240208;103335;7320.000000000;25;9564101190;B
20240208;103335;7320.000000000;1;9564101191;B
20240208;103335;7320.000000000;3;9564101192;B
20240208;103335;7320.000000000;11;9564101193;B
20240208;103335;7308.500000000;21;9564101199;B
20240208;103335;7315.500000000;21;9564101241;B
20240208;103335;7316.000000000;9;9564101242;B
20240208;103335;7316.000000000;33;9564101243;B
20240208;103335;7317.000000000;37;9564101244;B
20240208;103335;7319.000000000;10;9564101245;B
20240208;103335;7319.500000000;27;9564101246;B
20240208;103335;7319.500000000;7;9564101247;B
20240208;103335;7319.500000000;10;9564101248;B
20240208;103335;7320.000000000;51;9564101249;B
20240208;103335;7320.000000000;34;9564101250;B
20240208;103335;7313.500000000;10;9564101340;S
20240208;103336;7313.000000000;6;9564101466;S
20240208;103339;7314.000000000;4;9564102284;S
20240208;103340;7317.000000000;3;9564102360;B
20240208;103343;7316.000000000;6;9564103064;B
20240208;103343;7316.000000000;16;9564103065;B
20240208;103345;7313.000000000;2;9564103510;S
20240208;103346;7313.000000000;5;9564103546;S
20240208;103346;7313.000000000;1;9564103624;S
20240208;103351;7315.500000000;1;9564105682;B
20240208;103354;7313.000000000;25;9564106366;S
20240208;103354;7312.000000000;9;9564106367;S
20240208;103354;7312.000000000;1;9564106368;S
20240208;103404;7315.000000000;2;9564108989;B
20240208;103404;7315.000000000;3;9564108990;B
20240208;103404;7315.500000000;10;9564108991;B
20240208;103404;7315.500000000;7;9564108992;B
20240208;103407;7315.500000000;4;9564109931;B
20240208;103407;7315.500000000;8;9564109932;B
20240208;103407;7315.500000000;13;9564109933;S
20240208;103410;7311.500000000;1;9564110647;S
20240208;103417;7311.500000000;1;9564112330;B
20240208;103418;7310.500000000;4;9564112545;S
20240208;103419;7310.500000000;2;9564112759;B
20240208;103420;7314.000000000;1;9564113387;B
20240208;103422;7314.500000000;7;9564113892;B
20240208;103422;7314.500000000;3;9564113893;B
20240208;103422;7314.500000000;3;9564113894;B
20240208;103425;7310.000000000;10;9564114390;S
20240208;103425;7309.500000000;58;9564114391;S
20240208;103425;7309.500000000;22;9564114403;B
20240208;103425;7309.500000000;2;9564114440;B
20240208;103427;7309.500000000;3;9564114730;B
20240208;103428;7309.500000000;25;9564114960;B
20240208;103430;7309.000000000;1;9564115208;S
20240208;103430;7309.000000000;6;9564115209;S
20240208;103430;7308.500000000;13;9564115210;S
20240208;103438;7308.500000000;1;9564117508;S
20240208;103441;7308.500000000;1;9564118330;S
20240208;103441;7308.500000000;5;9564118454;S
20240208;103446;7309.000000000;7;9564120183;B
20240208;103446;7309.500000000;15;9564120184;B
20240208;103449;7308.500000000;3;9564120779;S
20240208;103449;7308.500000000;3;9564120780;S
20240208;103449;7308.000000000;9;9564120781;S
20240208;103449;7308.500000000;2;9564120943;S
20240208;103449;7308.500000000;2;9564120944;S
20240208;103449;7308.000000000;7;9564120945;S
20240208;103449;7307.500000000;2;9564120946;S
20240208;103449;7307.500000000;20;9564120947;S
20240208;103449;7306.500000000;1;9564120948;S
20240208;103449;7306.500000000;20;9564120949;S
20240208;103449;7306.500000000;39;9564120950;S
20240208;103449;7306.000000000;58;9564120951;S
20240208;103449;7305.500000000;61;9564120952;S
20240208;103450;7306.000000000;2;9564121172;S
20240208;103453;7306.500000000;1;9564122157;S
20240208;103453;7306.000000000;1;9564122158;S
20240208;103458;7306.500000000;1;9564123865;S
20240208;103458;7306.000000000;10;9564123866;S
20240208;103458;7308.000000000;1;9564123990;B
20240208;103458;7309.000000000;1;9564123991;B
20240208;103458;7309.500000000;2;9564123992;B
20240208;103458;7306.000000000;7;9564124034;S
20240208;103458;7306.000000000;7;9564124035;S
20240208;103458;7305.500000000;67;9564124036;S
20240208;103458;7305.500000000;26;9564124037;S
20240208;103501;7305.000000000;3;9564125560;S
20240208;103501;7305.000000000;10;9564125561;S
20240208;103501;7305.000000000;2;9564125562;S
20240208;103501;7305.000000000;5;9564125563;S
20240208;103501;7305.000000000;10;9564125722;S
20240208;103501;7305.000000000;4;9564125723;S
20240208;103501;7304.500000000;1;9564125724;S
20240208;103502;7304.000000000;10;9564126481;S
20240208;103502;7303.500000000;7;9564126482;S
20240208;103502;7303.500000000;33;9564126483;S
20240208;103502;7305.000000000;5;9564126660;B
20240208;103507;7305.000000000;22;9564128871;B
20240208;103508;7303.000000000;25;9564129156;S
20240208;103509;7303.000000000;75;9564129600;S
20240208;103509;7303.000000000;59;9564129601;S
20240208;103509;7302.500000000;30;9564129966;S
20240208;103510;7302.000000000;1;9564130422;S
20240208;103510;7302.000000000;7;9564130512;S
20240208;103510;7302.000000000;35;9564130513;S
20240208;103510;7302.000000000;20;9564130514;S
20240208;103511;7302.000000000;7;9564130792;B
20240208;103511;7302.000000000;14;9564130793;B
20240208;103511;7302.500000000;20;9564130794;B
20240208;103511;7303.000000000;21;9564130795;B
20240208;103513;7301.500000000;2;9564131680;S
20240208;103513;7301.500000000;7;9564131763;S
20240208;103513;7301.000000000;200;9564131764;S
20240208;103513;7300.500000000;160;9564131765;S
20240208;103513;7300.500000000;1;9564131766;S
20240208;103513;7300.500000000;1;9564131767;S
20240208;103513;7300.500000000;3;9564131768;S
20240208;103513;7300.500000000;20;9564131769;S
20240208;103513;7300.500000000;7;9564131770;S
20240208;103513;7300.000000000;2;9564131771;S
20240208;103513;7300.000000000;2;9564131772;S
20240208;103513;7300.000000000;14;9564131773;S
20240208;103513;7300.000000000;7;9564131774;S
20240208;103513;7300.000000000;2;9564131775;S
20240208;103513;7300.000000000;42;9564131776;S
20240208;103513;7300.000000000;3;9564131777;S
20240208;103513;7300.000000000;40;9564131778;S
20240208;103513;7298.500000000;2;9564131818;S
20240208;103513;7298.500000000;1;9564131910;S
20240208;103513;7299.500000000;4;9564131928;B
20240208;103513;7298.500000000;2;9564131938;S
20240208;103514;7298.500000000;15;9564132201;S
20240208;103515;7298.000000000;1;9564132359;S
20240208;103515;7298.000000000;1;9564132382;S
20240208;103515;7298.000000000;1;9564132619;S
20240208;103515;7298.000000000;17;9564132696;S
20240208;103516;7297.500000000;7;9564132727;S
20240208;103516;7297.500000000;5;9564132734;S
20240208;103516;7297.500000000;1;9564132735;S
20240208;103516;7297.500000000;1;9564132773;S
20240208;103516;7297.500000000;1;9564132883;S
20240208;103517;7297.500000000;1;9564133001;S
20240208;103518;7297.500000000;1;9564133232;S
20240208;103518;7297.500000000;1;9564133239;S
20240208;103518;7297.500000000;1;9564133322;S
20240208;103518;7298.000000000;1;9564133490;S
20240208;103518;7298.000000000;1;9564133498;S
20240208;103518;7298.000000000;5;9564133553;S
20240208;103518;7297.500000000;13;9564133594;S
20240208;103520;7297.500000000;2;9564134097;S
20240208;103521;7297.500000000;5;9564134220;S
20240208;103522;7297.500000000;5;9564134435;S
20240208;103522;7298.000000000;3;9564134447;S
20240208;103522;7297.500000000;1;9564134448;S
20240208;103524;7297.500000000;21;9564135107;S
20240208;103524;7297.500000000;9;9564135108;S
20240208;103524;7297.500000000;6;9564135109;S
20240208;103524;7297.500000000;5;9564135110;S
20240208;103524;7297.500000000;39;9564135112;S
20240208;103524;7297.500000000;29;9564135113;S
20240208;103524;7297.500000000;5;9564135243;S
20240208;103525;7297.500000000;3;9564135349;S
20240208;103525;7298.000000000;2;9564135460;S
20240208;103526;7297.500000000;4;9564135771;S
20240208;103527;7298.000000000;1;9564136097;B
20240208;103527;7298.000000000;12;9564136194;B
20240208;103527;7298.500000000;1;9564136195;B
20240208;103527;7298.500000000;7;9564136196;B
20240208;103527;7298.500000000;13;9564136197;B
20240208;103527;7299.000000000;10;9564136198;B
20240208;103527;7299.000000000;3;9564136199;B
20240208;103527;7300.000000000;2;9564136200;B
20240208;103527;7300.000000000;5;9564136201;B
20240208;103527;7301.000000000;1;9564136202;B
20240208;103527;7302.500000000;58;9564136203;B
20240208;103527;7303.000000000;5;9564136204;B
20240208;103527;7303.000000000;1;9564136205;B
20240208;103527;7303.000000000;7;9564136206;B
20240208;103527;7304.000000000;12;9564136207;B
20240208;103527;7304.500000000;58;9564136208;B
20240208;103527;7305.000000000;175;9564136209;B
20240208;103527;7300.500000000;1;9564136279;S
20240208;103528;7305.000000000;22;9564136393;B
20240208;103528;7305.000000000;2;9564136395;B
20240208;103528;7305.000000000;3;9564136396;B
20240208;103536;7301.000000000;6;9564139311;S
20240208;103536;7301.000000000;5;9564139394;S
20240208;103539;7300.500000000;7;9564140458;S
20240208;103539;7299.500000000;39;9564140459;S
20240208;103539;7299.000000000;4;9564140460;S
20240208;103539;7300.000000000;5;9564140920;S
20240208;103542;7300.000000000;3;9564141612;S
20240208;103542;7299.500000000;78;9564141613;S
20240208;103542;7299.500000000;19;9564141614;S
20240208;103542;7299.000000000;28;9564141820;S
20240208;103542;7298.500000000;32;9564141821;S
20240208;103542;7298.500000000;10;9564141822;S
20240208;103542;7298.500000000;20;9564141823;S
20240208;103542;7297.500000000;9;9564141824;S
20240208;103542;7297.500000000;20;9564141825;S
20240208;103542;7297.000000000;27;9564141826;S
20240208;103542;7295.500000000;20;9564141827;S
20240208;103542;7295.000000000;1;9564141828;S
20240208;103542;7295.000000000;10;9564141829;S
20240208;103542;7295.000000000;10;9564141830;S
20240208;103542;7294.500000000;2;9564141831;S
20240208;103542;7294.500000000;58;9564141832;S
20240208;103542;7294.000000000;110;9564141833;S
20240208;103542;7293.500000000;291;9564141834;S
20240208;103542;7295.500000000;1;9564141859;S
20240208;103542;7295.500000000;1;9564141860;S
20240208;103543;7295.000000000;1;9564142116;B
20240208;103544;7295.500000000;1;9564142523;B
20240208;103545;7294.500000000;11;9564142561;S
20240208;103545;7294.500000000;2;9564142562;S
20240208;103545;7294.000000000;27;9564142563;S
20240208;103545;7294.000000000;10;9564142564;S
20240208;103546;7293.500000000;1;9564143093;S
20240208;103548;7295.000000000;83;9564143944;B
20240208;103548;7295.000000000;1;9564143950;B
20240208;103548;7295.000000000;7;9564144033;B
20240208;103548;7295.000000000;5;9564144052;B
20240208;103548;7294.500000000;1;9564144075;S
20240208;103549;7295.000000000;3;9564144143;B
20240208;103549;7295.000000000;22;9564144182;B
20240208;103549;7295.000000000;5;9564144382;B
20240208;103550;7294.500000000;20;9564144595;S
20240208;103550;7294.000000000;1;9564144596;S
20240208;103550;7294.000000000;14;9564144597;S
20240208;103550;7293.500000000;165;9564144598;S
20240208;103550;7294.000000000;8;9564144599;S
20240208;103550;7294.000000000;2;9564144622;S
20240208;103551;7295.000000000;1;9564144680;B
20240208;103551;7294.500000000;3;9564144781;S
20240208;103551;7295.000000000;97;9564144782;B
20240208;103551;7297.000000000;1;9564144883;B
20240208;103552;7296.500000000;3;9564145055;S
20240208;103553;7296.500000000;1;9564145951;S
20240208;103554;7296.500000000;28;9564146341;S
20240208;103554;7294.500000000;1;9564146342;S
20240208;103554;7294.000000000;20;9564146343;S
20240208;103556;7293.500000000;2;9564146918;S
20240208;103556;7295.500000000;2;9564147012;B
20240208;103557;7296.500000000;2;9564147238;S
20240208;103557;7296.500000000;26;9564147338;S
20240208;103557;7293.500000000;41;9564147339;S
20240208;103557;7293.000000000;1;9564147340;S
20240208;103557;7292.000000000;2;9564147588;S
20240208;103557;7292.000000000;6;9564147602;S
20240208;103557;7291.500000000;9;9564147603;S
20240208;103558;7291.500000000;1;9564147635;S
20240208;103558;7291.500000000;1;9564148161;S
20240208;103600;7291.500000000;3;9564148819;S
20240208;103601;7291.500000000;1;9564149583;S
20240208;103602;7291.500000000;14;9564150236;S
20240208;103602;7291.000000000;1;9564150237;S
20240208;103603;7290.000000000;1;9564150610;S
20240208;103603;7290.000000000;2;9564150611;S
20240208;103603;7290.000000000;17;9564150612;S
20240208;103605;7289.500000000;1;9564151205;S
20240208;103605;7289.500000000;8;9564151404;S
20240208;103606;7289.500000000;1;9564151519;S
20240208;103606;7289.000000000;10;9564151520;S
20240208;103606;7289.000000000;30;9564151521;S
20240208;103606;7288.000000000;1;9564151522;S
20240208;103606;7288.000000000;1;9564151523;S
20240208;103606;7288.000000000;5;9564151524;S
20240208;103606;7288.000000000;2;9564151525;S
20240208;103606;7288.000000000;20;9564151526;S
20240208;103607;7290.000000000;5;9564151970;B
20240208;103607;7287.500000000;20;9564152160;S
20240208;103607;7287.500000000;5;9564152161;S
20240208;103608;7287.500000000;1;9564152273;S
20240208;103608;7287.500000000;1;9564152349;S
20240208;103610;7290.000000000;21;9564152678;B
20240208;103610;7290.000000000;1;9564152679;B
20240208;103612;7289.500000000;1;9564153471;B
20240208;103616;7288.500000000;2;9564154890;S
20240208;103617;7289.500000000;9;9564155164;B
20240208;103617;7290.000000000;91;9564155165;B
20240208;103619;7288.000000000;15;9564155905;S
20240208;103619;7287.500000000;27;9564155906;S
20240208;103619;7287.500000000;10;9564155907;S
20240208;103619;7287.000000000;47;9564155908;S
20240208;103619;7288.500000000;15;9564155953;S
20240208;103621;7287.500000000;10;9564156613;S
20240208;103621;7287.000000000;14;9564156614;S
20240208;103622;7287.000000000;16;9564156992;S
20240208;103622;7287.000000000;2;9564157110;S
20240208;103623;7287.000000000;21;9564157229;S
20240208;103623;7287.000000000;9;9564157230;S
20240208;103623;7287.000000000;20;9564157231;S
20240208;103624;7287.000000000;1;9564157728;S
20240208;103625;7290.000000000;8;9564158076;B
20240208;103625;7290.000000000;11;9564158077;B
20240208;103625;7290.000000000;3;9564158078;B
20240208;103625;7290.000000000;5;9564158079;B
20240208;103625;7290.500000000;1;9564158080;B
20240208;103627;7288.500000000;1;9564158913;S
20240208;103627;7289.500000000;2;9564159007;B
20240208;103627;7288.500000000;4;9564159022;S
20240208;103627;7288.500000000;5;9564159023;S
20240208;103627;7288.000000000;3;9564159024;S
20240208;103628;7289.000000000;19;9564159245;S
20240208;103628;7288.500000000;10;9564159259;S
20240208;103630;7288.000000000;2;9564159824;S
20240208;103631;7290.000000000;1;9564159961;B
20240208;103631;7290.500000000;21;9564159962;B
20240208;103631;7288.000000000;2;9564160071;S
20240208;103634;7289.000000000;3;9564161215;S
20240208;103637;7289.000000000;1;9564162148;S
20240208;103637;7289.000000000;4;9564162204;S
20240208;103637;7288.500000000;19;9564162205;S
20240208;103637;7288.500000000;140;9564162206;S
20240208;103637;7287.500000000;28;9564162207;S
20240208;103637;7287.500000000;10;9564162208;S
20240208;103637;7287.500000000;20;9564162209;S
20240208;103637;7287.000000000;4;9564162210;S
20240208;103637;7286.500000000;2;9564162211;S
20240208;103637;7286.500000000;20;9564162212;S
20240208;103637;7286.000000000;1;9564162213;S
20240208;103637;7286.000000000;10;9564162214;S
20240208;103637;7286.000000000;5;9564162215;S
20240208;103637;7285.500000000;30;9564162216;S
20240208;103637;7285.500000000;4;9564162217;S
20240208;103637;7285.500000000;40;9564162218;S
20240208;103637;7285.500000000;2;9564162219;S
20240208;103637;7285.500000000;27;9564162220;S
20240208;103637;7285.000000000;1;9564162221;S
20240208;103637;7285.000000000;6;9564162222;S
20240208;103637;7285.000000000;1;9564162223;S
20240208;103637;7285.000000000;20;9564162224;S
20240208;103637;7285.000000000;1;9564162225;S
20240208;103637;7285.000000000;1;9564162226;S
20240208;103637;7285.000000000;5;9564162227;S
20240208;103637;7284.500000000;1;9564162228;S
20240208;103637;7284.500000000;2;9564162229;S
20240208;103637;7284.500000000;1;9564162230;S
20240208;103637;7284.500000000;8;9564162231;S
20240208;103637;7284.500000000;1;9564162232;S
20240208;103637;7284.500000000;30;9564162233;S
20240208;103637;7284.500000000;2;9564162234;S
20240208;103637;7284.000000000;54;9564162235;S
20240208;103637;7285.000000000;2;9564162245;S
20240208;103638;7289.000000000;2;9564162410;S
20240208;103641;7289.000000000;1;9564163474;S
20240208;103643;7289.000000000;1;9564164439;S
20240208;103644;7289.500000000;1;9564164597;B
20240208;103644;7290.000000000;1;9564164598;B
20240208;103645;7290.000000000;24;9564165334;B
20240208;103647;7290.500000000;4;9564165901;B
20240208;103647;7290.500000000;13;9564165955;B
20240208;103647;7290.500000000;7;9564165956;B
20240208;103647;7290.500000000;2;9564166050;B
20240208;103647;7290.500000000;2;9564166051;B
20240208;103647;7290.500000000;10;9564166144;B
20240208;103648;7289.500000000;5;9564166369;S
20240208;103648;7289.500000000;5;9564166370;S
20240208;103648;7289.500000000;21;9564166371;S
20240208;103648;7289.000000000;4;9564166372;S
20240208;103648;7289.000000000;10;9564166373;S
20240208;103648;7289.000000000;26;9564166374;S
20240208;103648;7289.000000000;5;9564166375;B
20240208;103648;7289.000000000;12;9564166451;B
20240208;103649;7288.500000000;28;9564166571;S
20240208;103649;7288.000000000;20;9564166572;S
20240208;103649;7287.500000000;2;9564166573;S
20240208;103649;7289.000000000;12;9564166658;B
20240208;103649;7290.000000000;5;9564166660;B
20240208;103650;7288.500000000;6;9564166981;S
20240208;103651;7290.500000000;22;9564167260;B
20240208;103651;7289.000000000;3;9564167284;S
20240208;103652;7289.000000000;22;9564167465;B
20240208;103652;7288.500000000;1;9564167498;S
20240208;103653;7289.000000000;45;9564167761;B
20240208;103653;7289.000000000;17;9564167762;B
20240208;103653;7290.000000000;11;9564167786;S
20240208;103653;7290.000000000;12;9564167798;S
20240208;103654;7290.500000000;1;9564167907;B
20240208;103654;7290.500000000;1;9564168093;B
20240208;103655;7290.000000000;1;9564168286;S
20240208;103655;7290.000000000;3;9564168404;S
20240208;103657;7290.000000000;1;9564168699;S
20240208;103657;7290.000000000;2;9564168700;S
20240208;103657;7290.000000000;1;9564168776;S
20240208;103657;7290.000000000;5;9564168777;S
20240208;103657;7290.500000000;1;9564168786;B
20240208;103658;7290.000000000;1;9564168842;S
20240208;103658;7290.500000000;4;9564168843;B
20240208;103658;7291.500000000;5;9564168844;B
20240208;103659;7291.500000000;5;9564169283;B
20240208;103659;7293.000000000;6;9564169284;B
20240208;103659;7293.500000000;5;9564169285;B
20240208;103659;7294.000000000;5;9564169286;B
20240208;103659;7294.500000000;5;9564169287;B
20240208;103659;7294.500000000;12;9564169288;B
20240208;103700;7291.500000000;1;9564169311;S
20240208;103700;7290.500000000;10;9564169312;S
20240208;103705;7292.000000000;1;9564170725;S
20240208;103705;7292.000000000;6;9564170726;S
20240208;103705;7292.000000000;5;9564170727;S
20240208;103705;7291.500000000;3;9564170728;S
20240208;103709;7292.000000000;2;9564171999;S
20240208;103712;7293.000000000;20;9564172823;B
20240208;103712;7293.000000000;2;9564172824;B
20240208;103714;7291.500000000;5;9564173320;S
20240208;103715;7291.000000000;10;9564173380;S
20240208;103715;7290.500000000;5;9564173381;S
20240208;103715;7290.000000000;4;9564173382;S
20240208;103715;7290.000000000;4;9564173383;S
20240208;103715;7290.000000000;2;9564173384;S
20240208;103724;7291.000000000;5;9564175551;S
20240208;103727;7291.500000000;5;9564176527;S
20240208;103727;7291.500000000;16;9564176528;S
20240208;103727;7291.000000000;60;9564176530;S
20240208;103728;7290.000000000;1;9564176930;S
20240208;103728;7290.000000000;27;9564176931;S
20240208;103728;7290.000000000;10;9564176932;S
20240208;103728;7290.000000000;50;9564176933;S
20240208;103729;7290.500000000;5;9564177149;B
20240208;103729;7290.500000000;21;9564177150;B
20240208;103729;7290.500000000;17;9564177151;B
20240208;103729;7291.000000000;20;9564177152;B
20240208;103729;7291.000000000;37;9564177153;S
20240208;103733;7290.000000000;2;9564178135;B
20240208;103733;7290.000000000;5;9564178136;B
20240208;103733;7290.500000000;15;9564178137;B
20240208;103734;7291.000000000;10;9564178250;B
20240208;103738;7290.000000000;5;9564179410;S
20240208;103738;7289.000000000;25;9564179411;S
20240208;103738;7289.000000000;3;9564179584;S
20240208;103738;7289.000000000;60;9564179585;S
20240208;103740;7287.000000000;27;9564179934;S
20240208;103740;7286.500000000;5;9564179935;S
20240208;103740;7286.000000000;10;9564179936;S
20240208;103740;7286.000000000;5;9564179937;S
20240208;103740;7285.000000000;80;9564179938;S
20240208;103740;7285.000000000;2;9564179939;S
20240208;103740;7285.000000000;5;9564179940;S
20240208;103740;7285.000000000;2;9564179941;S
20240208;103740;7285.000000000;5;9564179942;S
20240208;103740;7285.000000000;20;9564179943;S
20240208;103740;7284.500000000;15;9564179944;S
20240208;103740;7284.500000000;1;9564179945;S
20240208;103740;7284.000000000;118;9564179946;S
20240208;103740;7284.000000000;5;9564179947;S
20240208;103741;7284.500000000;2;9564180160;S
20240208;103742;7285.500000000;5;9564180322;B
20240208;103742;7285.500000000;5;9564180323;B
20240208;103742;7286.000000000;8;9564180324;B
20240208;103742;7287.000000000;2;9564180325;B
20240208;103743;7285.000000000;2;9564180613;S
20240208;103743;7285.000000000;3;9564180614;S
20240208;103745;7285.000000000;1;9564181080;S
20240208;103750;7285.000000000;4;9564182553;S
20240208;103750;7285.000000000;1;9564182554;S
20240208;103750;7285.000000000;27;9564182555;S
20240208;103750;7285.000000000;50;9564182556;S
20240208;103750;7284.500000000;8;9564182557;S
20240208;103750;7284.500000000;1;9564182558;S
20240208;103750;7284.000000000;526;9564182559;S
20240208;103751;7285.500000000;1;9564182663;S
20240208;103752;7285.500000000;4;9564182888;S
20240208;103752;7284.500000000;5;9564182889;S
20240208;103752;7284.000000000;11;9564182890;S
20240208;103752;7284.000000000;6;9564182989;S
20240208;103753;7284.500000000;1;9564183127;S
20240208;103753;7284.000000000;49;9564183128;S
20240208;103753;7284.000000000;10;9564183209;S
20240208;103753;7284.000000000;3;9564183244;S
20240208;103754;7285.500000000;1;9564183396;B
20240208;103754;7285.500000000;6;9564183397;B
20240208;103754;7285.500000000;57;9564183412;S
20240208;103754;7284.500000000;6;9564183413;S
20240208;103754;7284.000000000;93;9564183414;S
20240208;103754;7286.000000000;21;9564183671;B
20240208;103754;7286.500000000;1;9564183672;B
20240208;103754;7284.000000000;40;9564183697;S
20240208;103754;7284.000000000;145;9564183735;S
20240208;103755;7284.000000000;1;9564184202;S
20240208;103755;7284.000000000;180;9564184229;S
20240208;103756;7284.000000000;600;9564184470;S
20240208;103756;7284.000000000;109;9564184471;S
20240208;103756;7284.000000000;14;9564184472;S
20240208;103756;7284.000000000;77;9564184473;S
20240208;103756;7284.000000000;110;9564184474;S
20240208;103756;7284.000000000;21;9564184475;S
20240208;103756;7284.000000000;5;9564184476;S
20240208;103756;7284.000000000;2;9564184477;S
20240208;103756;7284.000000000;2;9564184478;S
20240208;103756;7284.000000000;45;9564184479;S
20240208;103756;7284.000000000;1;9564184480;S
20240208;103756;7284.000000000;8;9564184481;S
20240208;103756;7284.000000000;2;9564184495;S
20240208;103756;7284.000000000;12;9564184624;S
20240208;103756;7284.000000000;1;9564184654;S
20240208;103757;7284.000000000;2;9564184755;S
20240208;103757;7284.000000000;10;9564184791;S
20240208;103757;7284.000000000;1;9564184813;S
20240208;103757;7284.000000000;14;9564184825;S
20240208;103757;7284.000000000;1;9564184826;S
20240208;103757;7284.000000000;1;9564184874;S
20240208;103758;7283.500000000;5;9564184901;S
20240208;103758;7283.500000000;38;9564184942;S
20240208;103758;7283.500000000;1;9564184948;S
20240208;103758;7283.500000000;6;9564184978;S
20240208;103758;7283.500000000;6;9564184991;S
20240208;103758;7283.500000000;2;9564184993;S
20240208;103758;7283.500000000;2;9564185026;S
20240208;103758;7283.500000000;19;9564185096;S
20240208;103758;7283.500000000;1;9564185097;S
20240208;103758;7283.500000000;1;9564185098;S
20240208;103758;7283.500000000;19;9564185099;S
20240208;103758;7283.500000000;1;9564185101;S
20240208;103758;7283.500000000;13;9564185102;S
20240208;103758;7283.000000000;1;9564185111;S
20240208;103759;7283.000000000;4;9564185176;S
20240208;103759;7283.000000000;2;9564185195;S
20240208;103759;7283.000000000;1;9564185196;S
20240208;103759;7283.000000000;8;9564185221;S
20240208;103759;7282.000000000;3;9564185497;S
20240208;103759;7282.000000000;2;9564185512;S
20240208;103759;7282.000000000;2;9564185513;S
20240208;103759;7282.000000000;1;9564185514;S
20240208;103759;7281.000000000;2;9564185527;S
20240208;103759;7281.000000000;7;9564185528;S
20240208;103759;7280.500000000;1;9564185529;S
20240208;103759;7280.500000000;10;9564185534;S
20240208;103759;7280.500000000;1;9564185638;S
20240208;103759;7280.500000000;1;9564185640;S
20240208;103759;7280.500000000;1;9564185641;S
20240208;103759;7280.500000000;16;9564185659;S
20240208;103759;7280.000000000;5;9564185660;S
20240208;103759;7280.000000000;1;9564185661;S
20240208;103759;7280.000000000;1;9564185662;S
20240208;103759;7280.000000000;2;9564185663;S
20240208;103759;7280.000000000;1;9564185771;S
20240208;103759;7280.000000000;1;9564185772;S
20240208;103759;7280.500000000;5;9564185775;B
20240208;103800;7280.000000000;4;9564185798;S
20240208;103800;7280.000000000;18;9564185804;S
20240208;103800;7280.000000000;1;9564185813;S
20240208;103800;7280.000000000;1;9564185814;S
20240208;103800;7280.000000000;2;9564185815;S
20240208;103800;7280.000000000;1;9564185816;S
20240208;103800;7280.000000000;1;9564185817;S
20240208;103800;7280.000000000;15;9564185818;S
20240208;103800;7280.000000000;4;9564185831;S
20240208;103800;7280.000000000;2;9564185880;S
20240208;103800;7280.000000000;7;9564185889;S
20240208;103800;7280.000000000;2;9564185894;S
20240208;103800;7280.000000000;3;9564185928;S
20240208;103800;7280.000000000;13;9564185929;S
20240208;103800;7280.000000000;30;9564185954;S
20240208;103800;7280.000000000;7;9564185955;S
20240208;103800;7280.000000000;17;9564185956;S
20240208;103800;7280.000000000;5;9564185957;S
20240208;103800;7280.000000000;6;9564185958;S
20240208;103800;7278.000000000;10;9564185959;S
20240208;103800;7277.500000000;2;9564185960;S
20240208;103800;7276.500000000;2;9564185961;S
20240208;103800;7276.500000000;8;9564185962;S
20240208;103800;7276.500000000;1;9564185964;S
20240208;103800;7276.500000000;3;9564185965;S
20240208;103800;7275.000000000;1;9564185967;S
20240208;103800;7275.000000000;3;9564185968;S
20240208;103800;7275.000000000;2;9564185970;S
20240208;103800;7275.000000000;20;9564186022;S
20240208;103800;7277.500000000;20;9564186067;B
20240208;103800;7278.000000000;6;9564186068;B
20240208;103800;7279.500000000;21;9564186069;B
20240208;103800;7280.000000000;20;9564186070;B
20240208;103800;7280.000000000;14;9564186071;B
20240208;103800;7280.500000000;10;9564186072;B
20240208;103800;7281.000000000;4;9564186073;B
20240208;103800;7281.500000000;5;9564186074;B
20240208;103800;7275.500000000;20;9564186085;S
20240208;103800;7275.000000000;5;9564186086;S
20240208;103800;7275.000000000;2;9564186087;S
20240208;103800;7274.500000000;2;9564186088;S
20240208;103800;7274.500000000;3;9564186099;S
20240208;103800;7273.500000000;10;9564186100;S
20240208;103800;7274.000000000;15;9564186109;S
20240208;103800;7274.000000000;32;9564186131;S
20240208;103800;7274.000000000;1;9564186135;S
20240208;103800;7273.000000000;5;9564186136;S
20240208;103800;7273.000000000;6;9564186137;S
20240208;103800;7272.500000000;28;9564186138;S
20240208;103800;7272.000000000;2;9564186139;S
20240208;103800;7272.000000000;7;9564186140;S
20240208;103800;7272.000000000;6;9564186141;S
20240208;103800;7271.500000000;5;9564186142;S
20240208;103800;7271.000000000;60;9564186143;S
20240208;103800;7271.000000000;43;9564186144;S
20240208;103800;7271.000000000;27;9564186145;S
20240208;103800;7270.500000000;1;9564186146;S
20240208;103800;7270.500000000;3;9564186147;S
20240208;103800;7270.500000000;6;9564186148;S
20240208;103800;7271.000000000;4;9564186154;S
20240208;103800;7271.500000000;1;9564186159;S
20240208;103800;7271.500000000;1;9564186160;S
20240208;103801;7271.500000000;3;9564186182;S
20240208;103801;7271.500000000;3;9564186205;S
20240208;103801;7271.500000000;40;9564186209;S
20240208;103801;7271.500000000;1;9564186219;S
20240208;103801;7271.500000000;15;9564186405;S
20240208;103801;7271.500000000;6;9564186406;S
20240208;103801;7271.500000000;7;9564186410;S
20240208;103801;7271.500000000;7;9564186414;S
20240208;103801;7271.000000000;23;9564186425;S
20240208;103801;7271.000000000;2;9564186426;S
20240208;103801;7270.500000000;73;9564186462;S
20240208;103801;7270.000000000;10;9564186463;S
20240208;103801;7270.000000000;2;9564186464;S
20240208;103801;7270.000000000;15;9564186465;S
20240208;103801;7270.500000000;27;9564186501;S
20240208;103801;7270.000000000;8;9564186502;S
20240208;103801;7270.500000000;3;9564186509;S
20240208;103801;7270.500000000;15;9564186510;S
20240208;103801;7270.500000000;5;9564186566;S
20240208;103801;7270.500000000;3;9564186567;S
20240208;103801;7270.000000000;3;9564186568;S
20240208;103801;7270.000000000;3;9564186591;S
20240208;103801;7270.000000000;8;9564186592;S
20240208;103801;7270.000000000;1;9564186594;S
20240208;103802;7270.000000000;8;9564186603;S
20240208;103802;7270.000000000;30;9564186635;S
20240208;103802;7270.000000000;20;9564186674;S
20240208;103802;7270.500000000;1;9564186770;S
20240208;103802;7274.500000000;5;9564186779;B
20240208;103803;7270.500000000;1;9564187061;S
20240208;103803;7270.500000000;18;9564187103;S
20240208;103804;7270.500000000;1;9564187222;S
20240208;103804;7270.500000000;20;9564187223;S
20240208;103804;7270.000000000;4;9564187224;S
20240208;103804;7270.000000000;10;9564187225;S
20240208;103804;7270.000000000;6;9564187226;S
20240208;103804;7270.000000000;1;9564187227;S
20240208;103804;7269.000000000;58;9564187228;S
20240208;103804;7271.500000000;1;9564187583;S
20240208;103804;7271.500000000;8;9564187584;S
20240208;103805;7271.500000000;12;9564187597;S
20240208;103805;7271.000000000;2;9564187598;S
20240208;103805;7270.000000000;3;9564187736;S
20240208;103806;7272.000000000;1;9564187932;S
20240208;103806;7272.000000000;13;9564187933;S
20240208;103808;7271.500000000;6;9564188640;S
20240208;103808;7271.500000000;20;9564188641;S
20240208;103808;7270.500000000;5;9564188642;S
20240208;103808;7270.500000000;1;9564188643;S
20240208;103808;7270.000000000;3;9564188644;S
20240208;103808;7270.000000000;20;9564188645;S
20240208;103808;7269.000000000;2;9564188646;S
20240208;103809;7270.000000000;5;9564188794;S
20240208;103809;7270.000000000;12;9564188795;S
20240208;103812;7273.000000000;1;9564189754;B
20240208;103812;7271.000000000;5;9564189938;S
20240208;103812;7273.000000000;1;9564189964;B
20240208;103812;7271.000000000;5;9564189966;S
20240208;103813;7271.000000000;15;9564190162;S
20240208;103813;7271.000000000;5;9564190163;S
20240208;103814;7270.500000000;1;9564190552;S
20240208;103815;7271.000000000;1;9564191251;B
20240208;103815;7272.500000000;1;9564191252;B
20240208;103815;7273.000000000;18;9564191253;B
20240208;103815;7273.500000000;2;9564191254;B
20240208;103816;7271.000000000;5;9564191791;S
20240208;103816;7271.000000000;6;9564191792;S
20240208;103817;7271.000000000;21;9564191908;S
20240208;103817;7270.500000000;5;9564191909;S
20240208;103817;7270.500000000;20;9564191910;S
20240208;103817;7270.500000000;4;9564191911;S
20240208;103817;7270.000000000;1;9564192049;S
20240208;103818;7270.000000000;10;9564192255;S
20240208;103818;7270.500000000;1;9564192321;S
20240208;103819;7270.500000000;1;9564192485;S
20240208;103819;7270.500000000;1;9564192486;S
20240208;103819;7273.000000000;10;9564192708;B
20240208;103820;7270.500000000;1;9564192889;S
20240208;103821;7271.500000000;5;9564193135;S
20240208;103821;7271.500000000;20;9564193136;S
20240208;103821;7270.500000000;5;9564193137;S
20240208;103821;7270.500000000;20;9564193138;B
20240208;103822;7272.000000000;3;9564193681;S
20240208;103823;7272.000000000;7;9564193746;S
20240208;103823;7274.000000000;1;9564193831;B
20240208;103824;7273.000000000;21;9564194400;S
20240208;103824;7273.000000000;7;9564194401;S
20240208;103824;7272.500000000;5;9564194402;S
20240208;103824;7271.500000000;7;9564194403;S
20240208;103824;7272.000000000;26;9564194565;S
20240208;103824;7271.500000000;3;9564194566;S
20240208;103824;7271.500000000;5;9564194567;S
20240208;103824;7271.000000000;14;9564194568;B
20240208;103824;7271.000000000;50;9564194569;B
20240208;103825;7271.000000000;5;9564194745;B
20240208;103826;7270.000000000;10;9564194922;S
20240208;103827;7270.000000000;16;9564195320;S
20240208;103827;7270.000000000;10;9564195321;S
20240208;103827;7269.000000000;1;9564195322;S
20240208;103827;7268.500000000;3;9564195323;S
20240208;103827;7268.500000000;9;9564195324;S
20240208;103827;7268.000000000;10;9564195325;S
20240208;103827;7267.500000000;4;9564195326;S
20240208;103831;7268.500000000;5;9564196765;S
20240208;103831;7268.500000000;17;9564196766;B
20240208;103831;7268.500000000;62;9564196767;B
20240208;103831;7271.000000000;10;9564196768;B
20240208;103833;7270.000000000;303;9564197329;B
20240208;103833;7270.000000000;18;9564197330;B
20240208;103834;7269.500000000;5;9564197382;S
20240208;103834;7269.500000000;15;9564197383;B
20240208;103834;7268.000000000;4;9564197473;S
20240208;103835;7268.000000000;1;9564197670;S
20240208;103836;7269.000000000;1;9564197937;B
20240208;103836;7269.500000000;13;9564197938;B
20240208;103836;7270.000000000;8;9564197939;B
20240208;103836;7270.000000000;8;9564197964;B
20240208;103837;7269.000000000;21;9564198091;S
20240208;103837;7269.000000000;5;9564198092;S
20240208;103837;7268.500000000;8;9564198093;S
20240208;103837;7270.000000000;23;9564198207;B
20240208;103837;7270.000000000;641;9564198208;B
20240208;103837;7270.000000000;5;9564198209;B
20240208;103837;7270.000000000;65;9564198210;B
20240208;103837;7271.000000000;4;9564198211;B
20240208;103837;7271.000000000;56;9564198212;B
20240208;103837;7273.000000000;10;9564198213;B
20240208;103837;7272.000000000;21;9564198306;S
20240208;103837;7271.500000000;4;9564198307;S
20240208;103838;7271.000000000;1;9564198411;S
20240208;103838;7271.000000000;20;9564198439;S
20240208;103838;7271.000000000;16;9564198440;S
20240208;103838;7270.500000000;20;9564198441;S
20240208;103838;7269.000000000;7;9564198442;S
20240208;103838;7269.000000000;27;9564198443;S
20240208;103838;7268.000000000;10;9564198444;S
20240208;103838;7268.000000000;20;9564198445;S
20240208;103838;7267.500000000;40;9564198446;S
20240208;103838;7267.000000000;100;9564198447;S
20240208;103838;7266.500000000;20;9564198448;S
20240208;103838;7265.500000000;6;9564198449;S
20240208;103838;7265.000000000;2;9564198450;S
20240208;103838;7265.000000000;112;9564198451;S
20240208;103838;7274.500000000;5;9564198566;B
20240208;103839;7274.500000000;10;9564198669;B
20240208;103842;7272.000000000;1;9564199888;S
20240208;103845;7274.000000000;10;9564200866;B
20240208;103845;7274.000000000;5;9564200867;B
20240208;103845;7274.500000000;5;9564200868;B
20240208;103845;7274.500000000;1;9564200869;B
20240208;103845;7274.500000000;9;9564200870;S
20240208;103846;7272.500000000;2;9564201171;S
20240208;103847;7273.500000000;1;9564201435;S
20240208;103848;7274.000000000;1;9564201479;B
20240208;103848;7274.000000000;4;9564201480;B
20240208;103851;7274.000000000;5;9564202284;B
20240208;103852;7273.500000000;5;9564202618;S
20240208;103852;7273.000000000;28;9564202619;S
20240208;103852;7272.000000000;5;9564202620;S
20240208;103852;7272.000000000;16;9564202621;S
20240208;103852;7271.500000000;21;9564202622;S
20240208;103852;7271.000000000;47;9564202623;S
20240208;103852;7270.000000000;5;9564202624;S
20240208;103852;7270.000000000;20;9564202625;S
20240208;103852;7270.000000000;27;9564202626;S
20240208;103852;7268.500000000;4;9564202627;S
20240208;103852;7267.500000000;20;9564202628;S
20240208;103852;7267.500000000;10;9564202629;S
20240208;103852;7266.500000000;40;9564202630;S
20240208;103852;7266.000000000;50;9564202631;S
20240208;103852;7266.000000000;2;9564202632;S
20240208;103853;7273.500000000;3;9564202791;B
20240208;103857;7273.500000000;5;9564203533;B
20240208;103857;7274.000000000;17;9564203534;B
20240208;103857;7274.000000000;2;9564203594;B
20240208;103857;7274.000000000;2;9564203639;B
20240208;103857;7274.000000000;1;9564203640;B
20240208;103858;7270.500000000;1;9564203719;S
20240208;103900;7270.500000000;3;9564204304;S
20240208;103902;7270.000000000;1;9564204893;S
20240208;103904;7270.000000000;1;9564205320;S
20240208;103906;7272.000000000;2;9564205792;B
20240208;103907;7270.500000000;50;9564206178;S
20240208;103907;7270.000000000;6;9564206179;S
20240208;103909;7269.500000000;5;9564206615;B
20240208;103909;7270.000000000;2;9564206616;S
20240208;103912;7269.000000000;34;9564207180;S
20240208;103912;7268.500000000;5;9564207181;S
20240208;103912;7267.500000000;10;9564207182;S
20240208;103912;7267.000000000;5;9564207183;S
20240208;103912;7266.500000000;16;9564207184;S
20240208;103912;7266.500000000;15;9564207272;S
20240208;103915;7269.000000000;2;9564208092;B
20240208;103916;7269.000000000;10;9564208429;B
20240208;103916;7269.000000000;5;9564208430;B
20240208;103916;7269.500000000;11;9564208463;S
20240208;103916;7269.500000000;10;9564208626;S
20240208;103916;7269.500000000;14;9564208628;S
20240208;103916;7268.500000000;4;9564208629;S
20240208;103916;7268.000000000;1;9564208630;S
20240208;103918;7269.500000000;1;9564208849;B
20240208;103918;7269.500000000;6;9564208850;B
20240208;103918;7269.500000000;4;9564208851;B
20240208;103918;7269.500000000;5;9564208852;B
20240208;103918;7270.000000000;6;9564208853;B
20240208;103922;7270.000000000;14;9564209599;B
20240208;103922;7270.000000000;58;9564209600;B
20240208;103922;7270.000000000;20;9564209601;B
20240208;103922;7270.500000000;908;9564209602;B
20240208;103922;7270.500000000;2;9564209607;B
20240208;103923;7270.500000000;25;9564209741;B
20240208;103923;7270.500000000;15;9564209895;B
20240208;103924;7272.000000000;1;9564209983;B
20240208;103925;7270.000000000;1;9564210516;S
20240208;103932;7272.000000000;1;9564212436;B
20240208;103932;7272.000000000;2;9564212437;B
20240208;103933;7272.000000000;8;9564212650;B
20240208;103933;7272.000000000;1;9564212651;B
20240208;103933;7272.000000000;1;9564212652;B
20240208;103933;7272.000000000;10;9564212653;B
20240208;103933;7272.500000000;5;9564212654;B
20240208;103933;7273.000000000;4;9564212655;B
20240208;103933;7273.500000000;2;9564212656;B
20240208;103933;7273.500000000;2;9564212657;B
20240208;103933;7273.500000000;47;9564212658;B
20240208;103935;7273.500000000;3;9564213201;B
20240208;103937;7272.000000000;3;9564213575;S
20240208;103937;7272.000000000;8;9564213673;S
20240208;103937;7272.000000000;5;9564213674;S
20240208;103937;7272.000000000;1;9564213675;S
20240208;103937;7271.500000000;6;9564213676;S
20240208;103937;7272.000000000;3;9564213777;B
20240208;103938;7271.500000000;4;9564213914;S
20240208;103939;7272.000000000;16;9564214066;B
20240208;103939;7272.000000000;19;9564214075;B
20240208;103939;7273.000000000;3;9564214076;B
20240208;103941;7273.000000000;2;9564214564;S
20240208;103941;7273.000000000;19;9564214583;S
20240208;103941;7273.000000000;5;9564214584;S
20240208;103941;7273.000000000;10;9564214585;S
20240208;103945;7273.000000000;8;9564215259;S
20240208;103945;7273.000000000;27;9564215260;S
20240208;103948;7273.000000000;10;9564216026;S
20240208;103949;7273.000000000;1;9564216081;S
20240208;103950;7273.500000000;2;9564216454;B
20240208;103952;7273.000000000;2;9564216765;S
20240208;103952;7273.000000000;1;9564216766;S
20240208;103952;7273.000000000;1;9564216767;S
20240208;103952;7273.000000000;1;9564216768;S
20240208;103952;7273.000000000;1;9564216769;S
20240208;103952;7273.000000000;1;9564216770;S
20240208;103952;7273.000000000;4;9564216771;S
20240208;103952;7272.500000000;4;9564216772;S
20240208;103953;7272.500000000;13;9564216832;S
20240208;103954;7273.000000000;3;9564217191;B
20240208;103955;7272.500000000;23;9564217261;S
20240208;103955;7272.500000000;5;9564217262;S
20240208;103955;7272.000000000;4;9564217263;S
20240208;103955;7271.000000000;18;9564217264;S
20240208;103959;7273.000000000;1;9564218445;B
20240208;103959;7273.000000000;8;9564218570;B
20240208;103959;7273.000000000;5;9564218571;B
20240208;103959;7273.000000000;5;9564218572;B
20240208;103959;7273.500000000;148;9564218573;B
20240208;103959;7274.000000000;6;9564218574;B
20240208;103959;7274.000000000;100;9564218575;B
20240208;103959;7274.000000000;2;9564218576;B
20240208;104000;7275.000000000;10;9564218837;B
20240208;104000;7275.000000000;1;9564218838;B
20240208;104000;7275.000000000;2;9564218839;B
20240208;104000;7275.000000000;2;9564218840;B
20240208;104000;7275.500000000;5;9564218841;B
20240208;104000;7277.000000000;2;9564218842;B
20240208;104001;7275.500000000;1;9564219199;S
20240208;104001;7274.000000000;1;9564219200;S
20240208;104001;7273.500000000;8;9564219201;B
20240208;104001;7273.500000000;5;9564219268;S
20240208;104005;7274.500000000;1;9564221230;S
20240208;104005;7274.500000000;5;9564221231;S
20240208;104006;7277.500000000;2;9564221302;B
20240208;104006;7278.500000000;3;9564221303;B
20240208;104006;7274.000000000;1;9564221401;S
20240208;104006;7274.000000000;21;9564221402;S
20240208;104006;7274.000000000;5;9564221403;S
20240208;104006;7273.500000000;9;9564221404;S
20240208;104006;7273.500000000;5;9564221405;S
20240208;104006;7273.000000000;58;9564221406;S
20240208;104006;7273.000000000;20;9564221407;S
20240208;104006;7272.500000000;100;9564221408;S
20240208;104006;7271.500000000;20;9564221409;S
20240208;104006;7271.000000000;1;9564221410;S
20240208;104006;7270.500000000;35;9564221411;S
20240208;104008;7271.000000000;9;9564221910;S
20240208;104008;7271.000000000;5;9564221911;S
20240208;104008;7270.500000000;16;9564221912;S
20240208;104009;7271.500000000;1;9564222170;S
20240208;104009;7271.000000000;10;9564222171;S
20240208;104009;7270.500000000;37;9564222172;S
20240208;104009;7270.500000000;5;9564222173;S
20240208;104009;7270.500000000;11;9564222174;S
20240208;104009;7270.000000000;100;9564222175;S
20240208;104009;7270.000000000;5;9564222176;S
20240208;104009;7270.000000000;5;9564222177;S
20240208;104009;7269.000000000;4;9564222178;S
20240208;104016;7268.500000000;2;9564223886;S
20240208;104016;7268.500000000;2;9564223887;S
20240208;104016;7268.500000000;5;9564223888;S
20240208;104016;7268.000000000;200;9564223889;S
20240208;104016;7267.000000000;2;9564223890;S
20240208;104016;7267.000000000;11;9564223891;S
20240208;104016;7266.500000000;30;9564223892;S
20240208;104016;7266.500000000;3;9564223893;S
20240208;104016;7266.000000000;27;9564223894;S
20240208;104016;7266.000000000;20;9564223895;S
20240208;104016;7265.500000000;5;9564223896;S
20240208;104016;7265.500000000;5;9564223897;S
20240208;104016;7265.500000000;26;9564223898;S
20240208;104016;7265.000000000;5;9564223899;S
20240208;104016;7265.000000000;50;9564223900;S
20240208;104016;7265.000000000;50;9564223901;S
20240208;104016;7265.000000000;2;9564223902;S
20240208;104016;7265.000000000;1;9564224172;B
20240208;104017;7265.000000000;1;9564224344;S
20240208;104017;7264.500000000;5;9564224411;S
20240208;104017;7264.500000000;13;9564224412;S
20240208;104017;7264.500000000;1000;9564224413;S
20240208;104017;7264.000000000;20;9564224414;S
20240208;104017;7263.000000000;7;9564224465;S
20240208;104017;7263.000000000;4;9564224469;S
20240208;104017;7263.000000000;27;9564224470;S
20240208;104017;7263.000000000;20;9564224471;S
20240208;104017;7262.500000000;79;9564224472;S
20240208;104018;7262.500000000;15;9564224642;S
20240208;104018;7264.500000000;1;9564224659;S
20240208;104018;7262.500000000;6;9564224673;S
20240208;104018;7262.000000000;1;9564224674;S
20240208;104018;7262.000000000;1;9564224675;S
20240208;104018;7262.000000000;8;9564224676;S
20240208;104018;7263.000000000;11;9564224699;B
20240208;104018;7265.000000000;6;9564224700;B
20240208;104018;7265.500000000;13;9564224701;B
20240208;104019;7269.000000000;2;9564225154;B
20240208;104019;7269.500000000;1;9564225155;B
20240208;104019;7270.000000000;47;9564225156;B
20240208;104020;7270.000000000;10;9564225558;B
20240208;104020;7271.000000000;6;9564225559;B
20240208;104020;7271.000000000;6;9564225560;B
20240208;104024;7268.000000000;5;9564226354;S
20240208;104024;7267.500000000;17;9564226355;S
20240208;104029;7270.000000000;1;9564228730;B
20240208;104031;7269.500000000;21;9564229186;S
20240208;104031;7269.500000000;3;9564229187;S
20240208;104031;7269.000000000;36;9564229188;S
20240208;104031;7269.500000000;4;9564229254;S
20240208;104032;7269.500000000;1;9564229571;S
20240208;104033;7269.500000000;6;9564229888;S
20240208;104036;7269.500000000;7;9564230737;S
20240208;104038;7269.500000000;8;9564231147;S
20240208;104038;7269.000000000;17;9564231148;S
20240208;104040;7270.000000000;2;9564231690;S
20240208;104040;7269.500000000;9;9564231691;S
20240208;104041;7269.500000000;19;9564231986;B
20240208;104041;7269.500000000;3;9564231987;B
20240208;104042;7269.500000000;1;9564232321;B
20240208;104052;7269.000000000;147;9564234887;S
20240208;104052;7269.000000000;5;9564234888;S
20240208;104052;7268.500000000;6;9564234889;S
20240208;104052;7267.500000000;21;9564234890;S
20240208;104052;7267.000000000;12;9564234891;S
20240208;104052;7267.000000000;10;9564234892;S
20240208;104053;7266.500000000;1;9564235106;S
20240208;104054;7266.500000000;6;9564235333;S
20240208;104055;7266.500000000;1;9564235679;S
20240208;104057;7266.500000000;35;9564236156;S
20240208;104059;7266.500000000;15;9564236689;S
20240208;104100;7266.500000000;142;9564236798;S
20240208;104100;7266.500000000;4;9564236799;S
20240208;104100;7265.000000000;760;9564236800;S
20240208;104100;7265.000000000;10;9564236801;S
20240208;104101;7265.000000000;1;9564237205;B
20240208;104102;7265.000000000;26;9564237583;B
20240208;104102;7264.500000000;8;9564237731;S
20240208;104102;7265.000000000;22;9564237771;B
20240208;104103;7265.000000000;26;9564237978;B
20240208;104103;7265.000000000;26;9564237980;B
20240208;104103;7264.500000000;24;9564237982;S
20240208;104103;7265.000000000;26;9564237983;B
20240208;104103;7265.000000000;26;9564237984;B
20240208;104104;7263.000000000;7;9564238172;S
20240208;104104;7265.000000000;44;9564238237;B
20240208;104104;7265.000000000;6;9564238238;B
20240208;104104;7263.000000000;3;9564238563;S
20240208;104104;7262.500000000;3;9564238564;S
20240208;104105;7262.500000000;2;9564238655;S
20240208;104105;7262.000000000;4;9564238656;S
20240208;104109;7263.500000000;1;9564240099;S
20240208;104109;7264.500000000;2;9564240142;B
20240208;104111;7263.500000000;19;9564240417;S
20240208;104111;7263.000000000;8;9564240418;S
20240208;104111;7263.000000000;8;9564240419;S
20240208;104111;7262.500000000;1;9564240420;S
20240208;104111;7262.000000000;14;9564240421;S
20240208;104113;7262.000000000;1;9564241192;S
20240208;104115;7262.500000000;3;9564241692;S
20240208;104118;7262.500000000;1;9564242793;S
20240208;104120;7263.000000000;2;9564243428;B
20240208;104120;7264.000000000;3;9564243429;B
20240208;104121;7264.500000000;1;9564243671;B
20240208;104121;7264.500000000;3;9564243683;B
20240208;104121;7264.500000000;5;9564243829;B
20240208;104122;7264.000000000;1;9564243922;S
20240208;104123;7264.500000000;22;9564244281;B
20240208;104124;7264.000000000;1;9564244557;S
20240208;104125;7264.500000000;1;9564244790;B
20240208;104125;7264.500000000;22;9564244984;B
20240208;104125;7265.000000000;24;9564245055;B
20240208;104125;7265.000000000;30;9564245056;B
20240208;104126;7265.000000000;33;9564245286;B
20240208;104126;7265.000000000;7;9564245287;B
20240208;104127;7265.000000000;8;9564245516;B
20240208;104127;7265.000000000;15;9564245517;B
20240208;104128;7265.000000000;4;9564245710;B
20240208;104128;7264.500000000;1;9564245833;S
20240208;104128;7264.500000000;1;9564245886;S
20240208;104128;7265.000000000;3;9564245887;B
20240208;104129;7265.000000000;5;9564246128;B
20240208;104129;7265.000000000;4;9564246401;B
20240208;104130;7264.500000000;10;9564246603;S
20240208;104130;7264.500000000;1;9564246809;S
20240208;104131;7265.000000000;1;9564247095;B
20240208;104132;7265.000000000;30;9564247214;B
20240208;104133;7265.000000000;2;9564247407;B
20240208;104135;7265.000000000;500;9564248067;B
20240208;104135;7265.000000000;1;9564248081;B
20240208;104136;7265.000000000;1;9564248532;B
20240208;104137;7264.500000000;4;9564248809;S
20240208;104137;7264.500000000;5;9564248810;S
20240208;104137;7264.500000000;2;9564248811;S
20240208;104137;7264.500000000;5;9564248812;S
20240208;104137;7265.000000000;480;9564248846;B
20240208;104137;7265.000000000;20;9564248847;B
20240208;104139;7265.000000000;44;9564249213;B
20240208;104139;7265.000000000;29;9564249351;B
20240208;104139;7267.000000000;19;9564249354;B
20240208;104139;7270.000000000;5;9564249356;B
20240208;104139;7270.000000000;3;9564249357;B
20240208;104139;7271.000000000;5;9564249383;B
20240208;104139;7271.000000000;5;9564249384;B
20240208;104139;7271.000000000;5;9564249385;B
20240208;104139;7271.500000000;4;9564249386;B
20240208;104139;7271.500000000;6;9564249387;B
20240208;104139;7272.500000000;1;9564249388;B
20240208;104139;7274.000000000;5;9564249389;B
20240208;104139;7274.000000000;18;9564249390;S
20240208;104142;7273.000000000;4;9564250136;S
20240208;104142;7274.000000000;1;9564250252;B
20240208;104142;7274.500000000;4;9564250253;B
20240208;104144;7273.500000000;10;9564250855;B
20240208;104144;7274.500000000;1;9564250856;B
20240208;104144;7274.500000000;6;9564250857;B
20240208;104144;7275.000000000;5;9564250858;B
20240208;104146;7275.000000000;5;9564251330;B
20240208;104146;7272.000000000;1;9564251581;S
20240208;104146;7271.500000000;21;9564251582;S
20240208;104146;7271.000000000;15;9564251583;S
20240208;104146;7270.500000000;11;9564251584;S
20240208;104146;7270.000000000;28;9564251585;S
20240208;104146;7269.000000000;24;9564251586;S
20240208;104148;7275.000000000;45;9564252291;B
20240208;104149;7273.000000000;5;9564252565;S
20240208;104149;7271.500000000;2;9564252566;S
20240208;104149;7271.000000000;7;9564252567;S
20240208;104153;7273.000000000;1;9564253811;S
20240208;104153;7273.000000000;4;9564253908;S
20240208;104153;7272.500000000;1;9564253909;S
20240208;104153;7274.000000000;1;9564253959;B
20240208;104154;7273.500000000;1;9564254196;S
20240208;104159;7274.000000000;2;9564255579;B
20240208;104200;7274.000000000;2;9564255639;B
20240208;104200;7274.500000000;6;9564255640;B
20240208;104200;7275.000000000;22;9564255641;B
20240208;104200;7273.500000000;1;9564255677;S
20240208;104201;7275.000000000;13;9564256009;B
20240208;104204;7273.500000000;2;9564257214;S
20240208;104205;7274.500000000;6;9564257460;B
20240208;104205;7275.000000000;16;9564257461;B
20240208;104206;7275.000000000;1;9564257875;B
20240208;104207;7273.500000000;1;9564258157;S
20240208;104207;7273.000000000;5;9564258158;S
20240208;104207;7272.500000000;5;9564258159;S
20240208;104207;7271.500000000;21;9564258160;S
20240208;104207;7271.000000000;18;9564258161;S
20240208;104208;7274.000000000;3;9564258347;B
20240208;104208;7272.000000000;1;9564258442;S
20240208;104208;7271.500000000;1;9564258443;S
20240208;104211;7273.500000000;2;9564259344;B
20240208;104212;7272.000000000;1;9564259533;S
20240208;104212;7271.500000000;19;9564259534;S
20240208;104215;7271.500000000;2;9564260590;B
20240208;104217;7271.500000000;10;9564261058;B
20240208;104218;7271.500000000;5;9564261440;B
20240208;104219;7271.000000000;8;9564261666;S
20240208;104219;7271.000000000;3;9564261667;S
20240208;104219;7270.500000000;1;9564261668;S
20240208;104219;7270.500000000;13;9564261669;S
20240208;104222;7271.500000000;2;9564262622;B
20240208;104222;7270.000000000;1;9564262729;S
20240208;104226;7271.500000000;22;9564263638;B
20240208;104233;7271.000000000;16;9564265271;B
20240208;104234;7270.500000000;1;9564265592;S
20240208;104234;7271.000000000;5;9564265632;B
20240208;104236;7271.000000000;4;9564265956;B
20240208;104236;7271.000000000;5;9564266103;B
20240208;104236;7271.000000000;1;9564266104;B
20240208;104236;7271.500000000;24;9564266105;B
20240208;104236;7271.500000000;5;9564266106;B
20240208;104236;7272.000000000;10;9564266108;B
20240208;104238;7273.500000000;19;9564266612;B
20240208;104242;7272.000000000;2;9564267433;S
20240208;104243;7274.500000000;5;9564267629;B
20240208;104243;7275.000000000;8;9564267630;B
20240208;104243;7276.500000000;6;9564267631;B
20240208;104243;7276.500000000;18;9564267632;B
20240208;104247;7277.500000000;20;9564268580;B
20240208;104247;7278.000000000;2;9564268581;B
20240208;104248;7277.000000000;1;9564268798;B
20240208;104248;7277.500000000;14;9564268799;B
20240208;104248;7278.000000000;6;9564268800;B
20240208;104248;7278.000000000;9;9564268801;B
20240208;104252;7275.000000000;2;9564269953;S
20240208;104253;7275.000000000;1;9564270327;S
20240208;104259;7275.500000000;7;9564272742;S
20240208;104259;7275.000000000;22;9564272743;S
20240208;104259;7275.000000000;6;9564272744;S
20240208;104259;7272.500000000;58;9564272745;S
20240208;104259;7272.500000000;21;9564272746;S
20240208;104259;7272.500000000;4;9564272747;S
20240208;104259;7272.500000000;18;9564272748;S
20240208;104259;7272.500000000;27;9564272749;S
20240208;104259;7272.000000000;4;9564272750;S
20240208;104259;7272.000000000;1;9564272751;S
20240208;104259;7271.500000000;10;9564272752;S
20240208;104259;7271.000000000;20;9564272753;S
20240208;104259;7271.000000000;20;9564272754;S
20240208;104259;7271.000000000;68;9564272755;S
20240208;104259;7270.500000000;199;9564272756;S
20240208;104259;7270.000000000;10;9564272757;S
20240208;104259;7270.000000000;5;9564272758;S
20240208;104306;7270.000000000;1;9564274683;S
20240208;104308;7274.000000000;22;9564275136;B
20240208;104308;7274.000000000;30;9564275272;B
20240208;104319;7273.000000000;1;9564278015;B
20240208;104319;7273.000000000;24;9564278016;B
20240208;104319;7273.500000000;27;9564278017;B
20240208;104319;7274.000000000;93;9564278018;B
20240208;104319;7274.000000000;6;9564278019;B
20240208;104319;7275.000000000;15;9564278020;B
20240208;104319;7275.500000000;20;9564278021;B
20240208;104319;7276.000000000;14;9564278022;B
20240208;104319;7276.000000000;2;9564278065;B
20240208;104327;7276.500000000;5;9564279858;B
20240208;104327;7277.000000000;6;9564279859;B
20240208;104327;7277.500000000;2;9564279860;B
20240208;104329;7277.500000000;8;9564280212;B
20240208;104329;7277.500000000;14;9564280213;B
20240208;104335;7274.000000000;3;9564281530;S
20240208;104335;7273.500000000;1;9564281531;S
20240208;104343;7277.500000000;1;9564283315;B
20240208;104344;7277.500000000;4;9564283469;B
20240208;104346;7277.500000000;1;9564283757;S
20240208;104346;7277.500000000;3;9564283770;S
20240208;104346;7275.000000000;1;9564283771;S
20240208;104346;7274.500000000;3;9564283772;S
20240208;104347;7274.500000000;1;9564284109;S
20240208;104348;7275.000000000;1;9564284241;S
20240208;104348;7274.500000000;6;9564284242;S
20240208;104349;7274.500000000;1;9564284580;S
20240208;104350;7277.000000000;1;9564284645;B
20240208;104350;7277.500000000;5;9564284646;B
20240208;104350;7278.000000000;9;9564284647;B
20240208;104350;7278.500000000;7;9564284648;B
20240208;104353;7275.000000000;1;9564285647;S
20240208;104353;7275.000000000;1;9564285648;S
20240208;104353;7274.500000000;5;9564285649;S
20240208;104353;7274.500000000;13;9564285650;S
20240208;104403;7275.500000000;1;9564288073;S
20240208;104403;7275.000000000;1;9564288074;S
20240208;104403;7275.000000000;1;9564288075;S
20240208;104404;7277.000000000;1;9564288311;B
20240208;104404;7277.000000000;1;9564288312;B
20240208;104404;7277.500000000;5;9564288313;B
20240208;104404;7278.000000000;3;9564288314;B
20240208;104404;7278.000000000;29;9564288315;B
20240208;104404;7278.000000000;20;9564288316;B
20240208;104404;7278.000000000;12;9564288317;B
20240208;104404;7278.500000000;11;9564288318;B
20240208;104404;7279.500000000;1;9564288319;B
20240208;104404;7279.500000000;3;9564288320;B
20240208;104404;7280.000000000;50;9564288321;B
20240208;104404;7280.000000000;2;9564288322;B
20240208;104404;7280.000000000;20;9564288323;B
20240208;104404;7280.000000000;50;9564288324;B
20240208;104404;7280.000000000;63;9564288325;S
20240208;104406;7280.500000000;1;9564288746;S
20240208;104407;7280.500000000;50;9564288921;B
20240208;104408;7280.000000000;2;9564289200;S
20240208;104408;7280.000000000;1;9564289249;S
20240208;104408;7280.000000000;1;9564289257;S
20240208;104408;7280.000000000;1;9564289304;S
20240208;104410;7280.000000000;1;9564289713;S
20240208;104410;7280.000000000;10;9564289819;S
20240208;104410;7280.500000000;22;9564289830;B
20240208;104411;7280.000000000;30;9564289853;S
20240208;104411;7280.000000000;1;9564289897;S
20240208;104411;7280.500000000;18;9564289899;B
20240208;104411;7280.500000000;1;9564289900;B
20240208;104411;7280.500000000;1;9564289901;B
20240208;104411;7280.500000000;7;9564289902;B
20240208;104413;7281.000000000;5;9564290225;B
20240208;104414;7281.000000000;1;9564290604;B
20240208;104417;7281.000000000;15;9564291117;B
20240208;104417;7281.000000000;1;9564291161;B
20240208;104419;7281.000000000;1;9564291437;B
20240208;104428;7280.500000000;2;9564293285;S
20240208;104429;7281.000000000;3;9564293306;B
20240208;104430;7280.500000000;4;9564293483;S
20240208;104431;7281.000000000;14;9564293752;B
20240208;104431;7281.000000000;1;9564293753;B
20240208;104431;7281.500000000;5;9564293754;B
20240208;104431;7282.000000000;2;9564293755;B
20240208;104443;7281.500000000;2;9564295857;B
20240208;104443;7281.500000000;6;9564295858;B
20240208;104443;7282.000000000;20;9564295859;B
20240208;104443;7282.000000000;5;9564295860;B
20240208;104443;7282.000000000;6;9564295861;B
20240208;104447;7283.000000000;20;9564296479;B
20240208;104447;7283.000000000;5;9564296480;B
20240208;104448;7283.500000000;4;9564296615;B
20240208;104448;7283.500000000;1;9564296616;B
20240208;104448;7283.500000000;4;9564296617;B
20240208;104448;7283.500000000;3;9564296618;B
20240208;104448;7283.500000000;5;9564296619;B
20240208;104448;7283.500000000;2;9564296620;B
20240208;104449;7282.500000000;1;9564296851;S
20240208;104450;7282.500000000;20;9564296993;S
20240208;104450;7282.000000000;31;9564296994;S
20240208;104451;7282.000000000;1;9564297271;B
20240208;104452;7282.000000000;22;9564297521;B
20240208;104452;7282.000000000;1;9564297524;B
20240208;104453;7282.000000000;2;9564297605;B
20240208;104454;7282.000000000;1;9564297890;B
20240208;104456;7282.000000000;2;9564298117;B
20240208;104456;7281.500000000;7;9564298135;S
20240208;104456;7282.000000000;2;9564298162;B
20240208;104456;7282.000000000;2;9564298222;B
20240208;104500;7282.000000000;2;9564299056;B
20240208;104500;7282.000000000;8;9564299091;B
20240208;104500;7282.000000000;5;9564299092;B
20240208;104503;7282.000000000;1;9564299634;B
20240208;104503;7282.000000000;20;9564299635;B
20240208;104503;7282.000000000;7;9564299636;B
20240208;104503;7281.500000000;21;9564299637;S
20240208;104503;7281.500000000;12;9564299638;S
20240208;104504;7282.000000000;10;9564299821;B
20240208;104505;7281.500000000;1;9564300200;S
20240208;104508;7281.500000000;1;9564300908;S
20240208;104513;7282.000000000;22;9564302101;B
20240208;104514;7281.500000000;1;9564302273;S
20240208;104515;7281.500000000;2;9564302475;S
20240208;104517;7281.500000000;4;9564302990;S
20240208;104519;7281.500000000;38;9564303338;S
20240208;104524;7281.500000000;5;9564304215;S
20240208;104527;7281.500000000;1;9564304924;S
20240208;104528;7281.500000000;20;9564305009;S
20240208;104529;7281.500000000;28;9564305298;S
20240208;104531;7281.500000000;1;9564305641;S
20240208;104531;7281.500000000;4;9564305672;S
20240208;104532;7282.000000000;1;9564305707;B
20240208;104532;7281.500000000;100;9564305767;S
20240208;104532;7281.500000000;6;9564305836;S
20240208;104534;7282.000000000;22;9564306149;B
20240208;104535;7282.000000000;1;9564306235;B
20240208;104535;7281.500000000;1;9564306354;S
20240208;104535;7281.500000000;1;9564306355;S
20240208;104536;7281.500000000;1;9564306531;S
20240208;104536;7281.500000000;13;9564306532;S
20240208;104537;7282.000000000;7;9564306785;B
20240208;104540;7281.500000000;1;9564307148;S
20240208;104541;7281.500000000;2;9564307471;S
20240208;104542;7281.500000000;1;9564307868;S
20240208;104542;7281.500000000;2;9564307886;S
20240208;104542;7281.500000000;7;9564308032;S
20240208;104542;7281.500000000;30;9564308084;S
20240208;104542;7281.500000000;1;9564308131;S
20240208;104543;7281.500000000;1;9564308545;S
20240208;104543;7281.500000000;1;9564308546;S
20240208;104543;7281.500000000;2;9564308611;S
20240208;104544;7281.500000000;1;9564308954;S
20240208;104544;7281.500000000;2;9564309028;S
20240208;104544;7282.000000000;12;9564309051;B
20240208;104545;7281.500000000;1;9564309356;S
20240208;104546;7281.500000000;1;9564309469;S
20240208;104546;7281.500000000;1;9564309506;S
20240208;104546;7281.500000000;1;9564309562;S
20240208;104547;7281.500000000;1;9564309640;S
20240208;104548;7281.500000000;1;9564309899;S
20240208;104549;7281.500000000;1;9564310078;S
20240208;104549;7281.500000000;1;9564310162;S
20240208;104550;7281.500000000;1;9564310217;S
20240208;104550;7281.500000000;1;9564310252;S
20240208;104551;7281.500000000;50;9564310310;S
20240208;104551;7281.500000000;1;9564310423;S
20240208;104554;7282.000000000;5;9564310859;B
20240208;104554;7282.000000000;1;9564310860;B
20240208;104555;7282.000000000;12;9564311235;B
20240208;104555;7282.000000000;3;9564311236;B
20240208;104555;7282.000000000;7;9564311237;B
20240208;104555;7281.500000000;20;9564311368;S
20240208;104556;7282.000000000;4;9564311394;B
20240208;104557;7281.500000000;1;9564311634;S
20240208;104558;7281.500000000;5;9564311838;S
20240208;104558;7282.000000000;9;9564311900;B
20240208;104558;7282.000000000;4;9564311901;B
20240208;104558;7282.000000000;1;9564311902;B
20240208;104558;7281.500000000;1;9564311903;S
20240208;104601;7281.500000000;1;9564312414;S
20240208;104601;7281.500000000;2;9564312545;S
20240208;104606;7281.500000000;10;9564313273;S
20240208;104609;7282.000000000;2;9564313705;B
20240208;104609;7281.500000000;4;9564313863;S
20240208;104610;7281.500000000;1;9564313893;S
20240208;104610;7281.500000000;3;9564313949;S
20240208;104611;7281.500000000;2;9564314158;S
20240208;104613;7281.500000000;5;9564314653;S
20240208;104613;7281.500000000;1;9564314654;S
20240208;104615;7281.500000000;20;9564315061;S
20240208;104615;7281.500000000;39;9564315062;S
20240208;104615;7281.500000000;33;9564315064;S
20240208;104615;7281.500000000;2;9564315065;S
20240208;104615;7281.500000000;6;9564315066;S
20240208;104615;7281.500000000;5;9564315067;S
20240208;104615;7281.500000000;3;9564315068;S
20240208;104616;7282.000000000;3;9564315326;B
20240208;104616;7282.000000000;19;9564315327;B
20240208;104617;7281.500000000;1;9564315504;S
20240208;104618;7281.500000000;16;9564315712;S
20240208;104618;7281.000000000;1;9564315713;S
20240208;104618;7281.000000000;5;9564315714;S
20240208;104618;7281.000000000;5;9564315715;S
20240208;104618;7281.000000000;50;9564315716;S
20240208;104618;7281.000000000;1;9564315717;S
20240208;104618;7280.500000000;3;9564315718;S
20240208;104618;7280.500000000;27;9564315719;S
20240208;104618;7280.500000000;23;9564315720;S
20240208;104618;7280.000000000;82;9564315721;S
20240208;104618;7280.000000000;40;9564315722;S
20240208;104618;7280.000000000;122;9564315723;S
20240208;104618;7280.000000000;122;9564315724;S
20240208;104618;7280.000000000;122;9564315725;S
20240208;104618;7280.000000000;122;9564315726;S
20240208;104618;7280.000000000;109;9564315727;S
20240208;104619;7280.000000000;3;9564315949;S
20240208;104629;7276.000000000;1;9564318680;S
20240208;104629;7276.000000000;1;9564318681;S
20240208;104630;7275.500000000;1;9564318883;S
20240208;104630;7275.000000000;1;9564318884;S
20240208;104630;7274.000000000;7;9564318885;S
20240208;104630;7274.000000000;1;9564318886;S
20240208;104630;7273.500000000;1;9564318887;S
20240208;104630;7273.500000000;6;9564318888;S
20240208;104630;7273.500000000;12;9564318889;S
20240208;104630;7273.000000000;16;9564318890;S
20240208;104637;7275.000000000;6;9564320569;B
20240208;104637;7275.500000000;16;9564320570;B
20240208;104638;7273.000000000;4;9564321959;S
20240208;104638;7272.000000000;4;9564321960;S
20240208;104638;7272.000000000;1;9564321961;S
20240208;104638;7271.000000000;1;9564321962;S
20240208;104645;7273.000000000;1;9564324629;S
20240208;104645;7273.000000000;1;9564324801;S
20240208;104648;7273.000000000;1;9564325422;S
20240208;104651;7273.500000000;1;9564326154;B
20240208;104655;7273.000000000;1;9564327221;S
20240208;104657;7273.000000000;5;9564327683;S
20240208;104658;7273.500000000;22;9564327749;B
20240208;104701;7273.500000000;27;9564328257;B
20240208;104701;7273.500000000;6;9564328258;B
20240208;104701;7273.500000000;4;9564328259;B
20240208;104701;7274.000000000;1;9564328260;B
20240208;104701;7274.000000000;2;9564328261;B
20240208;104709;7274.000000000;1;9564330158;B
20240208;104710;7273.000000000;5;9564330330;S
20240208;104710;7273.000000000;25;9564330331;S
20240208;104710;7273.000000000;6;9564330332;S
20240208;104710;7273.000000000;25;9564330333;S
20240208;104710;7271.500000000;6;9564330334;S
20240208;104710;7271.000000000;1;9564330335;S
20240208;104710;7271.000000000;37;9564330336;S
20240208;104711;7274.000000000;1;9564330461;B
20240208;104711;7274.000000000;4;9564330462;B
20240208;104711;7274.000000000;5;9564330463;B
20240208;104711;7274.000000000;10;9564330464;B
20240208;104714;7274.000000000;4;9564331154;S
20240208;104715;7274.000000000;1;9564331355;S
20240208;104717;7272.000000000;3;9564331730;S
20240208;104717;7273.000000000;10;9564331736;B
20240208;104719;7273.000000000;21;9564331996;B
20240208;104719;7273.500000000;1;9564331997;B
20240208;104720;7273.500000000;5;9564332263;B
20240208;104723;7273.500000000;6;9564332919;B
20240208;104731;7272.000000000;2;9564334800;S
20240208;104731;7272.000000000;2;9564334900;S
20240208;104738;7271.000000000;3;9564336487;S
20240208;104740;7271.500000000;2;9564336839;B
20240208;104740;7271.500000000;6;9564336840;B
20240208;104740;7272.000000000;14;9564336841;B
20240208;104740;7271.000000000;10;9564337041;S
20240208;104751;7271.500000000;6;9564339540;B
20240208;104751;7272.000000000;4;9564339541;B
20240208;104754;7271.500000000;1;9564340641;S
20240208;104754;7271.000000000;24;9564340642;S
20240208;104755;7271.000000000;93;9564340796;S
20240208;104755;7271.000000000;6;9564340797;S
20240208;104755;7271.000000000;1;9564340798;S
20240208;104755;7271.000000000;2;9564341062;S
20240208;104757;7271.000000000;10;9564341450;S
20240208;104759;7271.000000000;1;9564341930;S
20240208;104759;7271.000000000;1;9564341967;S
20240208;104800;7271.500000000;21;9564342435;B
20240208;104800;7272.000000000;1;9564342436;B
20240208;104804;7271.000000000;5;9564343609;S
20240208;104805;7271.000000000;14;9564343894;S
20240208;104805;7271.000000000;21;9564343895;S
20240208;104805;7271.500000000;1;9564343899;B
20240208;104805;7271.000000000;24;9564343908;S
20240208;104805;7271.000000000;21;9564343914;S
20240208;104807;7271.500000000;10;9564344215;B
20240208;104807;7271.000000000;10;9564344289;S
20240208;104809;7271.000000000;1;9564344774;S
20240208;104810;7271.500000000;3;9564345063;B
20240208;104812;7271.000000000;23;9564345648;S
20240208;104812;7271.000000000;7;9564345649;S
20240208;104812;7271.500000000;6;9564345654;B
20240208;104814;7271.000000000;114;9564346082;S
20240208;104814;7271.000000000;20;9564346083;S
20240208;104814;7271.000000000;2;9564346119;S
20240208;104815;7271.500000000;12;9564346252;B
20240208;104815;7271.500000000;2;9564346253;B
20240208;104815;7271.500000000;6;9564346254;B
20240208;104816;7271.000000000;4;9564346531;S
20240208;104816;7271.500000000;5;9564346581;B
20240208;104817;7271.500000000;1;9564346823;B
20240208;104821;7271.500000000;19;9564347929;B
20240208;104821;7271.500000000;3;9564347930;B
20240208;104822;7271.000000000;20;9564348062;S
20240208;104824;7271.500000000;3;9564348631;B
20240208;104827;7271.500000000;6;9564349834;B
20240208;104828;7271.500000000;5;9564349914;B
20240208;104828;7271.500000000;4;9564349915;B
20240208;104829;7271.500000000;9;9564350256;B
20240208;104833;7271.000000000;2;9564351174;S
20240208;104833;7271.500000000;21;9564351264;B
20240208;104833;7272.000000000;7;9564351265;B
20240208;104834;7271.500000000;1;9564351466;B
20240208;104834;7271.500000000;4;9564351515;S
20240208;104835;7271.500000000;1;9564351623;S
20240208;104842;7272.000000000;6;9564353824;B
20240208;104842;7272.000000000;5;9564353825;B
20240208;104842;7272.000000000;11;9564353826;B
20240208;104844;7272.000000000;7;9564354424;B
20240208;104846;7271.500000000;7;9564354983;S
20240208;104846;7271.500000000;5;9564355063;S
20240208;104848;7271.000000000;1;9564355467;S
20240208;104850;7271.500000000;4;9564355900;B
20240208;104851;7271.000000000;10;9564356197;S
20240208;104852;7271.000000000;3;9564356321;S
20240208;104852;7271.000000000;25;9564356394;S
20240208;104853;7271.000000000;12;9564356710;S
20240208;104853;7271.000000000;9;9564356711;S
20240208;104853;7271.500000000;16;9564356822;B
20240208;104853;7271.500000000;21;9564356823;B
20240208;104853;7271.500000000;6;9564356824;B
20240208;104853;7272.000000000;59;9564356825;B
20240208;104854;7271.000000000;206;9564357299;S
20240208;104854;7271.000000000;3;9564357357;S
20240208;104858;7271.000000000;340;9564358410;S
20240208;104859;7271.000000000;5;9564358668;S
20240208;104902;7271.000000000;2;9564359646;S
20240208;104903;7271.500000000;4;9564359825;B
20240208;104903;7271.500000000;1;9564359826;B
20240208;104903;7271.500000000;21;9564359974;B
20240208;104903;7272.000000000;1;9564359975;B
20240208;104903;7271.000000000;44;9564360048;S
20240208;104903;7271.000000000;14;9564360049;S
20240208;104904;7271.000000000;4;9564360291;S
20240208;104906;7271.000000000;9;9564360691;S
20240208;104906;7271.000000000;9;9564360692;S
20240208;104907;7271.000000000;25;9564360848;S
20240208;104907;7271.000000000;5;9564360849;S
20240208;104908;7271.000000000;1;9564361044;S
20240208;104908;7271.500000000;21;9564361245;B
20240208;104908;7272.000000000;109;9564361246;B
20240208;104910;7271.500000000;21;9564361582;B
20240208;104912;7271.500000000;8;9564361919;S
20240208;104921;7272.000000000;1;9564363886;B
20240208;104921;7272.000000000;8;9564363938;B
20240208;104923;7271.500000000;71;9564364316;S
20240208;104923;7271.500000000;21;9564364317;S
20240208;104924;7271.500000000;22;9564364495;B
20240208;104927;7271.000000000;1;9564365103;S
20240208;104928;7271.000000000;1;9564365304;S
20240208;104929;7271.500000000;1;9564365498;B
20240208;104934;7271.000000000;4;9564366338;S
20240208;104934;7271.000000000;27;9564366339;S
20240208;104934;7271.000000000;13;9564366340;S
20240208;104934;7271.000000000;40;9564366341;S
20240208;104937;7271.000000000;1;9564367060;S
20240208;104937;7271.000000000;1;9564367082;S
20240208;104942;7271.500000000;26;9564368130;B
20240208;104942;7271.500000000;26;9564368139;B
20240208;104942;7271.000000000;10;9564368179;S
20240208;104942;7271.500000000;3;9564368227;B
20240208;104943;7271.500000000;50;9564368324;B
20240208;104943;7271.500000000;6;9564368480;B
20240208;104943;7271.000000000;35;9564368514;S
20240208;104943;7270.500000000;85;9564368515;S
20240208;104943;7270.500000000;10;9564368516;S
20240208;104943;7270.500000000;29;9564368541;S
20240208;104944;7271.000000000;21;9564368715;B
20240208;104945;7271.500000000;22;9564368905;B
20240208;104946;7271.500000000;2;9564369197;B
20240208;104946;7271.500000000;1;9564369198;B
20240208;104946;7271.500000000;10;9564369199;B
20240208;104946;7271.500000000;4;9564369200;B
20240208;104948;7271.000000000;21;9564369615;S
20240208;104950;7270.500000000;40;9564369970;S
20240208;105001;7271.000000000;1;9564372484;B
20240208;105004;7270.500000000;36;9564372979;S
20240208;105004;7270.000000000;13;9564372980;S
20240208;105005;7270.000000000;2;9564373222;S
20240208;105005;7270.000000000;15;9564373223;S
20240208;105005;7270.000000000;25;9564373224;S
20240208;105005;7270.000000000;1;9564373225;S
20240208;105005;7270.000000000;1;9564373226;S
20240208;105005;7270.000000000;5;9564373227;S
20240208;105005;7270.000000000;20;9564373228;S
20240208;105005;7269.000000000;2;9564373230;S
20240208;105005;7269.000000000;3;9564373231;S
20240208;105005;7269.000000000;2;9564373232;S
20240208;105005;7269.000000000;1;9564373233;S
20240208;105005;7268.500000000;4;9564373235;S
20240208;105005;7268.000000000;10;9564373437;S
20240208;105005;7267.500000000;5;9564373438;S
20240208;105006;7267.000000000;1;9564373536;B
20240208;105006;7267.000000000;20;9564373537;B
20240208;105006;7267.000000000;1;9564373538;B
20240208;105009;7266.500000000;5;9564374373;S
20240208;105009;7266.500000000;1;9564374374;S
20240208;105009;7266.500000000;1;9564374375;S
20240208;105009;7266.500000000;8;9564374376;S
20240208;105009;7266.500000000;4;9564374396;S
20240208;105010;7266.500000000;28;9564374563;S
20240208;105010;7266.500000000;1;9564374564;S
20240208;105010;7266.000000000;6;9564374565;S
20240208;105010;7265.500000000;5;9564374566;S
20240208;105010;7265.500000000;1;9564374567;S
20240208;105010;7265.500000000;1;9564374568;S
20240208;105010;7265.500000000;32;9564374569;S
20240208;105010;7265.500000000;1;9564374570;S
20240208;105010;7265.000000000;8;9564374571;S
20240208;105010;7265.000000000;138;9564374572;S
20240208;105010;7265.000000000;1;9564374573;S
20240208;105010;7265.000000000;5;9564374574;S
20240208;105010;7265.000000000;10;9564374575;S
20240208;105010;7265.000000000;10;9564374576;S
20240208;105010;7264.500000000;6;9564374578;S
20240208;105012;7264.500000000;35;9564374784;S
20240208;105012;7265.000000000;1;9564374898;B
20240208;105014;7264.500000000;159;9564375276;S
20240208;105014;7264.500000000;1;9564375277;S
20240208;105014;7264.000000000;15;9564375278;S
20240208;105014;7264.000000000;6;9564375279;S
20240208;105014;7263.000000000;51;9564375280;S
20240208;105014;7262.500000000;7;9564375281;S
20240208;105014;7262.500000000;10;9564375282;S
20240208;105014;7262.000000000;13;9564375283;S
20240208;105014;7262.000000000;239;9564375284;S
20240208;105014;7262.000000000;1;9564375341;S
20240208;105015;7262.000000000;30;9564375497;S
20240208;105015;7262.000000000;6;9564375505;S
20240208;105016;7262.000000000;24;9564375857;S
20240208;105016;7262.000000000;8;9564375858;S
20240208;105016;7262.000000000;1;9564375859;S
20240208;105016;7262.000000000;10;9564375860;S
20240208;105016;7262.000000000;1;9564375861;S
20240208;105016;7262.000000000;10;9564375862;S
20240208;105016;7262.000000000;13;9564375863;S
20240208;105016;7262.000000000;1;9564375864;S
20240208;105017;7263.500000000;2;9564376115;B
20240208;105017;7264.000000000;1;9564376116;B
20240208;105017;7264.000000000;8;9564376117;B
20240208;105021;7263.000000000;28;9564377688;S
20240208;105021;7262.500000000;4;9564377689;S
20240208;105021;7262.500000000;6;9564377690;S
20240208;105021;7262.000000000;1;9564377691;S
20240208;105021;7262.000000000;1;9564377692;S
20240208;105021;7264.000000000;5;9564377921;B
20240208;105021;7264.500000000;21;9564377922;B
20240208;105021;7265.000000000;174;9564377923;B
20240208;105022;7262.500000000;2;9564378145;S
20240208;105022;7262.500000000;1;9564378146;S
20240208;105024;7263.500000000;2;9564378458;S
20240208;105024;7263.000000000;1;9564378459;S
20240208;105024;7263.000000000;6;9564378460;S
20240208;105024;7262.500000000;20;9564378461;S
20240208;105024;7262.000000000;11;9564378462;S
20240208;105024;7262.000000000;750;9564378463;S
20240208;105024;7262.000000000;10;9564378464;S
20240208;105025;7262.000000000;4;9564378555;S
20240208;105025;7262.000000000;16;9564378582;S
20240208;105025;7262.000000000;7;9564378696;S
20240208;105026;7262.000000000;7;9564378768;S
20240208;105026;7262.000000000;10;9564378825;S
20240208;105026;7262.500000000;8;9564378958;B
20240208;105026;7262.500000000;6;9564378959;B
20240208;105026;7263.500000000;1;9564378960;B
20240208;105027;7263.000000000;21;9564379036;B
20240208;105027;7263.500000000;1;9564379037;B
20240208;105028;7262.000000000;6;9564379295;S
20240208;105028;7262.000000000;1;9564379296;S
20240208;105028;7262.000000000;8;9564379330;S
20240208;105030;7262.000000000;10;9564380179;S
20240208;105031;7262.000000000;23;9564380190;S
20240208;105032;7262.000000000;5;9564380521;S
20240208;105032;7262.000000000;154;9564380546;S
20240208;105032;7262.000000000;4;9564380547;S
20240208;105035;7261.500000000;3;9564381205;S
20240208;105035;7261.500000000;50;9564381206;S
20240208;105035;7261.500000000;2;9564381207;S
20240208;105035;7261.500000000;20;9564381208;S
20240208;105035;7261.500000000;1;9564381209;S
20240208;105035;7261.500000000;2;9564381210;S
20240208;105035;7261.500000000;1;9564381211;S
20240208;105035;7261.500000000;6;9564381212;S
20240208;105035;7261.000000000;115;9564381213;S
20240208;105035;7261.000000000;70;9564381303;S
20240208;105035;7261.500000000;5;9564381424;S
20240208;105035;7261.500000000;10;9564381427;S
20240208;105036;7261.500000000;13;9564381445;S
20240208;105036;7261.500000000;50;9564381495;S
20240208;105039;7261.500000000;11;9564382110;S
20240208;105039;7261.500000000;2;9564382167;S
20240208;105040;7261.500000000;13;9564382304;S
20240208;105040;7261.500000000;75;9564382313;S
20240208;105040;7262.000000000;4;9564382322;B
20240208;105040;7262.000000000;5;9564382474;B
20240208;105041;7261.500000000;1;9564382589;S
20240208;105042;7262.000000000;4;9564383023;B
20240208;105044;7261.500000000;15;9564383272;S
20240208;105045;7261.500000000;2;9564383503;S
20240208;105046;7261.500000000;51;9564383827;S
20240208;105046;7261.500000000;1;9564383828;S
20240208;105046;7261.500000000;10;9564383829;S
20240208;105046;7261.500000000;6;9564383830;S
20240208;105046;7261.500000000;10;9564383831;S
20240208;105046;7261.500000000;10;9564383838;S
20240208;105048;7261.500000000;22;9564384134;B
20240208;105049;7261.000000000;14;9564384278;S
20240208;105049;7261.000000000;4;9564384427;S
20240208;105050;7261.000000000;5;9564384605;S
20240208;105051;7261.000000000;9;9564384808;S
20240208;105051;7261.000000000;1;9564384811;S
20240208;105052;7261.000000000;1;9564384965;S
20240208;105052;7261.500000000;1;9564385117;B
20240208;105053;7261.500000000;7;9564385347;B
20240208;105053;7261.500000000;40;9564385348;B
20240208;105055;7262.000000000;36;9564385577;B
20240208;105055;7262.000000000;1;9564385578;B
20240208;105055;7262.000000000;1;9564385579;B
20240208;105055;7262.500000000;2;9564385580;B
20240208;105055;7264.000000000;10;9564385581;B
20240208;105057;7263.500000000;4;9564386263;S
20240208;105057;7263.500000000;5;9564386264;S
20240208;105058;7263.000000000;5;9564386637;S
20240208;105101;7263.000000000;2;9564387103;S
20240208;105104;7262.500000000;7;9564387744;S
20240208;105104;7262.500000000;8;9564387745;S
20240208;105106;7263.000000000;3;9564388197;S
20240208;105107;7263.000000000;3;9564388400;S
20240208;105107;7263.000000000;1;9564388407;S
20240208;105107;7262.500000000;1;9564388408;S
20240208;105109;7263.500000000;1;9564388700;B
20240208;105109;7264.000000000;1;9564388701;B
20240208;105109;7264.000000000;4;9564388702;B
20240208;105109;7264.000000000;7;9564388703;B
20240208;105109;7264.500000000;9;9564388704;B
20240208;105110;7263.000000000;2;9564388939;S
20240208;105110;7263.000000000;1;9564389045;B
20240208;105112;7263.000000000;1;9564389437;B
20240208;105113;7262.500000000;7;9564389512;S
20240208;105113;7262.500000000;4;9564389513;S
20240208;105113;7262.000000000;1;9564389514;S
20240208;105115;7262.000000000;1;9564390062;B
20240208;105116;7262.000000000;1;9564390311;S
20240208;105118;7261.500000000;3;9564390568;S
20240208;105118;7261.500000000;1;9564390569;S
20240208;105118;7261.500000000;1;9564390682;S
20240208;105119;7261.500000000;18;9564390734;S
20240208;105119;7261.500000000;1;9564390735;S
20240208;105119;7261.500000000;2;9564390736;S
20240208;105120;7262.500000000;24;9564390916;B
20240208;105120;7263.000000000;4;9564390917;B
20240208;105120;7263.000000000;2;9564391018;B
20240208;105120;7263.000000000;5;9564391019;B
20240208;105124;7263.000000000;3;9564391906;B
20240208;105126;7264.500000000;11;9564392253;B
20240208;105126;7264.500000000;35;9564392254;B
20240208;105126;7266.000000000;1;9564392255;B
20240208;105126;7265.500000000;17;9564392288;S
20240208;105130;7268.000000000;4;9564393211;B
20240208;105130;7269.000000000;5;9564393212;B
20240208;105130;7270.000000000;11;9564393213;B
20240208;105130;7270.500000000;2;9564393214;B
20240208;105135;7269.000000000;4;9564394090;S
20240208;105135;7268.000000000;7;9564394091;S
20240208;105135;7267.500000000;16;9564394092;S
20240208;105135;7267.000000000;20;9564394093;S
20240208;105135;7266.500000000;4;9564394094;S
20240208;105135;7265.000000000;21;9564394095;S
20240208;105135;7264.500000000;20;9564394096;S
20240208;105135;7264.500000000;8;9564394097;S
20240208;105135;7270.500000000;4;9564394153;B
20240208;105136;7270.500000000;9;9564394220;B
20240208;105136;7270.500000000;1;9564394277;S
20240208;105137;7271.000000000;3;9564394563;B
20240208;105137;7271.000000000;2;9564394564;B
20240208;105138;7269.500000000;1;9564394969;S
20240208;105138;7271.000000000;6;9564394980;B
20240208;105139;7271.000000000;2;9564395283;B
20240208;105139;7271.000000000;5;9564395284;B
20240208;105139;7271.000000000;7;9564395285;B
20240208;105139;7271.500000000;11;9564395286;B
20240208;105139;7271.500000000;6;9564395287;B
20240208;105139;7272.000000000;169;9564395288;B
20240208;105139;7272.000000000;8;9564395289;B
20240208;105139;7271.000000000;5;9564395315;B
20240208;105140;7272.000000000;27;9564395494;B
20240208;105140;7272.000000000;1;9564395495;B
20240208;105140;7272.000000000;13;9564395496;B
20240208;105140;7272.000000000;4;9564395497;B
20240208;105140;7272.000000000;1;9564395498;B
20240208;105141;7271.000000000;7;9564395688;S
20240208;105141;7270.500000000;1;9564395689;S
20240208;105141;7270.500000000;21;9564395690;S
20240208;105141;7270.500000000;71;9564395691;S
20240208;105143;7273.000000000;1;9564396026;B
20240208;105143;7273.000000000;5;9564396027;B
20240208;105144;7273.000000000;1;9564396179;S
20240208;105144;7271.500000000;6;9564396180;S
20240208;105144;7271.000000000;20;9564396181;S
20240208;105144;7270.500000000;23;9564396182;S
20240208;105147;7271.000000000;6;9564396765;S
20240208;105147;7270.500000000;7;9564396766;S
20240208;105147;7270.500000000;10;9564396767;S
20240208;105147;7270.000000000;28;9564396768;S
20240208;105147;7270.000000000;40;9564396769;S
20240208;105147;7269.000000000;9;9564396770;S
20240208;105147;7273.000000000;1;9564396772;B
20240208;105147;7273.000000000;1;9564396773;B
20240208;105147;7273.000000000;6;9564396774;B
20240208;105150;7273.500000000;17;9564397381;B
20240208;105150;7273.500000000;5;9564397382;B
20240208;105153;7275.000000000;1;9564398116;B
20240208;105153;7275.000000000;20;9564398117;B
20240208;105153;7276.500000000;20;9564398118;B
20240208;105153;7277.000000000;3;9564398119;B
20240208;105153;7278.000000000;2;9564398120;B
20240208;105153;7278.000000000;1;9564398121;B
20240208;105153;7278.000000000;20;9564398122;B
20240208;105153;7278.500000000;3;9564398123;B
20240208;105154;7274.000000000;40;9564398224;S
20240208;105154;7273.500000000;6;9564398225;S
20240208;105154;7273.000000000;3;9564398226;S
20240208;105154;7271.500000000;20;9564398227;S
20240208;105154;7269.000000000;1;9564398228;S
20240208;105154;7268.500000000;21;9564398229;S
20240208;105154;7268.000000000;9;9564398230;S
20240208;105154;7270.500000000;3;9564398277;B
20240208;105155;7271.000000000;2;9564398347;S
20240208;105156;7271.000000000;1;9564398553;S
20240208;105158;7271.000000000;1;9564399134;B
20240208;105158;7273.500000000;2;9564399135;B
20240208;105158;7273.500000000;11;9564399136;B
20240208;105207;7274.000000000;1;9564400936;B
20240208;105211;7274.000000000;4;9564401786;B
20240208;105211;7275.500000000;20;9564401787;B
20240208;105211;7275.500000000;16;9564401788;B
20240208;105211;7276.000000000;20;9564401789;B
20240208;105211;7277.500000000;1;9564401790;B
20240208;105211;7278.000000000;20;9564401791;B
20240208;105211;7278.500000000;27;9564401792;B
20240208;105211;7279.000000000;11;9564401793;B
20240208;105211;7279.500000000;1;9564401794;B
20240208;105211;7278.500000000;22;9564401853;B
20240208;105212;7278.500000000;25;9564402003;B
20240208;105220;7272.500000000;6;9564403545;S
20240208;105232;7274.000000000;6;9564405817;B
20240208;105232;7275.500000000;1;9564405818;B
20240208;105232;7276.000000000;13;9564405819;B
20240208;105232;7276.000000000;2;9564405820;B
20240208;105235;7276.000000000;10;9564406397;B
20240208;105236;7276.000000000;8;9564406613;B
20240208;105236;7276.500000000;1;9564406614;B
20240208;105237;7272.500000000;2;9564406746;S
20240208;105244;7273.500000000;2;9564408195;B
20240208;105247;7274.000000000;23;9564408743;B
20240208;105250;7274.000000000;4;9564409318;B
20240208;105253;7273.000000000;1;9564409818;S
20240208;105253;7273.500000000;22;9564409831;B
20240208;105253;7273.000000000;3;9564409853;S
20240208;105254;7273.500000000;10;9564409900;B
20240208;105256;7273.000000000;10;9564410310;S
20240208;105257;7273.500000000;6;9564410516;B
20240208;105259;7273.500000000;2;9564411053;B
20240208;105259;7273.500000000;3;9564411054;B
20240208;105301;7273.000000000;12;9564411441;S
20240208;105301;7273.000000000;6;9564411442;S
20240208;105301;7272.000000000;4;9564411443;S
20240208;105301;7272.000000000;1;9564411444;S
20240208;105301;7272.000000000;7;9564411445;S
20240208;105301;7271.000000000;15;9564411446;S
20240208;105301;7270.000000000;2;9564411447;S
20240208;105301;7270.000000000;1;9564411448;S
20240208;105301;7269.500000000;11;9564411449;S
20240208;105301;7269.000000000;14;9564411450;S
20240208;105301;7268.500000000;47;9564411451;S
20240208;105301;7268.500000000;6;9564411452;S
20240208;105308;7272.000000000;2;9564412824;S
20240208;105309;7272.000000000;3;9564413034;S
20240208;105309;7269.000000000;4;9564413035;S
20240208;105309;7268.500000000;1;9564413036;S
20240208;105309;7268.500000000;5;9564413037;S
20240208;105309;7268.500000000;4;9564413038;S
20240208;105309;7268.500000000;7;9564413039;S
20240208;105309;7268.500000000;21;9564413040;S
20240208;105309;7268.000000000;1;9564413041;S
20240208;105309;7268.000000000;54;9564413042;S
20240208;105314;7272.000000000;10;9564413720;B
20240208;105314;7272.500000000;12;9564413721;B
20240208;105323;7270.000000000;4;9564415241;S
20240208;105323;7270.000000000;8;9564415242;S
20240208;105323;7269.500000000;21;9564415243;S
20240208;105323;7269.000000000;50;9564415244;S
20240208;105323;7269.000000000;50;9564415245;S
20240208;105323;7268.000000000;46;9564415246;S
20240208;105323;7268.000000000;1;9564415247;S
20240208;105323;7268.000000000;23;9564415248;S
20240208;105323;7267.500000000;20;9564415249;S
20240208;105323;7267.000000000;20;9564415250;S
20240208;105323;7266.500000000;6;9564415251;S
20240208;105323;7265.500000000;5;9564415252;S
20240208;105323;7265.500000000;1;9564415253;S
20240208;105323;7265.000000000;10;9564415254;S
20240208;105323;7265.000000000;50;9564415255;S
20240208;105324;7266.500000000;3;9564415452;S
20240208;105335;7271.000000000;4;9564417595;B
20240208;105335;7271.000000000;9;9564417596;B
20240208;105335;7271.000000000;1;9564417597;B
20240208;105335;7271.000000000;5;9564417598;B
20240208;105335;7271.000000000;3;9564417599;B
20240208;105336;7266.500000000;1;9564417705;S
20240208;105336;7266.500000000;9;9564417706;S
20240208;105337;7267.000000000;6;9564417831;S
20240208;105344;7271.000000000;6;9564419190;B
20240208;105344;7271.000000000;9;9564419191;B
20240208;105347;7271.000000000;1;9564419686;B
20240208;105349;7271.000000000;15;9564419984;B
20240208;105354;7269.500000000;3;9564420830;S
20240208;105356;7272.500000000;8;9564421098;B
20240208;105356;7272.500000000;2;9564421099;B
20240208;105356;7273.000000000;6;9564421100;B
20240208;105356;7273.500000000;6;9564421101;B
20240208;105401;7270.000000000;1;9564422040;S
20240208;105401;7270.000000000;4;9564422041;S
20240208;105401;7270.000000000;5;9564422042;S
20240208;105401;7269.500000000;109;9564422117;B
20240208;105406;7269.500000000;4;9564423314;S
20240208;105406;7269.500000000;2;9564423315;S
20240208;105406;7269.000000000;19;9564423316;S
20240208;105408;7271.000000000;1;9564423626;B
20240208;105412;7273.000000000;1;9564424377;B
20240208;105412;7273.000000000;4;9564424378;B
20240208;105412;7273.000000000;1;9564424379;B
20240208;105417;7273.000000000;2;9564425465;B
20240208;105417;7273.500000000;20;9564425466;B
20240208;105418;7274.000000000;60;9564425583;B
20240208;105418;7271.000000000;1;9564425684;S
20240208;105419;7274.000000000;213;9564425777;B
20240208;105423;7275.000000000;5;9564426382;B
20240208;105423;7275.500000000;6;9564426463;B
20240208;105423;7276.500000000;20;9564426464;B
20240208;105424;7277.500000000;1;9564426518;B
20240208;105424;7277.500000000;14;9564426519;B
20240208;105434;7274.500000000;1;9564428229;S
20240208;105436;7275.000000000;1;9564428517;B
20240208;105437;7275.000000000;1;9564428746;B
20240208;105438;7275.000000000;1;9564428822;B
20240208;105438;7277.500000000;4;9564428823;B
20240208;105438;7277.500000000;1;9564428824;B
20240208;105438;7277.500000000;1;9564428825;B
20240208;105438;7278.000000000;11;9564428826;B
20240208;105438;7278.000000000;4;9564428827;B
20240208;105440;7277.500000000;1;9564429330;B
20240208;105440;7278.000000000;16;9564429331;B
20240208;105440;7278.000000000;11;9564429332;B
20240208;105440;7278.000000000;22;9564429333;B
20240208;105441;7278.000000000;10;9564429363;B
20240208;105441;7278.500000000;40;9564429364;B
20240208;105444;7278.500000000;5;9564430098;B
20240208;105450;7276.500000000;1;9564431067;S
20240208;105453;7278.500000000;5;9564431591;B
20240208;105453;7279.000000000;58;9564431592;B
20240208;105453;7280.000000000;1;9564431594;B
20240208;105453;7280.000000000;300;9564431595;B
20240208;105453;7280.000000000;111;9564431596;B
20240208;105454;7280.000000000;4;9564431783;B
20240208;105454;7279.500000000;21;9564431784;S
20240208;105454;7279.500000000;20;9564431785;S
20240208;105454;7279.500000000;9;9564431786;S
20240208;105454;7280.000000000;9;9564431830;B
20240208;105455;7280.000000000;25;9564432030;B
20240208;105455;7280.000000000;1;9564432031;B
20240208;105456;7280.000000000;6;9564432133;B
20240208;105456;7279.500000000;67;9564432241;S
20240208;105456;7279.500000000;21;9564432242;S
20240208;105456;7279.500000000;14;9564432243;S
20240208;105456;7279.000000000;48;9564432244;S
20240208;105457;7280.000000000;200;9564432376;B
20240208;105458;7280.000000000;1;9564432490;B
20240208;105459;7280.000000000;22;9564432595;B
20240208;105500;7280.000000000;13;9564432760;B
20240208;105500;7280.000000000;1;9564432782;B
20240208;105502;7280.000000000;5;9564433076;B
20240208;105503;7280.000000000;2;9564433217;B
20240208;105505;7280.000000000;26;9564433568;B
20240208;105505;7280.000000000;1;9564433751;B
20240208;105506;7280.000000000;100;9564433787;B
20240208;105507;7280.000000000;1;9564433959;B
20240208;105507;7280.000000000;1;9564434010;B
20240208;105508;7280.000000000;12;9564434214;B
20240208;105508;7280.000000000;2;9564434215;B
20240208;105511;7280.000000000;1;9564434708;B
20240208;105511;7280.000000000;1;9564434709;B
20240208;105511;7280.000000000;16;9564434757;B
20240208;105511;7280.000000000;1;9564434762;B
20240208;105512;7280.000000000;19;9564435196;B
20240208;105512;7280.000000000;4;9564435197;B
20240208;105513;7280.000000000;1;9564435218;B
20240208;105513;7280.000000000;6;9564435262;B
20240208;105513;7280.000000000;1;9564435263;B
20240208;105514;7280.000000000;1;9564435388;B
20240208;105514;7280.000000000;6;9564435505;B
20240208;105514;7280.000000000;1;9564435506;B
20240208;105520;7280.000000000;22;9564436466;B
20240208;105523;7280.000000000;57;9564436966;B
20240208;105523;7279.500000000;4;9564437178;S
20240208;105526;7279.500000000;21;9564437546;S
20240208;105526;7279.500000000;2;9564437547;S
20240208;105526;7279.500000000;5;9564437548;S
20240208;105526;7279.000000000;52;9564437549;S
20240208;105526;7278.500000000;20;9564437550;S
20240208;105529;7279.500000000;8;9564438090;B
20240208;105529;7280.000000000;992;9564438091;B
20240208;105532;7279.000000000;10;9564438477;S
20240208;105532;7279.000000000;21;9564438478;S
20240208;105532;7278.500000000;68;9564438479;S
20240208;105537;7278.500000000;6;9564439285;S
20240208;105540;7280.000000000;22;9564439981;B
20240208;105541;7279.500000000;1;9564440082;S
20240208;105542;7279.500000000;15;9564440368;S
20240208;105543;7280.000000000;107;9564440408;B
20240208;105543;7280.000000000;1;9564440409;B
20240208;105543;7280.000000000;2;9564440516;B
20240208;105550;7280.000000000;117;9564441708;B
20240208;105551;7280.000000000;6;9564441841;B
20240208;105551;7280.000000000;1;9564441878;B
20240208;105552;7280.000000000;21;9564442097;B
20240208;105554;7279.500000000;3;9564442331;S
20240208;105554;7280.000000000;3;9564442332;B
20240208;105554;7280.000000000;2;9564442428;B
20240208;105601;7282.000000000;30;9564443444;B
20240208;105601;7282.000000000;1;9564443452;B
20240208;105601;7282.000000000;22;9564443571;B
20240208;105607;7281.500000000;1;9564444790;S
20240208;105607;7282.000000000;4;9564444806;B
20240208;105609;7282.000000000;3;9564445014;B
20240208;105609;7281.500000000;9;9564445071;S
20240208;105610;7281.000000000;5;9564445194;S
20240208;105610;7280.500000000;1;9564445195;S
20240208;105610;7280.500000000;21;9564445196;S
20240208;105610;7280.500000000;31;9564445197;S
20240208;105610;7280.000000000;5;9564445198;S
20240208;105610;7280.000000000;12;9564445199;S
20240208;105613;7280.000000000;94;9564445797;S
20240208;105613;7280.000000000;2;9564445798;S
20240208;105618;7281.500000000;9;9564446566;B
20240208;105618;7281.000000000;1;9564446587;S
20240208;105618;7281.000000000;1;9564446588;S
20240208;105619;7281.000000000;7;9564446806;S
20240208;105619;7281.000000000;13;9564446807;S
20240208;105621;7280.500000000;50;9564447090;S
20240208;105621;7280.500000000;2;9564447091;S
20240208;105621;7280.000000000;1348;9564447092;S
20240208;105621;7280.000000000;46;9564447093;S
20240208;105621;7280.000000000;46;9564447094;S
20240208;105621;7280.000000000;54;9564447095;S
20240208;105622;7280.500000000;21;9564447345;B
20240208;105622;7280.500000000;1;9564447346;B
20240208;105626;7280.500000000;5;9564447991;B
20240208;105627;7280.000000000;1;9564448155;S
20240208;105628;7280.000000000;96;9564448272;S
20240208;105628;7280.000000000;1;9564448315;S
20240208;105629;7280.500000000;2;9564448390;B
20240208;105629;7280.500000000;8;9564448391;B
20240208;105630;7280.500000000;1;9564448575;B
20240208;105630;7280.500000000;4;9564448576;B
20240208;105631;7280.000000000;10;9564448807;S
20240208;105632;7280.500000000;5;9564448819;B
20240208;105636;7280.000000000;8;9564449368;S
20240208;105637;7280.000000000;20;9564449442;S
20240208;105637;7280.000000000;3;9564449516;S
20240208;105639;7280.000000000;1;9564449661;S
20240208;105641;7280.000000000;1;9564449955;S
20240208;105643;7281.000000000;1;9564450236;B
20240208;105643;7281.000000000;21;9564450280;B
20240208;105643;7281.500000000;1;9564450281;B
20240208;105704;7281.500000000;22;9564453370;B
20240208;105705;7281.000000000;1;9564453516;S
20240208;105705;7281.000000000;21;9564453517;S
20240208;105705;7280.500000000;10;9564453518;S
20240208;105705;7280.500000000;23;9564453519;S
20240208;105705;7280.000000000;1169;9564453520;S
20240208;105705;7280.000000000;1;9564453521;S
20240208;105705;7281.500000000;2;9564453560;B
20240208;105705;7281.500000000;33;9564453561;B
20240208;105707;7281.500000000;1;9564453918;B
20240208;105710;7281.500000000;2;9564454354;B
20240208;105713;7281.000000000;1;9564454935;S
20240208;105717;7281.000000000;11;9564455659;S
20240208;105718;7281.000000000;4;9564455800;S
20240208;105718;7281.000000000;21;9564455801;S
20240208;105725;7281.500000000;14;9564456903;B
20240208;105725;7281.500000000;1;9564456904;B
20240208;105725;7281.500000000;7;9564456905;B
20240208;105728;7281.500000000;15;9564457406;B
20240208;105729;7281.000000000;11;9564457524;S
20240208;105729;7281.000000000;12;9564457525;S
20240208;105730;7281.500000000;1;9564457880;B
20240208;105731;7281.000000000;5;9564458104;S
20240208;105739;7281.000000000;2;9564459140;S
20240208;105746;7281.500000000;7;9564460649;B
20240208;105746;7281.500000000;1;9564460650;B
20240208;105746;7282.000000000;14;9564460651;B
20240208;105750;7282.000000000;38;9564461230;B
20240208;105751;7282.000000000;25;9564461281;B
20240208;105803;7282.000000000;1;9564463435;B
20240208;105805;7282.000000000;662;9564463702;B
20240208;105805;7283.000000000;2;9564463703;B
20240208;105805;7283.000000000;4;9564463704;B
20240208;105805;7283.500000000;1;9564463705;B
20240208;105806;7283.000000000;1;9564464026;S
20240208;105807;7283.500000000;1;9564464218;B
20240208;105807;7283.500000000;1;9564464219;B
20240208;105807;7284.000000000;1;9564464220;B
20240208;105807;7284.000000000;19;9564464221;B
20240208;105807;7284.000000000;1;9564464311;B
20240208;105808;7284.000000000;30;9564464441;B
20240208;105808;7284.000000000;10;9564464442;B
20240208;105808;7284.000000000;2;9564464522;B
20240208;105814;7284.000000000;2;9564465496;B
20240208;105817;7284.000000000;1;9564465947;B
20240208;105819;7284.000000000;25;9564466224;B
20240208;105824;7284.000000000;5;9564467383;B
20240208;105828;7284.000000000;22;9564468017;B
20240208;105834;7283.000000000;4;9564469337;S
20240208;105834;7282.500000000;1;9564469338;S
20240208;105836;7283.500000000;10;9564469849;B
20240208;105837;7284.000000000;7;9564469909;B
20240208;105837;7283.500000000;1;9564469969;S
20240208;105838;7284.000000000;103;9564470259;B
20240208;105838;7284.000000000;23;9564470260;B
20240208;105838;7284.000000000;2;9564470261;B
20240208;105838;7284.000000000;1;9564470262;B
20240208;105839;7285.000000000;1;9564470342;B
20240208;105839;7285.000000000;25;9564470343;B
20240208;105839;7285.000000000;23;9564470344;B
20240208;105840;7285.000000000;16;9564470585;B
20240208;105842;7285.000000000;1;9564470858;B
20240208;105842;7285.000000000;1;9564470885;B
20240208;105842;7285.000000000;1;9564470886;B
20240208;105843;7285.000000000;1;9564471099;B
20240208;105843;7285.000000000;1;9564471100;B
20240208;105845;7285.000000000;150;9564471626;B
20240208;105846;7285.000000000;40;9564471772;B
20240208;105846;7285.000000000;22;9564471840;B
20240208;105846;7285.000000000;16;9564471841;B
20240208;105849;7285.000000000;22;9564472389;B
20240208;105853;7285.000000000;100;9564473411;B
20240208;105856;7285.000000000;6;9564473894;B
20240208;105856;7285.000000000;4;9564473987;B
20240208;105858;7285.000000000;7;9564474212;B
20240208;105858;7284.500000000;1;9564474236;S
20240208;105900;7285.000000000;2;9564474621;B
20240208;105903;7285.000000000;20;9564474951;B
20240208;105909;7285.000000000;19;9564476032;B
20240208;105909;7285.000000000;1;9564476033;B
20240208;105909;7285.000000000;2;9564476034;B
20240208;105909;7285.000000000;3;9564476035;B
20240208;105909;7285.500000000;1;9564476036;B
20240208;105909;7285.500000000;4;9564476037;B
20240208;105909;7286.000000000;1;9564476038;B
20240208;105909;7286.000000000;2;9564476039;B
20240208;105909;7286.500000000;2;9564476042;B
20240208;105909;7286.500000000;24;9564476043;B
20240208;105910;7286.500000000;1;9564476109;B
20240208;105910;7286.500000000;2;9564476210;B
20240208;105911;7286.500000000;3;9564476322;B
20240208;105912;7286.500000000;1;9564476510;B
20240208;105912;7286.500000000;6;9564476511;B
20240208;105919;7286.500000000;11;9564477568;B
20240208;105919;7287.500000000;8;9564477569;B
20240208;105919;7288.000000000;1;9564477570;B
20240208;105919;7288.000000000;5;9564477571;B
20240208;105923;7288.500000000;31;9564478079;B
20240208;105930;7288.500000000;22;9564479406;B
20240208;105931;7288.500000000;25;9564479427;B
20240208;105937;7288.500000000;1;9564480356;B
20240208;105939;7288.500000000;10;9564482036;B
20240208;105951;7288.000000000;22;9564491199;B
20240208;105952;7287.500000000;4;9564491585;S
20240208;105956;7288.000000000;3;9564494977;B
20240208;105956;7288.000000000;1;9564494978;B
20240208;110001;7287.500000000;1;9564498599;S
20240208;110001;7287.000000000;5;9564499108;S
20240208;110001;7287.000000000;1;9564499288;S
20240208;110001;7287.000000000;1;9564499460;S
20240208;110001;7287.000000000;2;9564499463;S
20240208;110001;7287.000000000;1;9564499470;S
20240208;110001;7287.000000000;2;9564499471;S
20240208;110002;7287.000000000;11;9564499892;S
20240208;110004;7287.000000000;1;9564501434;S
20240208;110004;7287.500000000;1;9564501801;B
20240208;110004;7287.000000000;1;9564501802;S
20240208;110005;7287.000000000;5;9564502100;S
20240208;110012;7286.000000000;1;9564507562;B
20240208;110012;7286.000000000;10;9564507563;B
20240208;110012;7286.500000000;1;9564507564;B
20240208;110012;7287.000000000;2;9564507565;B
20240208;110012;7287.000000000;8;9564507566;B
20240208;110016;7286.000000000;1;9564510612;S
20240208;110022;7286.500000000;1;9564515197;B
20240208;110024;7286.500000000;3;9564516732;B
20240208;110025;7286.500000000;1;9564517293;B
20240208;110033;7287.000000000;1;9564523463;B
20240208;110033;7287.500000000;3;9564523464;B
20240208;110033;7287.500000000;4;9564523465;B
20240208;110033;7288.000000000;5;9564523466;B
20240208;110033;7288.000000000;1;9564523467;B
20240208;110033;7288.000000000;5;9564523468;B
20240208;110033;7288.000000000;3;9564523469;B
20240208;110037;7288.000000000;10;9564526149;B
20240208;110037;7288.500000000;1;9564526439;B
20240208;110037;7286.500000000;1;9564526648;S
20240208;110037;7286.500000000;3;9564526649;S
20240208;110039;7288.000000000;1;9564528027;B
20240208;110045;7287.500000000;1;9564532273;B
20240208;110047;7287.000000000;3;9564534200;S
20240208;110048;7287.500000000;5;9564535477;B
20240208;110048;7288.000000000;1;9564535478;B
20240208;110048;7288.000000000;21;9564535479;B
20240208;110048;7288.000000000;5;9564535480;B
20240208;110048;7288.500000000;732;9564535481;B
20240208;110048;7288.500000000;1;9564535482;B
20240208;110048;7289.000000000;50;9564535483;B
20240208;110048;7289.000000000;20;9564535484;B
20240208;110048;7289.500000000;1;9564535485;B
20240208;110048;7290.000000000;6;9564535486;B
20240208;110048;7290.000000000;5;9564535487;B
20240208;110048;7290.000000000;1;9564535488;B
20240208;110048;7290.000000000;10;9564535489;B
20240208;110052;7291.000000000;1;9564537965;B
20240208;110052;7290.500000000;1;9564538239;S
20240208;110054;7292.000000000;1;9564539843;B
20240208;110054;7292.000000000;10;9564539844;B
20240208;110054;7292.500000000;4;9564539845;B
20240208;110054;7293.000000000;1;9564539846;B
20240208;110054;7293.000000000;6;9564539847;B
20240208;110054;7292.500000000;3;9564540065;B
20240208;110055;7292.500000000;1;9564540522;B
20240208;110059;7291.500000000;1;9564543860;S
20240208;110102;7291.500000000;1;9564546213;B
20240208;110107;7290.500000000;1;9564549991;S
20240208;110115;7290.500000000;22;9564555292;B
20240208;110115;7290.500000000;4;9564555583;B
20240208;110116;7290.500000000;1;9564556050;B
20240208;110117;7290.500000000;1;9564556515;B
20240208;110117;7290.500000000;1;9564556522;B
20240208;110119;7290.000000000;1;9564558319;S
20240208;110124;7290.500000000;14;9564561902;B
20240208;110124;7290.500000000;100;9564561903;B
20240208;110124;7290.500000000;186;9564561904;B
20240208;110126;7290.000000000;50;9564562652;S
20240208;110126;7290.000000000;1091;9564562724;S
20240208;110126;7290.000000000;150;9564562725;S
20240208;110126;7290.000000000;78;9564562726;S
20240208;110126;7290.000000000;39;9564562727;S
20240208;110126;7290.500000000;50;9564562918;B
20240208;110126;7290.000000000;2;9564563009;S
20240208;110128;7290.500000000;1;9564564331;B
20240208;110130;7290.000000000;1;9564565307;S
20240208;110131;7290.500000000;1;9564566450;B
20240208;110133;7290.000000000;1;9564567665;S
20240208;110136;7290.500000000;22;9564569413;B
20240208;110136;7290.000000000;6;9564569617;S
20240208;110137;7290.500000000;1;9564570441;B
20240208;110142;7290.000000000;1;9564573720;S
20240208;110142;7290.000000000;4;9564573721;S
20240208;110143;7290.000000000;1;9564573963;S
20240208;110148;7290.000000000;5;9564577543;S
20240208;110148;7290.000000000;15;9564577544;S
20240208;110149;7290.500000000;3;9564577875;B
20240208;110155;7290.000000000;3;9564582478;S
20240208;110157;7290.000000000;3;9564583265;S
20240208;110157;7290.500000000;1;9564583380;B
20240208;110157;7290.500000000;1;9564583381;B
20240208;110157;7290.500000000;4;9564583382;B
20240208;110157;7290.500000000;2;9564583383;B
20240208;110157;7290.500000000;1;9564583384;B
20240208;110157;7290.500000000;1;9564583385;B
20240208;110157;7290.500000000;1;9564583386;B
20240208;110157;7291.000000000;10;9564583387;B
20240208;110157;7291.000000000;1;9564583388;B
20240208;110158;7290.500000000;3;9564583966;S
20240208;110159;7290.500000000;3;9564584647;S
20240208;110200;7290.500000000;3;9564585428;S
20240208;110200;7290.500000000;21;9564585670;B
20240208;110202;7290.500000000;541;9564586824;S
20240208;110202;7290.000000000;79;9564586825;S
20240208;110202;7290.000000000;7;9564586826;S
20240208;110202;7290.000000000;1;9564586827;S
20240208;110202;7290.000000000;69;9564586828;S
20240208;110203;7290.000000000;1;9564587464;S
20240208;110206;7290.000000000;99;9564589375;S
20240208;110210;7290.500000000;1;9564592295;B
20240208;110213;7290.000000000;100;9564593692;S
20240208;110218;7290.500000000;3;9564596755;B
20240208;110218;7290.500000000;19;9564596756;B
20240208;110222;7290.500000000;1;9564599212;B
20240208;110222;7291.000000000;2;9564599213;B
20240208;110222;7291.000000000;2;9564599214;B
20240208;110222;7291.000000000;1;9564599215;B
20240208;110222;7291.000000000;21;9564599216;B
20240208;110222;7291.000000000;1;9564599217;B
20240208;110222;7291.500000000;22;9564599218;B
20240208;110223;7290.500000000;1;9564600265;S
20240208;110223;7291.000000000;1;9564600524;B
20240208;110226;7291.000000000;20;9564602306;B
20240208;110231;7290.000000000;24;9564605564;S
20240208;110233;7290.000000000;6;9564607108;S
20240208;110238;7290.500000000;27;9564610799;B
20240208;110238;7290.500000000;5;9564610800;B
20240208;110239;7290.500000000;22;9564611422;B
20240208;110240;7291.000000000;8;9564612834;B
20240208;110240;7291.500000000;85;9564612835;B
20240208;110240;7291.500000000;1;9564612836;B
20240208;110240;7291.500000000;2;9564612844;S
20240208;110242;7292.000000000;10;9564614098;B
20240208;110242;7292.500000000;1;9564614099;B
20240208;110242;7292.500000000;1;9564614100;B
20240208;110242;7292.500000000;2;9564614101;B
20240208;110242;7293.000000000;200;9564614102;B
20240208;110242;7293.000000000;17;9564614103;B
20240208;110242;7292.000000000;1;9564614224;S
20240208;110245;7292.500000000;10;9564616042;B
20240208;110245;7293.000000000;11;9564616043;B
20240208;110245;7293.500000000;19;9564616044;B
20240208;110250;7293.000000000;27;9564620118;B
20240208;110250;7293.500000000;49;9564620119;B
20240208;110250;7293.500000000;2;9564620120;B
20240208;110250;7294.000000000;1;9564620121;B
20240208;110250;7294.000000000;2;9564620122;B
20240208;110250;7294.000000000;3;9564620123;B
20240208;110250;7294.000000000;20;9564620124;B
20240208;110250;7294.500000000;1;9564620125;B
20240208;110250;7295.000000000;15;9564620126;B
20240208;110250;7295.000000000;5;9564620127;B
20240208;110250;7295.000000000;20;9564620128;B
20240208;110250;7295.500000000;10;9564620129;B
20240208;110250;7296.000000000;1;9564620130;B
20240208;110250;7296.000000000;10;9564620131;B
20240208;110250;7296.500000000;34;9564620132;B
20240208;110250;7295.500000000;4;9564620468;B
20240208;110250;7295.500000000;2;9564620469;B
20240208;110255;7296.000000000;4;9564624026;B
20240208;110259;7295.500000000;1;9564626798;B
20240208;110259;7296.000000000;5;9564626799;B
20240208;110259;7296.000000000;20;9564626800;B
20240208;110259;7297.000000000;1;9564627185;B
20240208;110259;7297.000000000;2;9564627186;B
20240208;110259;7297.500000000;1;9564627187;B
20240208;110259;7297.500000000;2;9564627353;B
20240208;110259;7298.000000000;20;9564627354;B
20240208;110304;7296.500000000;5;9564630896;B
20240208;110304;7297.000000000;1;9564630897;B
20240208;110304;7297.000000000;1;9564630898;B
20240208;110304;7297.500000000;3;9564630899;B
20240208;110305;7297.500000000;37;9564631333;B
20240208;110305;7298.000000000;15;9564631334;B
20240208;110305;7298.000000000;4;9564631335;B
20240208;110305;7298.000000000;1;9564631336;B
20240208;110305;7298.000000000;1;9564631893;B
20240208;110305;7298.000000000;3;9564631894;B
20240208;110309;7296.000000000;74;9564634395;S
20240208;110309;7295.500000000;26;9564634396;S
20240208;110309;7297.500000000;2;9564634411;B
20240208;110309;7297.500000000;1;9564634618;B
20240208;110309;7298.000000000;9;9564634619;B
20240208;110311;7297.000000000;1;9564636328;B
20240208;110311;7297.000000000;1;9564636329;B
20240208;110311;7297.000000000;1;9564636330;B
20240208;110311;7297.500000000;1;9564636331;B
20240208;110314;7295.000000000;2;9564638208;S
20240208;110314;7294.500000000;1;9564638209;S
20240208;110314;7294.500000000;1;9564638210;S
20240208;110314;7294.000000000;31;9564638211;S
20240208;110314;7293.500000000;12;9564638212;S
20240208;110314;7293.000000000;53;9564638213;S
20240208;110315;7295.500000000;2;9564638862;B
20240208;110315;7296.000000000;21;9564638863;B
20240208;110315;7296.500000000;1;9564638864;B
20240208;110315;7296.500000000;7;9564638865;B
20240208;110315;7297.000000000;4;9564638866;B
20240208;110317;7293.000000000;2;9564640167;S
20240208;110320;7295.000000000;1;9564642712;B
20240208;110320;7295.500000000;3;9564642713;B
20240208;110320;7295.500000000;1;9564642714;B
20240208;110320;7295.500000000;1;9564642715;B
20240208;110320;7296.000000000;5;9564642716;B
20240208;110320;7296.000000000;11;9564642717;B
20240208;110320;7293.000000000;1;9564642785;S
20240208;110320;7293.000000000;10;9564642786;S
20240208;110320;7293.000000000;9;9564642787;S
20240208;110320;7292.500000000;26;9564642788;S
20240208;110323;7295.500000000;1;9564644843;B
20240208;110329;7293.000000000;1;9564648962;S
20240208;110329;7293.000000000;1;9564648963;S
20240208;110329;7293.000000000;1;9564648964;S
20240208;110329;7293.000000000;2;9564648965;S
20240208;110329;7292.500000000;50;9564649710;S
20240208;110330;7292.500000000;4;9564649741;S
20240208;110331;7292.500000000;19;9564650507;S
20240208;110332;7292.500000000;1;9564651668;S
20240208;110336;7292.500000000;3;9564654496;S
20240208;110336;7292.500000000;3;9564654508;S
20240208;110336;7292.500000000;94;9564654643;S
20240208;110336;7292.500000000;41;9564654644;S
20240208;110336;7292.500000000;1;9564654970;S
20240208;110337;7292.500000000;10;9564655171;S
20240208;110337;7293.000000000;1;9564655559;B
20240208;110338;7293.000000000;2;9564655888;B
20240208;110338;7293.000000000;1;9564655889;B
20240208;110338;7293.500000000;1;9564655890;B
20240208;110338;7294.000000000;1;9564655891;B
20240208;110339;7292.500000000;20;9564656944;S
20240208;110340;7292.500000000;1;9564657756;S
20240208;110340;7292.500000000;15;9564657922;S
20240208;110341;7292.500000000;9;9564658429;S
20240208;110341;7293.000000000;7;9564658718;B
20240208;110341;7293.500000000;15;9564658719;B
20240208;110341;7293.000000000;1;9564658810;B
20240208;110345;7293.500000000;5;9564661179;B
20240208;110345;7293.500000000;21;9564661180;B
20240208;110345;7294.000000000;30;9564661181;B
20240208;110345;7294.500000000;2;9564661182;B
20240208;110345;7294.500000000;10;9564661183;B
20240208;110346;7292.500000000;30;9564662303;S
20240208;110347;7294.000000000;3;9564663289;B
20240208;110347;7294.500000000;10;9564663290;B
20240208;110347;7294.500000000;1;9564663291;B
20240208;110347;7295.000000000;1;9564663292;B
20240208;110347;7295.000000000;1;9564663293;B
20240208;110347;7295.000000000;1;9564663294;B
20240208;110347;7295.000000000;16;9564663295;B
20240208;110347;7295.500000000;1;9564663296;B
20240208;110347;7295.500000000;20;9564663297;B
20240208;110347;7295.500000000;90;9564663298;B
20240208;110348;7292.500000000;1;9564664065;S
20240208;110350;7294.500000000;21;9564665607;B
20240208;110350;7295.000000000;9;9564665608;B
20240208;110352;7294.500000000;9;9564666984;S
20240208;110355;7294.500000000;3;9564669114;S
20240208;110355;7295.000000000;2;9564669656;B
20240208;110356;7295.000000000;25;9564669757;B
20240208;110357;7294.500000000;20;9564671107;S
20240208;110358;7295.000000000;14;9564671484;B
20240208;110359;7296.000000000;1;9564672038;B
20240208;110359;7296.000000000;1;9564672039;B
20240208;110359;7296.000000000;4;9564672297;B
20240208;110400;7297.000000000;15;9564673198;B
20240208;110400;7297.000000000;1;9564673199;B
20240208;110400;7297.000000000;1;9564673319;S
20240208;110401;7297.500000000;1;9564673557;B
20240208;110401;7298.000000000;2;9564673558;B
20240208;110401;7298.000000000;22;9564673559;B
20240208;110402;7298.000000000;9;9564674732;B
20240208;110402;7298.000000000;4;9564674733;B
20240208;110402;7298.000000000;18;9564674827;B
20240208;110402;7298.000000000;4;9564674828;B
20240208;110404;7298.000000000;16;9564675957;B
20240208;110404;7298.500000000;30;9564675958;B
20240208;110404;7299.000000000;1;9564675959;B
20240208;110404;7299.500000000;5;9564675960;B
20240208;110404;7299.500000000;100;9564675961;B
20240208;110404;7300.000000000;1;9564675962;B
20240208;110404;7300.000000000;5;9564675963;B
20240208;110404;7300.000000000;5;9564675964;B
20240208;110404;7300.000000000;1;9564675965;B
20240208;110404;7300.000000000;23;9564675966;B
20240208;110404;7300.000000000;1;9564675967;B
20240208;110404;7300.000000000;31;9564675968;B
20240208;110404;7300.000000000;2;9564675969;B
20240208;110404;7300.000000000;1;9564675970;B
20240208;110404;7300.000000000;3;9564675971;B
20240208;110404;7300.000000000;1;9564675972;B
20240208;110404;7300.000000000;39;9564675973;B
20240208;110404;7300.000000000;2;9564675974;B
20240208;110404;7300.000000000;1;9564675975;B
20240208;110404;7300.000000000;2;9564675976;B
20240208;110404;7300.000000000;2;9564675977;B
20240208;110404;7300.000000000;2;9564675978;B
20240208;110404;7300.000000000;1;9564675979;B
20240208;110404;7300.000000000;70;9564675980;B
20240208;110404;7300.000000000;5;9564675981;B
20240208;110404;7300.000000000;5;9564675982;B
20240208;110404;7300.000000000;5;9564675983;B
20240208;110405;7300.000000000;1;9564677119;B
20240208;110405;7300.000000000;251;9564677258;B
20240208;110405;7300.000000000;1;9564677259;B
20240208;110405;7300.000000000;1;9564677260;B
20240208;110405;7301.000000000;10;9564677261;B
20240208;110405;7301.000000000;1;9564677262;B
20240208;110406;7301.000000000;10;9564677521;B
20240208;110406;7301.000000000;2;9564677522;B
20240208;110406;7301.000000000;1;9564677523;B
20240208;110406;7302.000000000;2;9564677524;B
20240208;110406;7302.500000000;40;9564677525;B
20240208;110406;7302.500000000;28;9564677865;B
20240208;110406;7302.500000000;22;9564677866;B
20240208;110407;7303.500000000;5;9564678242;B
20240208;110407;7303.500000000;22;9564678455;B
20240208;110407;7303.500000000;8;9564678456;B
20240208;110407;7304.000000000;15;9564678457;B
20240208;110408;7304.500000000;1;9564679204;B
20240208;110408;7304.500000000;4;9564679317;B
20240208;110408;7303.500000000;1;9564679447;S
20240208;110412;7303.500000000;1;9564681977;S
20240208;110412;7302.000000000;2;9564681978;S
20240208;110412;7302.000000000;21;9564681979;S
20240208;110412;7301.500000000;33;9564681980;S
20240208;110412;7300.000000000;17;9564681981;S
20240208;110412;7300.000000000;50;9564681982;S
20240208;110412;7300.000000000;20;9564681983;S
20240208;110412;7297.500000000;5;9564681985;S
20240208;110412;7297.500000000;35;9564681986;S
20240208;110415;7298.000000000;1;9564684124;S
20240208;110415;7297.000000000;26;9564684125;S
20240208;110417;7297.000000000;7;9564685859;S
20240208;110417;7295.000000000;33;9564685860;S
20240208;110417;7294.000000000;10;9564685861;S
20240208;110417;7294.000000000;1;9564685972;S
20240208;110418;7297.500000000;2;9564686116;B
20240208;110418;7293.500000000;4;9564686254;S
20240208;110419;7293.000000000;1;9564687110;S
20240208;110423;7297.000000000;4;9564690591;B
20240208;110423;7297.000000000;5;9564690592;B
20240208;110423;7297.500000000;13;9564690593;B
20240208;110423;7296.000000000;10;9564690619;B
20240208;110425;7296.500000000;21;9564691926;B
20240208;110425;7297.000000000;2;9564691927;B
20240208;110425;7297.000000000;26;9564691928;B
20240208;110425;7297.000000000;6;9564691929;B
20240208;110425;7297.500000000;5;9564691930;B
20240208;110425;7297.500000000;10;9564691931;B
20240208;110426;7293.000000000;1;9564692420;S
20240208;110429;7297.000000000;1;9564694887;B
20240208;110429;7297.000000000;1;9564694891;B
20240208;110429;7297.000000000;1;9564694892;B
20240208;110429;7298.000000000;52;9564694893;B
20240208;110430;7299.500000000;20;9564695822;B
20240208;110430;7299.500000000;10;9564695823;B
20240208;110430;7300.000000000;456;9564695824;B
20240208;110430;7300.000000000;27;9564695825;B
20240208;110430;7300.000000000;14;9564695826;B
20240208;110430;7301.500000000;20;9564695827;B
20240208;110430;7301.500000000;20;9564695828;B
20240208;110430;7298.500000000;3;9564696092;S
20240208;110431;7301.500000000;10;9564696314;B
20240208;110431;7301.500000000;27;9564696315;B
20240208;110431;7302.000000000;2;9564696316;B
20240208;110431;7303.000000000;58;9564696317;B
20240208;110431;7303.000000000;20;9564696318;B
20240208;110431;7303.500000000;5;9564696319;B
20240208;110431;7303.500000000;110;9564696320;B
20240208;110431;7303.500000000;20;9564696321;B
20240208;110431;7304.000000000;10;9564696322;B
20240208;110431;7304.000000000;2;9564696323;B
20240208;110431;7304.000000000;25;9564696324;B
20240208;110431;7304.500000000;25;9564696325;B
20240208;110431;7304.500000000;1;9564696326;B
20240208;110431;7305.000000000;2;9564696327;B
20240208;110431;7305.000000000;2;9564696328;B
20240208;110431;7305.000000000;200;9564696329;B
20240208;110431;7305.000000000;200;9564696330;B
20240208;110431;7305.000000000;121;9564696331;B
20240208;110431;7305.500000000;40;9564696332;B
20240208;110431;7305.500000000;40;9564696333;B
20240208;110431;7306.000000000;20;9564696334;B
20240208;110431;7306.500000000;10;9564696335;B
20240208;110431;7307.000000000;5;9564696336;B
20240208;110431;7307.000000000;12;9564696337;B
20240208;110431;7307.000000000;200;9564696338;B
20240208;110431;7308.000000000;1;9564696339;B
20240208;110431;7308.000000000;20;9564696340;B
20240208;110431;7309.000000000;1;9564696341;B
20240208;110431;7309.500000000;3;9564696342;B
20240208;110431;7309.500000000;1;9564696343;B
20240208;110431;7309.500000000;1;9564696344;B
20240208;110431;7309.500000000;21;9564696345;B
20240208;110431;7310.000000000;2;9564696346;B
20240208;110431;7310.000000000;20;9564696347;B
20240208;110431;7310.000000000;1;9564696348;B
20240208;110431;7310.000000000;60;9564696349;B
20240208;110431;7310.000000000;1;9564696350;B
20240208;110431;7310.000000000;2;9564696351;B
20240208;110431;7310.000000000;6;9564696352;B
20240208;110431;7310.000000000;10;9564696353;B
20240208;110431;7310.000000000;12;9564696354;B
20240208;110431;7310.000000000;20;9564696355;B
20240208;110431;7310.000000000;20;9564696356;B
20240208;110431;7310.500000000;40;9564696357;B
20240208;110431;7311.000000000;1;9564696358;B
20240208;110431;7311.500000000;1;9564696359;B
20240208;110431;7311.500000000;20;9564696360;B
20240208;110431;7312.000000000;200;9564696361;B
20240208;110431;7312.000000000;150;9564696362;B
20240208;110431;7312.500000000;4;9564696363;B
20240208;110431;7312.500000000;1;9564696364;B
20240208;110431;7313.000000000;5;9564696365;B
20240208;110431;7313.500000000;20;9564696366;B
20240208;110431;7314.000000000;2;9564696367;B
20240208;110431;7314.000000000;1;9564696368;B
20240208;110431;7314.500000000;50;9564696369;B
20240208;110431;7315.000000000;1;9564696370;B
20240208;110431;7315.000000000;83;9564696371;B
20240208;110431;7315.000000000;200;9564696372;B
20240208;110431;7315.000000000;25;9564696373;B
20240208;110431;7317.500000000;1;9564696374;B
20240208;110431;7317.500000000;4;9564696375;B
20240208;110431;7318.000000000;3;9564696376;B
20240208;110431;7318.000000000;12;9564696377;B
20240208;110431;7318.000000000;1;9564696378;B
20240208;110431;7318.000000000;2;9564696379;B
20240208;110431;7318.000000000;3;9564696380;B
20240208;110431;7318.000000000;100;9564696381;B
20240208;110431;7318.000000000;200;9564696382;B
20240208;110431;7318.500000000;1000;9564696383;B
20240208;110431;7318.500000000;1;9564696384;B
20240208;110431;7319.000000000;1;9564696385;B
20240208;110431;7319.000000000;2;9564696386;B
20240208;110431;7319.000000000;50;9564696387;B
20240208;110431;7319.000000000;24;9564696388;B
20240208;110431;7319.000000000;1;9564696389;B
20240208;110431;7319.000000000;15;9564696390;B
20240208;110431;7319.000000000;1;9564696391;B
20240208;110431;7319.000000000;12;9564696392;B
20240208;110431;7319.000000000;1;9564696393;B
20240208;110431;7319.500000000;4;9564696394;B
20240208;110431;7319.500000000;1;9564696395;B
20240208;110431;7319.500000000;100;9564696396;B
20240208;110431;7320.000000000;104;9564696397;B
20240208;110431;7320.000000000;4;9564696398;B
20240208;110431;7320.000000000;30;9564696399;B
20240208;110431;7320.000000000;8;9564696400;B
20240208;110431;7320.000000000;2;9564696401;B
20240208;110431;7320.000000000;1;9564696402;B
20240208;110431;7320.000000000;1;9564696403;B
20240208;110431;7320.000000000;1;9564696404;B
20240208;110431;7320.000000000;2;9564696405;B
20240208;110431;7320.000000000;9;9564696406;B
20240208;110431;7320.000000000;3;9564696407;B
20240208;110431;7320.000000000;1;9564696408;B
20240208;110431;7320.000000000;10;9564696409;B
20240208;110431;7320.000000000;6;9564696410;B
20240208;110431;7320.000000000;20;9564696411;B
20240208;110431;7320.000000000;2;9564696412;B
20240208;110431;7320.000000000;1;9564696413;B
20240208;110431;7320.000000000;1;9564696414;B
20240208;110431;7320.000000000;1;9564696415;B
20240208;110431;7320.000000000;1;9564696416;B
20240208;110431;7320.000000000;1;9564696417;B
20240208;110431;7320.000000000;2;9564696418;B
20240208;110431;7320.000000000;3;9564696419;B
20240208;110431;7320.000000000;1;9564696420;B
20240208;110431;7320.000000000;2;9564696421;B
20240208;110431;7320.000000000;3;9564696422;B
20240208;110431;7320.000000000;1;9564696423;B
20240208;110431;7320.000000000;5;9564696424;B
20240208;110431;7320.000000000;3;9564696425;B
20240208;110431;7320.000000000;4;9564696426;B
20240208;110431;7320.000000000;1;9564696427;B
20240208;110431;7320.000000000;1;9564696428;B
20240208;110431;7320.000000000;1;9564696429;B
20240208;110431;7320.000000000;3;9564696430;B
20240208;110431;7320.000000000;1;9564696431;B
20240208;110431;7320.000000000;1;9564696432;B
20240208;110431;7320.000000000;3;9564696433;B
20240208;110431;7320.000000000;5;9564696434;B
20240208;110431;7320.000000000;15;9564696435;B
20240208;110431;7320.000000000;7;9564696436;B
20240208;110431;7320.000000000;3;9564696437;B
20240208;110431;7320.000000000;4;9564696438;B
20240208;110431;7320.000000000;11;9564696439;B
20240208;110431;7320.000000000;1;9564696440;B
20240208;110431;7320.000000000;6;9564696441;B
20240208;110431;7320.000000000;2;9564696442;B
20240208;110431;7320.000000000;1;9564696443;B
20240208;110431;7320.000000000;1;9564696444;B
20240208;110431;7320.000000000;1;9564696445;B
20240208;110431;7320.000000000;3;9564696446;B
20240208;110431;7320.000000000;4;9564696447;B
20240208;110431;7320.000000000;3;9564696448;B
20240208;110431;7320.000000000;7;9564696449;B
20240208;110431;7320.000000000;29;9564696450;B
20240208;110431;7320.000000000;4;9564696451;B
20240208;110431;7320.000000000;2;9564696452;B
20240208;110431;7320.000000000;3;9564696453;B
20240208;110431;7320.000000000;1;9564696454;B
20240208;110431;7320.000000000;16;9564696455;B
20240208;110431;7320.000000000;3;9564696456;B
20240208;110431;7320.000000000;42;9564696457;B
20240208;110431;7320.000000000;1;9564696458;B
20240208;110431;7320.000000000;2;9564696459;B
20240208;110431;7320.000000000;4;9564696460;B
20240208;110431;7320.000000000;6;9564696461;B
20240208;110431;7320.000000000;20;9564696462;B
20240208;110431;7320.000000000;2;9564696463;B
20240208;110431;7320.000000000;1;9564696464;B
20240208;110431;7320.000000000;20;9564696465;B
20240208;110431;7320.000000000;4;9564696466;B
20240208;110431;7320.000000000;1;9564696467;B
20240208;110431;7320.000000000;1;9564696468;B
20240208;110431;7320.000000000;1;9564696469;B
20240208;110431;7320.000000000;5;9564696470;B
20240208;110431;7320.000000000;20;9564696471;B
20240208;110431;7320.000000000;2;9564696472;B
20240208;110431;7320.000000000;1;9564696473;B
20240208;110431;7320.000000000;25;9564696474;B
20240208;110431;7320.000000000;1;9564696475;B
20240208;110431;7320.000000000;20;9564696476;B
20240208;110431;7320.000000000;31;9564696477;B
20240208;110431;7320.000000000;5;9564696478;B
20240208;110431;7320.000000000;100;9564696479;B
20240208;110431;7320.000000000;100;9564696480;B
20240208;110431;7320.000000000;1;9564696481;B
20240208;110431;7320.000000000;8;9564696482;B
20240208;110431;7320.000000000;4;9564696483;B
20240208;110431;7320.000000000;2;9564696484;B
20240208;110431;7320.000000000;4;9564696485;B
20240208;110431;7320.000000000;1;9564696486;B
20240208;110431;7320.000000000;99;9564696487;B
20240208;110431;7320.000000000;2;9564696488;B
20240208;110431;7320.000000000;1;9564696489;B
20240208;110431;7320.000000000;2;9564696490;B
20240208;110431;7320.000000000;2;9564696491;B
20240208;110431;7320.000000000;1;9564696492;B
20240208;110431;7320.000000000;2;9564696493;B
20240208;110431;7320.000000000;7;9564696494;B
20240208;110431;7320.000000000;1;9564696495;B
20240208;110431;7320.000000000;2;9564696496;B
20240208;110431;7320.000000000;1;9564696497;B
20240208;110431;7320.000000000;15;9564696498;B
20240208;110431;7320.000000000;1;9564696499;B
20240208;110431;7320.000000000;7;9564696500;B
20240208;110431;7320.000000000;2;9564696501;B
20240208;110431;7320.000000000;2;9564696502;B
20240208;110431;7320.000000000;6;9564696503;B
20240208;110431;7320.000000000;10;9564696504;B
20240208;110431;7320.000000000;182;9564696505;B
20240208;110431;7320.000000000;15;9564696506;B
20240208;110431;7320.000000000;1;9564696507;B
20240208;110431;7320.000000000;2;9564696508;B
20240208;110431;7320.000000000;14;9564696509;B
20240208;110431;7320.000000000;3;9564696510;B
20240208;110431;7320.000000000;1;9564696511;B
20240208;110431;7320.000000000;42;9564696512;B
20240208;110431;7320.000000000;1;9564696513;B
20240208;110431;7320.000000000;1;9564696514;B
20240208;110431;7320.000000000;4;9564696515;B
20240208;110431;7320.000000000;2;9564696516;B
20240208;110431;7320.000000000;1;9564696517;B
20240208;110431;7320.000000000;1;9564696518;B
20240208;110431;7320.000000000;3;9564696519;B
20240208;110431;7320.000000000;25;9564696520;B
20240208;110431;7320.000000000;7;9564696521;B
20240208;110431;7320.000000000;4;9564696522;B
20240208;110431;7320.000000000;1;9564696523;B
20240208;110431;7320.000000000;1;9564696524;B
20240208;110431;7320.000000000;1;9564696525;B
20240208;110431;7320.000000000;4;9564696526;B
20240208;110431;7320.000000000;28;9564696527;B
20240208;110431;7320.000000000;5;9564696528;B
20240208;110431;7320.000000000;3;9564696529;B
20240208;110431;7320.000000000;2;9564696530;B
20240208;110431;7320.000000000;1;9564696531;B
20240208;110431;7320.000000000;70;9564696532;B
20240208;110431;7320.000000000;1;9564696533;B
20240208;110431;7320.000000000;7;9564696534;B
20240208;110431;7320.000000000;1;9564696535;B
20240208;110431;7320.000000000;2;9564696536;B
20240208;110431;7320.000000000;2;9564696537;B
20240208;110431;7320.000000000;15;9564696538;B
20240208;110431;7320.000000000;2;9564696539;B
20240208;110431;7320.000000000;1;9564696540;B
20240208;110431;7320.000000000;1;9564696541;B
20240208;110431;7320.000000000;1;9564696542;B
20240208;110431;7320.000000000;3;9564696543;B
20240208;110431;7320.000000000;1;9564696544;B
20240208;110431;7320.000000000;100;9564696545;B
20240208;110431;7320.000000000;99;9564696546;B
20240208;110431;7320.000000000;1;9564696547;B
20240208;110431;7320.000000000;1;9564696548;B
20240208;110431;7320.000000000;2;9564696549;B
20240208;110431;7320.000000000;1;9564696550;B
20240208;110431;7320.000000000;1;9564696551;B
20240208;110431;7320.000000000;1;9564696552;B
20240208;110431;7320.000000000;1;9564696553;B
20240208;110431;7320.000000000;4;9564696554;B
20240208;110431;7320.000000000;5;9564696555;B
20240208;110431;7320.000000000;22;9564696556;B
20240208;110431;7320.000000000;2;9564696557;B
20240208;110431;7320.000000000;2;9564696558;B
20240208;110431;7320.000000000;1;9564696559;B
20240208;110431;7320.000000000;54;9564696560;B
20240208;110431;7320.000000000;2;9564696561;B
20240208;110431;7320.000000000;10;9564696562;B
20240208;110431;7320.000000000;1;9564696563;B
20240208;110431;7320.000000000;1;9564696564;B
20240208;110431;7320.000000000;5;9564696565;B
20240208;110431;7320.000000000;1;9564696566;B
20240208;110431;7320.000000000;4;9564696567;B
20240208;110431;7320.000000000;5;9564696568;B
20240208;110431;7320.000000000;30;9564696569;B
20240208;110431;7320.000000000;1;9564696570;B
20240208;110431;7320.000000000;2;9564696571;B
20240208;110431;7320.000000000;5;9564696572;B
20240208;110431;7320.000000000;54;9564696573;B
20240208;110431;7320.000000000;42;9564696574;B
20240208;110431;7320.000000000;10;9564696575;B
20240208;110431;7320.000000000;1;9564696576;B
20240208;110431;7320.000000000;30;9564696577;B
20240208;110431;7320.000000000;3;9564696578;B
20240208;110431;7320.000000000;1;9564696579;B
20240208;110431;7320.000000000;3;9564696580;B
20240208;110431;7320.000000000;20;9564696581;B
20240208;110431;7320.000000000;1;9564696582;B
20240208;110431;7320.500000000;100;9564696583;B
20240208;110431;7320.500000000;200;9564696584;B
20240208;110431;7320.500000000;200;9564696585;B
20240208;110431;7321.000000000;6;9564696586;B
20240208;110431;7321.000000000;2;9564696587;B
20240208;110431;7321.000000000;2;9564696588;B
20240208;110431;7321.000000000;1;9564696589;B
20240208;110431;7321.000000000;2;9564696590;B
20240208;110431;7321.000000000;3;9564696591;B
20240208;110431;7321.000000000;1;9564696592;B
20240208;110431;7321.000000000;1;9564696593;B
20240208;110431;7321.000000000;1;9564696594;B
20240208;110431;7321.000000000;1;9564696595;B
20240208;110431;7321.000000000;1;9564696596;B
20240208;110431;7321.500000000;3;9564696597;B
20240208;110431;7321.500000000;3;9564696598;B
20240208;110431;7321.500000000;1;9564696599;B
20240208;110431;7321.500000000;1;9564696600;B
20240208;110431;7322.000000000;1;9564696601;B
20240208;110431;7322.000000000;1;9564696602;B
20240208;110431;7322.000000000;1;9564696603;B
20240208;110431;7322.000000000;5;9564696604;B
20240208;110431;7322.000000000;1;9564696605;B
20240208;110431;7322.000000000;1;9564696606;B
20240208;110431;7322.000000000;1;9564696607;B
20240208;110431;7322.500000000;1;9564696608;B
20240208;110431;7322.500000000;5;9564696609;B
20240208;110431;7322.500000000;24;9564696610;B
20240208;110431;7323.000000000;1;9564696611;B
20240208;110431;7323.500000000;252;9564696612;B
20240208;110431;7304.500000000;9;9564696614;B
20240208;110431;7304.500000000;6;9564696621;B
20240208;110431;7318.000000000;1;9564696656;S
20240208;110431;7316.500000000;25;9564696664;B
20240208;110431;7312.000000000;20;9564696826;S
20240208;110431;7311.500000000;7;9564696827;S
20240208;110431;7316.500000000;15;9564696891;B
20240208;110431;7312.000000000;20;9564697066;S
20240208;110431;7312.000000000;30;9564697067;S
20240208;110432;7315.000000000;1;9564697338;B
20240208;110432;7315.000000000;2;9564697345;B
20240208;110432;7316.500000000;21;9564697346;B
20240208;110432;7317.000000000;11;9564697347;B
20240208;110432;7313.000000000;110;9564697373;S
20240208;110432;7312.500000000;200;9564697374;S
20240208;110432;7312.500000000;20;9564697375;S
20240208;110432;7312.000000000;20;9564697376;S
20240208;110432;7312.000000000;30;9564697377;S
20240208;110432;7311.500000000;131;9564697378;S
20240208;110432;7310.500000000;10;9564697379;S
20240208;110432;7310.000000000;20;9564697380;S
20240208;110432;7309.000000000;20;9564697381;S
20240208;110432;7308.500000000;20;9564697382;S
20240208;110432;7308.000000000;10;9564697383;S
20240208;110432;7306.500000000;40;9564697384;S
20240208;110432;7306.500000000;20;9564697385;S
20240208;110432;7305.000000000;10;9564697386;S
20240208;110432;7304.500000000;20;9564697387;B
20240208;110432;7304.500000000;80;9564697388;B
20240208;110432;7304.500000000;134;9564697389;B
20240208;110432;7304.500000000;10;9564697390;S
20240208;110432;7304.500000000;10;9564697391;B
20240208;110432;7304.500000000;5;9564697392;B
20240208;110432;7304.500000000;15;9564697393;B
20240208;110432;7304.500000000;10;9564697394;B
20240208;110432;7304.500000000;20;9564697396;B
20240208;110432;7304.500000000;10;9564697397;B
20240208;110432;7304.500000000;95;9564697398;B
20240208;110432;7304.500000000;30;9564697400;B
20240208;110432;7304.500000000;19;9564697401;B
20240208;110432;7304.500000000;70;9564697402;B
20240208;110432;7304.500000000;12;9564697406;B
20240208;110432;7304.500000000;10;9564697683;B
20240208;110432;7304.000000000;1;9564697726;S
20240208;110432;7301.500000000;9;9564697727;S
20240208;110434;7304.000000000;5;9564698959;B
20240208;110435;7300.000000000;1;9564699778;B
20240208;110437;7304.000000000;16;9564701417;B
20240208;110437;7304.000000000;25;9564701418;B
20240208;110437;7304.000000000;30;9564701419;B
20240208;110437;7304.500000000;429;9564701420;B
20240208;110441;7301.000000000;13;9564704998;S
20240208;110444;7303.500000000;1;9564707166;B
20240208;110444;7304.000000000;21;9564707167;B
20240208;110444;7304.000000000;21;9564707268;B
20240208;110444;7304.500000000;36;9564707269;B
20240208;110446;7300.500000000;2;9564708390;S
20240208;110446;7301.500000000;1;9564708643;B
20240208;110446;7304.000000000;21;9564708644;B
20240208;110446;7304.500000000;15;9564708736;B
20240208;110446;7304.500000000;25;9564709073;B
20240208;110448;7304.500000000;101;9564709985;B
20240208;110448;7304.500000000;5;9564710688;B
20240208;110450;7304.500000000;73;9564711798;B
20240208;110450;7305.000000000;5;9564711975;B
20240208;110451;7305.000000000;5;9564712729;B
20240208;110452;7305.000000000;10;9564713586;B
20240208;110452;7308.500000000;5;9564713587;B
20240208;110452;7308.500000000;2;9564713588;B
20240208;110452;7308.500000000;2;9564713641;B
20240208;110452;7305.000000000;21;9564713669;S
20240208;110452;7305.000000000;4;9564713670;S
20240208;110452;7304.500000000;15;9564713671;S
20240208;110453;7309.000000000;1;9564714175;B
20240208;110453;7309.000000000;9;9564714257;B
20240208;110453;7309.000000000;10;9564714262;S
20240208;110453;7309.000000000;1;9564714263;S
20240208;110453;7309.000000000;2;9564714264;S
20240208;110453;7309.000000000;5;9564714265;S
20240208;110454;7309.000000000;1;9564714643;S
20240208;110454;7309.000000000;1;9564714678;S
20240208;110454;7309.500000000;1;9564714759;B
20240208;110455;7309.000000000;10;9564715408;S
20240208;110456;7309.500000000;4;9564716426;B
20240208;110456;7309.500000000;1;9564716427;B
20240208;110457;7310.000000000;1;9564717384;S
20240208;110457;7309.500000000;21;9564717385;S
20240208;110457;7309.000000000;51;9564717386;S
20240208;110457;7309.000000000;50;9564717387;S
20240208;110457;7308.500000000;20;9564717388;S
20240208;110457;7307.500000000;20;9564717389;S
20240208;110457;7304.500000000;12;9564717390;S
20240208;110457;7304.500000000;5;9564717391;S
20240208;110501;7309.000000000;10;9564720406;B
20240208;110501;7309.000000000;20;9564720407;B
20240208;110502;7309.000000000;40;9564721269;S
20240208;110502;7309.000000000;40;9564721270;S
20240208;110503;7309.500000000;1;9564721711;B
20240208;110504;7309.000000000;5;9564721956;S
20240208;110505;7309.500000000;1;9564722795;B
20240208;110505;7310.000000000;5;9564722796;B
20240208;110505;7310.000000000;16;9564722797;B
20240208;110506;7309.000000000;2;9564723458;S
20240208;110508;7309.500000000;3;9564724592;B
20240208;110508;7309.000000000;23;9564724709;S
20240208;110509;7306.000000000;1;9564725265;S
20240208;110509;7306.000000000;11;9564725266;S
20240208;110509;7305.000000000;10;9564725267;S
20240208;110509;7304.500000000;5;9564725268;S
20240208;110509;7304.500000000;15;9564725269;S
20240208;110509;7304.000000000;9;9564725270;S
20240208;110509;7304.000000000;2;9564725271;S
20240208;110509;7304.000000000;3;9564725340;S
20240208;110510;7307.500000000;2;9564726263;B
20240208;110510;7308.000000000;9;9564726264;B
20240208;110510;7308.500000000;4;9564726265;B
20240208;110511;7307.000000000;1;9564726378;B
20240208;110511;7308.000000000;2;9564726379;B
20240208;110512;7306.500000000;3;9564726857;B
20240208;110512;7306.500000000;18;9564727214;B
20240208;110512;7306.500000000;5;9564727215;B
20240208;110512;7307.000000000;1;9564727216;B
20240208;110512;7307.000000000;26;9564727217;B
20240208;110512;7308.500000000;20;9564727218;B
20240208;110512;7309.000000000;27;9564727219;B
20240208;110512;7309.000000000;20;9564727220;B
20240208;110513;7309.000000000;83;9564727487;S
20240208;110517;7307.500000000;2;9564730052;B
20240208;110517;7308.500000000;10;9564730053;B
20240208;110519;7305.000000000;1;9564731403;S
20240208;110519;7304.000000000;1;9564731601;S
20240208;110519;7304.000000000;1;9564731602;S
20240208;110519;7304.000000000;2;9564731603;S
20240208;110520;7307.000000000;5;9564732308;B
20240208;110521;7303.500000000;1;9564732940;S
20240208;110526;7307.000000000;5;9564735988;B
20240208;110526;7307.500000000;1;9564735989;B
20240208;110526;7307.500000000;1;9564735990;B
20240208;110526;7307.500000000;15;9564735991;B
20240208;110527;7308.000000000;20;9564736942;B
20240208;110530;7307.000000000;1;9564738743;S
20240208;110530;7305.000000000;4;9564738744;S
20240208;110530;7305.000000000;3;9564738812;S
20240208;110534;7307.000000000;1;9564741593;B
20240208;110534;7307.500000000;7;9564741594;B
20240208;110535;7308.000000000;19;9564741921;B
20240208;110535;7308.500000000;1;9564741922;B
20240208;110535;7308.500000000;1;9564741923;B
20240208;110535;7308.500000000;21;9564741924;B
20240208;110535;7308.500000000;37;9564741925;B
20240208;110535;7309.000000000;36;9564741926;B
20240208;110540;7306.000000000;9;9564745086;S
20240208;110540;7305.500000000;6;9564745087;S
20240208;110540;7308.500000000;8;9564745282;B
20240208;110544;7308.500000000;3;9564747834;S
20240208;110545;7308.500000000;3;9564748517;S
20240208;110546;7308.500000000;3;9564749263;S
20240208;110546;7308.500000000;1;9564749450;S
20240208;110547;7308.500000000;1;9564749853;S
20240208;110547;7308.500000000;5;9564749856;S
20240208;110547;7308.500000000;1;9564749857;S
20240208;110547;7308.500000000;22;9564749897;B
20240208;110549;7308.000000000;6;9564751520;S
20240208;110550;7308.500000000;5;9564752200;B
20240208;110552;7308.500000000;10;9564753763;B
20240208;110553;7308.000000000;1;9564753845;S
20240208;110553;7308.000000000;2;9564753903;S
20240208;110553;7308.500000000;4;9564754443;B
20240208;110554;7308.500000000;2;9564754585;B
20240208;110555;7308.500000000;3;9564755481;B
20240208;110556;7308.000000000;1;9564755979;S
20240208;110556;7306.000000000;3;9564755980;S
20240208;110601;7308.000000000;28;9564759477;S
20240208;110602;7308.000000000;22;9564760278;S
20240208;110605;7307.500000000;1;9564762195;B
20240208;110606;7307.500000000;7;9564762694;B
20240208;110608;7307.500000000;19;9564763842;B
20240208;110608;7308.000000000;3;9564763843;B
20240208;110614;7308.000000000;2;9564767924;B
20240208;110616;7308.000000000;1;9564769426;B
20240208;110617;7307.500000000;1;9564769561;S
20240208;110617;7308.000000000;10;9564769818;B
20240208;110619;7308.000000000;62;9564771392;B
20240208;110619;7308.500000000;24;9564771393;B
20240208;110619;7308.500000000;1;9564771394;B
20240208;110619;7308.500000000;1;9564771395;B
20240208;110619;7308.500000000;5;9564771396;B
20240208;110619;7309.000000000;207;9564771397;B
20240208;110619;7309.000000000;24;9564771398;B
20240208;110619;7309.000000000;10;9564771399;B
20240208;110619;7309.000000000;2;9564771400;B
20240208;110619;7309.000000000;2;9564771401;B
20240208;110619;7309.000000000;2;9564771402;B
20240208;110619;7309.000000000;8;9564771403;B
20240208;110619;7309.000000000;1;9564771404;B
20240208;110629;7309.500000000;1;9564778628;B
20240208;110629;7310.000000000;2;9564778629;B
20240208;110629;7310.000000000;1;9564778630;B
20240208;110629;7310.000000000;10;9564778631;B
20240208;110629;7310.000000000;8;9564778632;B
20240208;110630;7310.000000000;2;9564780086;B
20240208;110630;7310.000000000;2;9564780087;B
20240208;110630;7310.000000000;8;9564780088;B
20240208;110630;7310.000000000;1;9564780100;B
20240208;110631;7308.000000000;1;9564780519;S
20240208;110633;7310.000000000;1;9564782261;B
20240208;110634;7310.500000000;1;9564783032;B
20240208;110635;7310.500000000;1;9564783516;B
20240208;110635;7313.500000000;1;9564783985;B
20240208;110637;7309.500000000;1;9564785569;S
20240208;110638;7310.000000000;2;9564786100;B
20240208;110638;7312.500000000;3;9564786101;B
20240208;110638;7313.000000000;20;9564786102;B
20240208;110638;7313.500000000;11;9564786103;B
20240208;110638;7314.000000000;4;9564786104;B
20240208;110642;7313.500000000;1;9564788893;B
20240208;110642;7313.500000000;5;9564788894;B
20240208;110642;7314.000000000;14;9564788895;B
20240208;110642;7313.000000000;1;9564789351;S
20240208;110642;7313.000000000;1;9564789353;S
20240208;110642;7314.500000000;30;9564789354;B
20240208;110642;7315.000000000;8;9564789355;B
20240208;110643;7315.000000000;7;9564789709;B
20240208;110643;7315.000000000;13;9564789710;B
20240208;110644;7315.000000000;37;9564790208;B
20240208;110644;7315.000000000;1;9564790209;B
20240208;110644;7315.000000000;10;9564790210;B
20240208;110644;7315.000000000;1;9564790211;B
20240208;110644;7315.000000000;1;9564790212;B
20240208;110644;7315.000000000;9;9564790509;B
20240208;110644;7316.000000000;11;9564790510;B
20240208;110644;7316.000000000;9;9564790530;B
20240208;110644;7316.500000000;15;9564790531;B
20240208;110644;7316.500000000;3;9564790532;B
20240208;110644;7317.000000000;11;9564790533;B
20240208;110644;7315.000000000;20;9564790999;B
20240208;110645;7315.000000000;5;9564791029;B
20240208;110645;7316.500000000;10;9564791030;B
20240208;110647;7316.500000000;4;9564792586;B
20240208;110647;7316.500000000;1;9564792587;B
20240208;110647;7317.000000000;1;9564792588;B
20240208;110647;7317.000000000;32;9564792589;B
20240208;110648;7317.000000000;18;9564793604;B
20240208;110648;7317.000000000;182;9564793605;B
20240208;110649;7317.500000000;1;9564794254;B
20240208;110649;7318.000000000;1;9564794255;B
20240208;110649;7318.000000000;2;9564794256;B
20240208;110649;7318.000000000;2;9564794257;B
20240208;110649;7318.500000000;32;9564794258;B
20240208;110649;7318.500000000;22;9564794472;B
20240208;110651;7318.500000000;28;9564795359;B
20240208;110651;7319.000000000;3;9564795360;B
20240208;110651;7319.000000000;5;9564795361;B
20240208;110651;7319.000000000;2;9564795362;B
20240208;110651;7318.500000000;15;9564796007;B
20240208;110652;7318.000000000;1;9564796312;B
20240208;110652;7318.500000000;19;9564796313;B
20240208;110652;7318.000000000;1;9564796410;B
20240208;110652;7318.500000000;37;9564796411;B
20240208;110653;7318.500000000;1;9564797065;B
20240208;110653;7318.500000000;38;9564797169;B
20240208;110654;7318.500000000;12;9564799287;B
20240208;110654;7318.500000000;1;9564799288;B
20240208;110654;7319.000000000;25;9564799289;B
20240208;110655;7317.000000000;2;9564800248;S
20240208;110657;7318.500000000;1;9564801057;B
20240208;110657;7318.500000000;7;9564801058;B
20240208;110657;7318.500000000;24;9564801805;B
20240208;110659;7318.500000000;6;9564803410;B
20240208;110659;7319.000000000;25;9564803411;B
20240208;110659;7319.000000000;30;9564803412;B
20240208;110659;7319.500000000;20;9564803413;B
20240208;110659;7319.500000000;500;9564803414;B
20240208;110659;7319.500000000;1;9564803415;B
20240208;110659;7320.000000000;1;9564803416;B
20240208;110659;7320.000000000;15;9564803417;B
20240208;110659;7320.000000000;1;9564803418;B
20240208;110659;7320.000000000;1;9564803419;B
20240208;110659;7320.000000000;1;9564803420;B
20240208;110659;7320.000000000;3;9564803421;B
20240208;110659;7320.000000000;7;9564803422;B
20240208;110659;7320.000000000;20;9564803423;B
20240208;110659;7320.000000000;3;9564803424;B
20240208;110659;7320.000000000;11;9564803425;B
20240208;110659;7320.000000000;1;9564803426;B
20240208;110659;7320.000000000;2;9564803427;B
20240208;110659;7320.000000000;1;9564803428;B
20240208;110659;7320.000000000;1;9564803429;B
20240208;110659;7320.000000000;1;9564803430;B
20240208;110659;7320.000000000;5;9564803431;B
20240208;110659;7320.000000000;1;9564803432;B
20240208;110659;7320.000000000;2;9564803433;B
20240208;110659;7320.500000000;5;9564803877;B
20240208;110659;7320.500000000;1;9564803878;B
20240208;110659;7321.500000000;5;9564803879;B
20240208;110659;7321.500000000;2;9564804040;B
20240208;110659;7320.500000000;1;9564804092;S
20240208;110700;7321.500000000;7;9564804805;B
20240208;110700;7322.000000000;2;9564804806;B
20240208;110700;7322.000000000;1;9564804807;B
20240208;110700;7322.000000000;3;9564804808;B
20240208;110700;7323.000000000;25;9564804809;B
20240208;110700;7323.000000000;1;9564805641;B
20240208;110700;7321.000000000;2;9564805682;S
20240208;110701;7323.000000000;20;9564806669;B
20240208;110701;7323.000000000;54;9564806720;B
20240208;110701;7323.500000000;31;9564806721;B
20240208;110701;7323.500000000;68;9564806896;B
20240208;110702;7323.500000000;38;9564808470;B
20240208;110702;7323.500000000;50;9564808947;B
20240208;110702;7323.500000000;498;9564809041;B
20240208;110702;7323.500000000;1;9564809042;B
20240208;110702;7323.500000000;1;9564809043;B
20240208;110702;7323.000000000;50;9564809057;B
20240208;110702;7323.500000000;63;9564809058;B
20240208;110702;7324.000000000;157;9564809059;B
20240208;110702;7324.000000000;43;9564809066;B
20240208;110702;7324.000000000;6;9564809067;B
20240208;110702;7324.000000000;2;9564809068;B
20240208;110702;7324.000000000;17;9564809069;B
20240208;110702;7324.000000000;74;9564809095;B
20240208;110703;7322.500000000;1;9564809097;S
20240208;110704;7324.000000000;1;9564810131;B
20240208;110704;7324.000000000;1;9564810274;B
20240208;110704;7324.000000000;2;9564810450;B
20240208;110705;7323.500000000;5;9564810985;S
20240208;110705;7323.000000000;4;9564810986;S
20240208;110705;7322.500000000;1;9564810987;S
20240208;110706;7321.500000000;1;9564811751;S
20240208;110706;7323.000000000;3;9564812288;S
20240208;110706;7323.000000000;3;9564812289;S
20240208;110707;7323.000000000;1;9564812752;S
20240208;110709;7324.000000000;1;9564813999;B
20240208;110710;7324.000000000;56;9564814655;B
20240208;110710;7324.000000000;22;9564815241;B
20240208;110714;7324.000000000;1;9564817334;B
20240208;110714;7324.000000000;8;9564817664;B
20240208;110715;7324.000000000;15;9564817991;B
20240208;110715;7324.000000000;8;9564818066;B
20240208;110715;7324.000000000;25;9564818207;B
20240208;110715;7323.500000000;1;9564818403;S
20240208;110717;7323.500000000;1;9564819451;S
20240208;110719;7324.000000000;7;9564820809;B
20240208;110719;7324.000000000;35;9564821379;B
20240208;110719;7324.000000000;2;9564821524;B
20240208;110721;7323.500000000;5;9564822289;S
20240208;110722;7323.500000000;5;9564823727;S
20240208;110722;7323.500000000;1;9564823728;S
20240208;110722;7323.500000000;16;9564823729;S
20240208;110722;7323.000000000;12;9564823730;S
20240208;110723;7323.000000000;6;9564824208;B
20240208;110725;7322.500000000;1;9564826007;B
20240208;110725;7322.500000000;21;9564826008;B
20240208;110725;7323.000000000;10;9564826009;B
20240208;110725;7323.000000000;10;9564826010;B
20240208;110725;7323.000000000;2;9564826011;B
20240208;110725;7323.500000000;2;9564826012;B
20240208;110727;7322.000000000;30;9564827692;S
20240208;110729;7323.000000000;1;9564829148;B
20240208;110729;7323.000000000;6;9564829149;B
20240208;110729;7323.500000000;3;9564829150;B
20240208;110729;7323.500000000;25;9564829151;B
20240208;110731;7322.000000000;5;9564830727;B
20240208;110731;7322.000000000;5;9564830798;B
20240208;110731;7323.500000000;17;9564830799;B
20240208;110732;7323.500000000;8;9564830960;B
20240208;110732;7323.500000000;4;9564830961;B
20240208;110735;7323.500000000;4;9564833558;B
20240208;110735;7324.000000000;21;9564833559;B
20240208;110735;7323.000000000;7;9564833571;S
20240208;110740;7322.500000000;15;9564837065;S
20240208;110743;7322.500000000;7;9564839967;B
20240208;110743;7322.500000000;3;9564839968;B
20240208;110743;7323.000000000;23;9564839969;B
20240208;110743;7323.000000000;1;9564839970;B
20240208;110743;7323.500000000;19;9564839971;B
20240208;110743;7324.000000000;10;9564839972;B
20240208;110743;7324.000000000;2;9564839973;B
20240208;110743;7324.000000000;5;9564839974;B
20240208;110743;7324.000000000;2;9564839975;B
20240208;110743;7324.000000000;2;9564839976;B
20240208;110743;7324.000000000;1;9564839977;B
20240208;110743;7324.000000000;1;9564839978;B
20240208;110743;7324.000000000;10;9564839979;B
20240208;110743;7324.000000000;20;9564839980;B
20240208;110743;7324.000000000;44;9564839981;B
20240208;110744;7321.500000000;11;9564840407;S
20240208;110744;7321.000000000;2;9564840408;S
20240208;110744;7321.000000000;3;9564840409;S
20240208;110744;7321.000000000;9;9564840410;S
20240208;110745;7323.500000000;6;9564841121;B
20240208;110745;7324.000000000;5;9564841122;B
20240208;110748;7321.000000000;2;9564843580;S
20240208;110748;7321.000000000;10;9564844069;S
20240208;110749;7321.000000000;3;9564844954;S
20240208;110750;7321.000000000;1;9564845373;S
20240208;110751;7321.500000000;1;9564845737;B
20240208;110752;7321.500000000;1;9564846863;B
20240208;110752;7322.500000000;4;9564846864;B
20240208;110752;7322.500000000;1;9564846865;B
20240208;110752;7322.500000000;7;9564846866;B
20240208;110752;7323.000000000;9;9564846867;B
20240208;110754;7322.500000000;6;9564848743;S
20240208;110754;7322.500000000;20;9564848744;S
20240208;110756;7323.000000000;1;9564850414;B
20240208;110756;7323.000000000;10;9564850415;B
20240208;110756;7323.500000000;2;9564850416;B
20240208;110756;7324.000000000;27;9564850417;B
20240208;110756;7322.500000000;3;9564850421;S
20240208;110757;7323.500000000;1;9564851194;S
20240208;110757;7324.000000000;5;9564851217;B
20240208;110757;7323.500000000;8;9564851230;S
20240208;110757;7323.500000000;15;9564851231;S
20240208;110758;7324.000000000;1;9564851551;B
20240208;110758;7324.000000000;4;9564851558;B
20240208;110758;7324.000000000;3;9564851559;B
20240208;110758;7324.000000000;5;9564851560;B
20240208;110758;7324.000000000;4;9564851561;B
20240208;110758;7324.000000000;3;9564851562;B
20240208;110758;7324.500000000;50;9564851578;B
20240208;110758;7324.500000000;5;9564851626;B
20240208;110758;7324.500000000;20;9564851631;B
20240208;110758;7324.500000000;1;9564851638;B
20240208;110758;7325.000000000;1;9564852237;B
20240208;110758;7325.000000000;9;9564852238;B
20240208;110758;7325.000000000;15;9564852239;B
20240208;110758;7325.000000000;2;9564852240;B
20240208;110758;7325.000000000;2;9564852241;B
20240208;110758;7325.000000000;1;9564852242;B
20240208;110758;7325.000000000;3;9564852243;B
20240208;110758;7325.000000000;1;9564852244;B
20240208;110758;7325.000000000;4;9564852245;B
20240208;110758;7325.000000000;1;9564852247;B
20240208;110758;7325.000000000;1;9564852255;B
20240208;110758;7325.000000000;5;9564852256;B
20240208;110758;7325.000000000;5;9564852257;B
20240208;110758;7325.000000000;5;9564852258;B
20240208;110758;7325.000000000;10;9564852259;B
20240208;110758;7325.000000000;14;9564852260;B
20240208;110758;7325.000000000;3;9564852263;B
20240208;110758;7325.000000000;2;9564852264;B
20240208;110758;7325.000000000;1;9564852265;B
20240208;110758;7325.000000000;1;9564852266;B
20240208;110758;7325.000000000;3;9564852267;B
20240208;110758;7325.000000000;7;9564852268;B
20240208;110758;7325.000000000;57;9564852269;B
20240208;110758;7325.000000000;1;9564852270;B
20240208;110758;7325.000000000;4;9564852271;B
20240208;110758;7325.000000000;1;9564852272;B
20240208;110758;7325.000000000;20;9564852273;B
20240208;110759;7325.000000000;1;9564852314;B
20240208;110759;7325.000000000;176;9564852330;B
20240208;110759;7325.000000000;2;9564852331;B
20240208;110759;7325.000000000;1;9564852332;B
20240208;110759;7325.000000000;3;9564852333;B
20240208;110759;7325.000000000;14;9564852334;B
20240208;110759;7325.000000000;30;9564852335;B
20240208;110759;7325.000000000;4;9564852336;B
20240208;110759;7325.500000000;5;9564852337;B
20240208;110759;7325.000000000;2;9564852341;S
20240208;110759;7325.000000000;8;9564852481;S
20240208;110759;7325.000000000;4;9564852521;S
20240208;110759;7325.500000000;29;9564852560;B
20240208;110759;7326.000000000;1;9564852561;B
20240208;110759;7326.000000000;2;9564852562;B
20240208;110759;7326.000000000;2;9564852563;B
20240208;110759;7327.000000000;1;9564852564;B
20240208;110759;7327.000000000;7;9564852565;B
20240208;110759;7327.000000000;1;9564852586;B
20240208;110759;7327.000000000;1;9564852668;B
20240208;110759;7327.000000000;10;9564852674;B
20240208;110759;7326.500000000;3;9564852675;S
20240208;110759;7326.500000000;10;9564852682;S
20240208;110759;7326.500000000;1;9564852775;S
20240208;110759;7326.500000000;1;9564852785;S
20240208;110759;7327.000000000;11;9564852920;B
20240208;110759;7328.000000000;5;9564852921;B
20240208;110759;7328.000000000;2;9564852922;B
20240208;110759;7328.000000000;3;9564852923;B
20240208;110759;7329.000000000;1;9564852924;B
20240208;110759;7329.000000000;3;9564852925;B
20240208;110759;7329.000000000;1;9564852926;B
20240208;110759;7329.000000000;14;9564852927;B
20240208;110759;7329.000000000;50;9564853043;B
20240208;110759;7329.000000000;1;9564853047;B
20240208;110759;7326.500000000;19;9564853051;S
20240208;110759;7326.500000000;6;9564853052;S
20240208;110800;7329.000000000;1;9564853077;B
20240208;110800;7329.000000000;2;9564853078;B
20240208;110800;7329.000000000;32;9564853082;B
20240208;110800;7329.000000000;1;9564853083;B
20240208;110800;7329.000000000;1;9564853084;B
20240208;110800;7329.000000000;3;9564853085;B
20240208;110800;7329.500000000;1;9564853086;B
20240208;110800;7329.500000000;2;9564853087;B
20240208;110800;7329.500000000;2;9564853088;B
20240208;110800;7329.500000000;3;9564853089;B
20240208;110800;7330.000000000;5;9564853090;B
20240208;110800;7330.000000000;5;9564853091;B
20240208;110800;7330.000000000;6;9564853092;B
20240208;110800;7330.000000000;5;9564853093;B
20240208;110800;7330.000000000;1;9564853094;B
20240208;110800;7330.000000000;1;9564853095;B
20240208;110800;7330.000000000;2;9564853096;B
20240208;110800;7330.000000000;1;9564853097;B
20240208;110800;7330.000000000;5;9564853098;B
20240208;110800;7330.000000000;1;9564853099;B
20240208;110800;7330.000000000;2;9564853100;B
20240208;110800;7330.000000000;13;9564853101;B
20240208;110800;7330.000000000;100;9564853102;B
20240208;110800;7330.000000000;90;9564853103;B
20240208;110800;7330.000000000;36;9564853104;B
20240208;110800;7330.000000000;7;9564853105;B
20240208;110800;7330.000000000;19;9564853106;B
20240208;110800;7330.000000000;1;9564853107;B
20240208;110800;7330.000000000;1;9564853108;B
20240208;110800;7330.000000000;10;9564853109;B
20240208;110800;7330.000000000;1;9564853110;B
20240208;110800;7330.000000000;1;9564853111;B
20240208;110800;7330.000000000;10;9564853112;B
20240208;110800;7330.000000000;20;9564853113;B
20240208;110800;7330.000000000;59;9564853114;B
20240208;110800;7330.000000000;4;9564853115;B
20240208;110800;7330.000000000;7;9564853116;B
20240208;110800;7330.000000000;2;9564853117;B
20240208;110800;7330.500000000;5;9564853118;B
20240208;110800;7331.000000000;1;9564853119;B
20240208;110800;7331.000000000;27;9564853120;B
20240208;110800;7331.500000000;28;9564853140;B
20240208;110800;7331.500000000;1;9564853141;B
20240208;110800;7332.000000000;1;9564853142;B
20240208;110800;7332.000000000;1;9564853143;B
20240208;110800;7332.000000000;3;9564853144;B
20240208;110800;7332.500000000;9;9564853145;B
20240208;110800;7333.000000000;3;9564853146;B
20240208;110800;7333.000000000;1;9564853147;B
20240208;110800;7333.000000000;453;9564853148;B
20240208;110800;7331.000000000;1;9564853153;S
20240208;110800;7331.000000000;4;9564853157;S
20240208;110800;7331.000000000;1;9564853158;S
20240208;110800;7331.000000000;1;9564853159;S
20240208;110800;7331.000000000;1;9564853160;S
20240208;110800;7331.000000000;1;9564853162;S
20240208;110800;7331.000000000;2;9564853163;S
20240208;110800;7331.000000000;1;9564853165;S
20240208;110800;7331.000000000;19;9564853169;S
20240208;110800;7328.500000000;1;9564853170;S
20240208;110800;7328.500000000;1;9564853171;S
20240208;110800;7333.000000000;1;9564853173;B
20240208;110800;7328.500000000;1;9564853177;S
20240208;110800;7333.000000000;1;9564853350;B
20240208;110800;7328.500000000;1;9564853624;S
20240208;110800;7330.000000000;1;9564853770;B
20240208;110800;7330.000000000;1;9564853876;B
20240208;110800;7330.000000000;1;9564853877;B
20240208;110800;7328.500000000;2;9564854019;S
20240208;110800;7328.500000000;2;9564854064;S
20240208;110800;7330.000000000;1;9564854071;B
20240208;110801;7329.500000000;1;9564854126;B
20240208;110801;7329.500000000;1;9564854135;B
20240208;110801;7329.500000000;3;9564854136;B
20240208;110801;7329.500000000;18;9564854142;B
20240208;110801;7330.000000000;9;9564854143;B
20240208;110801;7330.000000000;3;9564854144;B
20240208;110801;7330.000000000;10;9564854145;B
20240208;110801;7330.000000000;3;9564854146;B
20240208;110801;7330.000000000;1;9564854147;B
20240208;110801;7330.000000000;1;9564854148;B
20240208;110801;7330.000000000;31;9564854149;B
20240208;110801;7330.000000000;5;9564854150;B
20240208;110801;7330.000000000;3;9564854151;B
20240208;110801;7329.500000000;1;9564854170;B
20240208;110801;7329.500000000;5;9564854587;B
20240208;110802;7329.500000000;7;9564854745;B
20240208;110802;7330.000000000;13;9564854746;B
20240208;110802;7329.000000000;1;9564854863;S
20240208;110802;7330.000000000;306;9564855080;B
20240208;110802;7330.000000000;37;9564855081;B
20240208;110802;7330.000000000;38;9564855082;B
20240208;110802;7330.000000000;1;9564855083;B
20240208;110802;7330.000000000;3;9564855084;B
20240208;110802;7330.000000000;1;9564855085;B
20240208;110802;7330.000000000;8;9564855086;B
20240208;110802;7330.000000000;10;9564855087;B
20240208;110802;7330.000000000;5;9564855088;B
20240208;110802;7330.000000000;1;9564855089;B
20240208;110802;7330.000000000;2;9564855090;B
20240208;110802;7330.500000000;1;9564855091;B
20240208;110802;7330.500000000;1;9564855092;B
20240208;110802;7330.500000000;1;9564855093;B
20240208;110803;7331.000000000;1;9564855690;B
20240208;110803;7331.500000000;10;9564855720;B
20240208;110803;7332.000000000;1;9564855721;B
20240208;110803;7332.000000000;1;9564855722;B
20240208;110803;7332.000000000;1;9564855723;B
20240208;110803;7332.500000000;15;9564855761;B
20240208;110803;7332.500000000;3;9564855774;B
20240208;110804;7332.000000000;1;9564856408;S
20240208;110804;7332.500000000;2;9564856535;B
20240208;110804;7332.500000000;3;9564856536;B
20240208;110804;7333.000000000;10;9564856959;B
20240208;110804;7333.500000000;3;9564856960;B
20240208;110804;7333.500000000;5;9564856961;B
20240208;110804;7333.500000000;5;9564856962;B
20240208;110804;7334.000000000;2;9564856963;B
20240208;110804;7334.000000000;1;9564856964;B
20240208;110804;7334.000000000;3;9564856965;B
20240208;110805;7334.000000000;1;9564857570;S
20240208;110805;7334.500000000;2;9564857648;B
20240208;110805;7334.000000000;4;9564857760;S
20240208;110805;7334.500000000;7;9564857783;B
20240208;110806;7334.500000000;1;9564858156;B
20240208;110806;7334.000000000;1;9564858265;S
20240208;110806;7334.000000000;15;9564858568;S
20240208;110806;7334.500000000;3;9564858604;B
20240208;110808;7334.000000000;1;9564859710;S
20240208;110808;7334.000000000;39;9564859711;S
20240208;110808;7334.000000000;1;9564859712;S
20240208;110808;7334.000000000;1;9564859775;B
20240208;110808;7334.000000000;1;9564859879;B
20240208;110808;7334.000000000;49;9564859880;B
20240208;110808;7332.000000000;10;9564859959;S
20240208;110809;7332.500000000;2;9564860671;S
20240208;110811;7332.500000000;1;9564862103;S
20240208;110812;7333.500000000;1;9564862284;B
20240208;110813;7333.500000000;1;9564863843;B
20240208;110813;7333.500000000;20;9564863844;B
20240208;110813;7334.000000000;1;9564863845;B
20240208;110816;7334.000000000;4;9564866439;B
20240208;110816;7334.000000000;46;9564866440;B
20240208;110816;7332.500000000;1;9564866554;S
20240208;110818;7334.000000000;3;9564868509;B
20240208;110820;7334.000000000;5;9564869404;B
20240208;110820;7334.000000000;1;9564869405;B
20240208;110820;7334.000000000;2;9564869406;B
20240208;110820;7334.000000000;10;9564869407;B
20240208;110820;7334.000000000;19;9564869408;B
20240208;110820;7334.500000000;129;9564869409;B
20240208;110820;7334.500000000;10;9564869410;B
20240208;110820;7334.500000000;1;9564869411;B
20240208;110820;7335.000000000;73;9564869412;B
20240208;110823;7333.000000000;10;9564871956;S
20240208;110823;7333.000000000;1;9564872521;S
20240208;110825;7334.000000000;4;9564873681;B
20240208;110825;7334.000000000;6;9564873709;B
20240208;110825;7334.000000000;6;9564873710;B
20240208;110825;7334.000000000;50;9564873711;B
20240208;110825;7335.000000000;18;9564873712;B
20240208;110825;7335.000000000;30;9564873713;B
20240208;110825;7335.000000000;1;9564873714;B
20240208;110825;7335.000000000;14;9564873715;B
20240208;110826;7334.500000000;23;9564874948;S
20240208;110826;7335.000000000;5;9564875074;B
20240208;110826;7334.500000000;1;9564875101;S
20240208;110826;7335.000000000;2;9564875444;B
20240208;110826;7335.000000000;5;9564875445;B
20240208;110826;7335.000000000;1;9564875446;B
20240208;110827;7335.000000000;2;9564875448;B
20240208;110827;7334.500000000;4;9564875455;S
20240208;110827;7334.500000000;13;9564875497;S
20240208;110828;7333.000000000;10;9564876909;S
20240208;110828;7334.000000000;4;9564876935;B
20240208;110828;7335.000000000;7;9564876936;B
20240208;110828;7335.000000000;7;9564876937;B
20240208;110828;7335.000000000;26;9564876952;S
20240208;110828;7335.000000000;26;9564876953;S
20240208;110829;7335.000000000;26;9564876957;S
20240208;110829;7335.000000000;26;9564877283;S
20240208;110829;7335.000000000;26;9564877291;S
20240208;110829;7335.000000000;26;9564877306;S
20240208;110829;7335.000000000;26;9564877307;S
20240208;110829;7335.000000000;26;9564877311;S
20240208;110829;7335.000000000;21;9564877312;S
20240208;110829;7335.000000000;1;9564877336;S
20240208;110829;7335.000000000;10;9564877814;S
20240208;110831;7335.000000000;1;9564879368;S
20240208;110832;7335.000000000;20;9564879824;S
20240208;110834;7335.500000000;2;9564881205;B
20240208;110834;7335.500000000;3;9564881206;B
20240208;110834;7335.500000000;5;9564881207;B
20240208;110834;7335.500000000;1;9564881208;B
20240208;110834;7335.500000000;4;9564881209;B
20240208;110834;7336.000000000;35;9564881210;B
20240208;110834;7335.500000000;22;9564881382;B
20240208;110834;7335.000000000;1;9564881496;S
20240208;110834;7335.000000000;1;9564881518;S
20240208;110834;7335.000000000;1;9564881573;S
20240208;110834;7335.000000000;3;9564881685;S
20240208;110835;7335.500000000;28;9564881847;B
20240208;110835;7336.000000000;2;9564881848;B
20240208;110835;7335.500000000;10;9564882046;S
20240208;110835;7335.500000000;20;9564882047;S
20240208;110835;7335.000000000;30;9564882048;S
20240208;110835;7336.000000000;573;9564882305;B
20240208;110835;7336.000000000;1;9564882306;B
20240208;110835;7336.000000000;5;9564882307;B
20240208;110835;7336.000000000;14;9564882308;B
20240208;110835;7336.000000000;28;9564882309;B
20240208;110835;7336.000000000;10;9564882310;B
20240208;110835;7336.500000000;10;9564882311;B
20240208;110836;7336.500000000;20;9564882673;S
20240208;110836;7336.500000000;5;9564882674;S
20240208;110836;7337.000000000;2;9564883086;B
20240208;110836;7337.000000000;1;9564883087;B
20240208;110836;7337.500000000;2;9564883088;B
20240208;110836;7337.500000000;1;9564883089;B
20240208;110836;7337.500000000;40;9564883090;B
20240208;110836;7338.000000000;45;9564883091;B
20240208;110836;7338.000000000;45;9564883092;B
20240208;110836;7338.000000000;1;9564883093;B
20240208;110836;7338.500000000;10;9564883094;S
20240208;110836;7338.500000000;7;9564883303;S
20240208;110836;7338.500000000;2;9564883344;S
20240208;110836;7338.500000000;15;9564883379;S
20240208;110836;7338.500000000;5;9564883476;S
20240208;110837;7338.500000000;4;9564883487;S
20240208;110837;7338.500000000;110;9564883494;S
20240208;110837;7338.500000000;20;9564883495;S
20240208;110837;7338.500000000;1;9564883496;S
20240208;110837;7338.000000000;29;9564883497;S
20240208;110837;7336.500000000;216;9564883498;S
20240208;110837;7336.500000000;2;9564883499;S
20240208;110837;7336.000000000;1;9564883529;S
20240208;110838;7335.500000000;13;9564884617;S
20240208;110842;7335.500000000;10;9564887782;S
20240208;110842;7335.000000000;15;9564887783;S
20240208;110843;7337.000000000;1;9564888422;S
20240208;110844;7337.500000000;10;9564889268;B
20240208;110845;7337.500000000;1;9564890047;S
20240208;110845;7338.000000000;5;9564890138;B
20240208;110846;7337.500000000;4;9564890636;S
20240208;110846;7337.000000000;46;9564890637;S
20240208;110846;7337.000000000;15;9564890712;S
20240208;110847;7338.000000000;3;9564890902;B
20240208;110847;7338.000000000;2;9564890903;B
20240208;110847;7338.000000000;1;9564890904;B
20240208;110847;7338.000000000;2;9564891006;B
20240208;110847;7337.000000000;25;9564891567;S
20240208;110847;7338.000000000;7;9564891568;B
20240208;110847;7338.000000000;8;9564891569;B
20240208;110847;7338.500000000;1;9564891570;B
20240208;110847;7338.500000000;10;9564891571;B
20240208;110847;7338.500000000;1;9564891572;B
20240208;110847;7338.500000000;8;9564891573;B
20240208;110847;7339.000000000;3;9564891574;B
20240208;110847;7339.000000000;1;9564891575;B
20240208;110847;7339.000000000;70;9564891576;B
20240208;110847;7339.000000000;10;9564891577;B
20240208;110847;7339.000000000;50;9564891578;B
20240208;110847;7339.000000000;10;9564891579;B
20240208;110847;7339.000000000;1;9564891580;B
20240208;110847;7339.500000000;4;9564891581;B
20240208;110847;7339.500000000;1;9564891582;B
20240208;110847;7339.500000000;7;9564891583;B
20240208;110847;7339.500000000;1;9564891584;B
20240208;110847;7339.500000000;2;9564891585;B
20240208;110847;7339.500000000;20;9564891586;B
20240208;110847;7340.000000000;5;9564891587;B
20240208;110847;7340.000000000;80;9564891588;B
20240208;110848;7337.000000000;60;9564891807;S
20240208;110848;7337.000000000;18;9564891808;S
20240208;110849;7337.000000000;10;9564892457;S
20240208;110849;7338.000000000;1;9564892534;B
20240208;110851;7337.500000000;1;9564893893;B
20240208;110853;7337.000000000;1;9564895069;S
20240208;110853;7337.500000000;1;9564895081;B
20240208;110853;7337.500000000;3;9564895452;B
20240208;110853;7337.500000000;2;9564895453;B
20240208;110853;7338.000000000;3;9564895454;B
20240208;110854;7337.500000000;1;9564896257;B
20240208;110854;7337.500000000;2;9564896258;B
20240208;110855;7337.500000000;1;9564896683;B
20240208;110855;7337.500000000;7;9564896770;B
20240208;110855;7337.500000000;1;9564896771;B
20240208;110855;7337.500000000;1;9564896772;B
20240208;110855;7338.000000000;3;9564896773;B
20240208;110855;7338.000000000;10;9564896774;B
20240208;110855;7338.500000000;20;9564896790;B
20240208;110855;7338.500000000;37;9564896791;B
20240208;110858;7337.000000000;5;9564898625;S
20240208;110900;7338.500000000;1;9564899930;B
20240208;110900;7338.000000000;1;9564900381;B
20240208;110900;7338.500000000;9;9564900382;B
20240208;110903;7338.000000000;1;9564902171;B
20240208;110903;7338.000000000;1;9564902172;B
20240208;110903;7338.000000000;1;9564902173;B
20240208;110903;7338.500000000;17;9564902174;B
20240208;110903;7338.500000000;5;9564902175;B
20240208;110903;7338.500000000;1;9564902176;B
20240208;110903;7338.500000000;1;9564902177;B
20240208;110903;7338.500000000;1;9564902178;B
20240208;110903;7339.000000000;10;9564902179;B
20240208;110903;7339.000000000;1;9564902180;B
20240208;110903;7339.000000000;20;9564902181;B
20240208;110903;7339.000000000;10;9564902182;B
20240208;110903;7339.000000000;10;9564902183;B
20240208;110903;7339.000000000;10;9564902184;B
20240208;110903;7339.500000000;7;9564902185;B
20240208;110903;7339.500000000;77;9564902186;B
20240208;110903;7340.000000000;669;9564902187;B
20240208;110903;7340.000000000;27;9564902188;B
20240208;110903;7340.000000000;1;9564902189;B
20240208;110903;7340.000000000;1;9564902190;B
20240208;110903;7340.000000000;2;9564902191;B
20240208;110903;7340.000000000;1;9564902192;B
20240208;110903;7340.000000000;424;9564902193;B
20240208;110903;7340.000000000;50;9564902194;B
20240208;110903;7340.000000000;1;9564902195;B
20240208;110903;7340.000000000;50;9564902196;B
20240208;110903;7340.000000000;963;9564902197;B
20240208;110903;7340.000000000;100;9564902198;B
20240208;110903;7340.000000000;1;9564902199;B
20240208;110903;7340.000000000;4;9564902200;B
20240208;110903;7340.000000000;60;9564902201;B
20240208;110903;7340.000000000;3;9564902202;B
20240208;110903;7340.000000000;1;9564902203;B
20240208;110903;7340.000000000;4;9564902204;B
20240208;110903;7340.000000000;2;9564902205;B
20240208;110903;7340.000000000;1;9564902206;B
20240208;110903;7340.000000000;6;9564902207;B
20240208;110903;7340.000000000;4;9564902208;B
20240208;110903;7340.000000000;1;9564902209;B
20240208;110903;7340.000000000;10;9564902210;B
20240208;110903;7340.000000000;9;9564902211;B
20240208;110903;7340.000000000;4;9564902212;B
20240208;110903;7340.000000000;10;9564902213;B
20240208;110903;7340.000000000;1;9564902214;B
20240208;110903;7340.000000000;1;9564902215;B
20240208;110903;7340.000000000;2;9564902216;B
20240208;110903;7340.000000000;10;9564902217;B
20240208;110903;7340.000000000;35;9564902218;B
20240208;110903;7340.000000000;65;9564902219;B
20240208;110903;7340.000000000;1;9564902220;B
20240208;110903;7340.000000000;1;9564902221;B
20240208;110903;7340.000000000;1;9564902222;B
20240208;110903;7340.000000000;5;9564902223;B
20240208;110903;7340.000000000;1;9564902224;B
20240208;110903;7340.000000000;2;9564902225;B
20240208;110903;7340.000000000;3;9564902226;B
20240208;110903;7340.000000000;20;9564902227;B
20240208;110903;7340.000000000;2;9564902228;B
20240208;110903;7340.000000000;15;9564902229;B
20240208;110903;7340.000000000;20;9564902230;B
20240208;110903;7340.000000000;2;9564902231;B
20240208;110903;7340.000000000;1;9564902232;B
20240208;110903;7341.000000000;1;9564902233;B
20240208;110903;7341.000000000;1;9564902234;B
20240208;110903;7341.500000000;4;9564902235;B
20240208;110903;7341.500000000;20;9564902236;B
20240208;110903;7341.500000000;27;9564902237;B
20240208;110903;7341.500000000;20;9564902238;B
20240208;110903;7342.000000000;2;9564902239;B
20240208;110903;7342.000000000;2;9564902240;B
20240208;110903;7342.000000000;520;9564902241;B
20240208;110903;7342.000000000;2;9564902242;B
20240208;110903;7342.000000000;2;9564902243;B
20240208;110903;7342.000000000;10;9564902244;B
20240208;110903;7342.000000000;40;9564902245;B
20240208;110903;7343.500000000;20;9564902246;B
20240208;110903;7343.500000000;10;9564902247;B
20240208;110903;7343.500000000;10;9564902248;B
20240208;110903;7344.000000000;25;9564902249;B
20240208;110903;7344.000000000;1;9564902250;B
20240208;110903;7344.000000000;5;9564902251;B
20240208;110903;7344.500000000;1;9564902252;B
20240208;110903;7345.000000000;500;9564902253;B
20240208;110903;7345.000000000;3;9564902254;B
20240208;110903;7345.000000000;2;9564902255;B
20240208;110903;7345.000000000;1;9564902256;B
20240208;110903;7345.000000000;1;9564902257;B
20240208;110903;7345.000000000;1;9564902258;B
20240208;110903;7345.500000000;100;9564902259;B
20240208;110903;7345.500000000;20;9564902260;B
20240208;110903;7346.000000000;1;9564902261;B
20240208;110903;7346.000000000;1;9564902262;B
20240208;110903;7346.000000000;59;9564902263;B
20240208;110903;7346.000000000;40;9564902264;B
20240208;110903;7346.500000000;150;9564902265;B
20240208;110903;7347.000000000;10;9564902266;B
20240208;110903;7347.000000000;3;9564902267;B
20240208;110903;7347.000000000;13;9564902268;B
20240208;110903;7347.000000000;10;9564902269;B
20240208;110903;7348.000000000;1;9564902270;B
20240208;110903;7348.000000000;1;9564902271;B
20240208;110903;7348.000000000;15;9564902272;B
20240208;110903;7348.000000000;1;9564902273;B
20240208;110903;7348.000000000;4;9564902274;B
20240208;110903;7348.000000000;20;9564902275;B
20240208;110903;7348.000000000;20;9564902276;B
20240208;110903;7348.500000000;100;9564902277;B
20240208;110903;7348.500000000;4;9564902278;B
20240208;110903;7348.500000000;100;9564902279;B
20240208;110903;7349.000000000;200;9564902280;B
20240208;110903;7349.000000000;1;9564902281;B
20240208;110903;7349.000000000;1;9564902282;B
20240208;110903;7349.000000000;1;9564902283;B
20240208;110903;7349.000000000;3;9564902284;B
20240208;110903;7349.000000000;113;9564902285;B
20240208;110903;7349.000000000;1;9564902286;B
20240208;110903;7349.000000000;10;9564902287;B
20240208;110903;7349.000000000;5;9564902288;B
20240208;110903;7349.000000000;100;9564902289;B
20240208;110903;7349.000000000;2;9564902290;B
20240208;110903;7349.000000000;39;9564902291;B
20240208;110903;7349.000000000;3;9564902292;B
20240208;110903;7349.000000000;1;9564902293;B
20240208;110903;7349.000000000;5;9564902294;B
20240208;110903;7349.500000000;3;9564902295;B
20240208;110903;7349.500000000;5;9564902296;B
20240208;110903;7349.500000000;1;9564902297;B
20240208;110903;7349.500000000;2;9564902298;B
20240208;110903;7349.500000000;1;9564902299;B
20240208;110903;7349.500000000;5;9564902300;B
20240208;110903;7349.500000000;6;9564902301;B
20240208;110903;7350.000000000;8;9564902302;B
20240208;110903;7350.000000000;1;9564902303;B
20240208;110903;7350.000000000;2;9564902304;B
20240208;110903;7350.000000000;7;9564902305;B
20240208;110903;7350.000000000;1;9564902306;B
20240208;110903;7350.000000000;4;9564902307;B
20240208;110903;7350.000000000;2;9564902308;B
20240208;110903;7350.000000000;1;9564902309;B
20240208;110903;7350.000000000;2;9564902310;B
20240208;110903;7350.000000000;2;9564902311;B
20240208;110903;7350.000000000;1;9564902312;B
20240208;110903;7350.000000000;1;9564902313;B
20240208;110903;7350.000000000;5;9564902314;B
20240208;110903;7350.000000000;1;9564902315;B
20240208;110903;7350.000000000;3;9564902316;B
20240208;110903;7350.000000000;1;9564902317;B
20240208;110903;7350.000000000;2;9564902318;B
20240208;110903;7350.000000000;1;9564902319;B
20240208;110903;7350.000000000;44;9564902320;B
20240208;110903;7350.000000000;1;9564902321;B
20240208;110903;7350.000000000;1;9564902322;B
20240208;110903;7350.000000000;4;9564902323;B
20240208;110903;7350.000000000;1;9564902324;B
20240208;110903;7350.000000000;20;9564902325;B
20240208;110903;7350.000000000;1;9564902326;B
20240208;110903;7350.000000000;29;9564902327;B
20240208;110903;7350.000000000;27;9564902328;B
20240208;110903;7350.000000000;59;9564902329;B
20240208;110903;7350.000000000;1;9564902330;B
20240208;110903;7350.000000000;1;9564902331;B
20240208;110903;7350.000000000;2;9564902332;B
20240208;110903;7350.000000000;5;9564902333;B
20240208;110903;7350.000000000;1;9564902334;B
20240208;110903;7350.000000000;1;9564902335;B
20240208;110903;7350.000000000;6;9564902336;B
20240208;110903;7350.000000000;1;9564902337;B
20240208;110903;7350.000000000;1;9564902338;B
20240208;110903;7350.000000000;5;9564902339;B
20240208;110903;7350.000000000;1;9564902340;B
20240208;110903;7350.000000000;2;9564902341;B
20240208;110903;7350.000000000;5;9564902342;B
20240208;110903;7350.000000000;2;9564902343;B
20240208;110903;7350.000000000;142;9564902344;B
20240208;110903;7350.000000000;15;9564902345;B
20240208;110903;7350.000000000;1;9564902346;B
20240208;110903;7350.000000000;1;9564902347;B
20240208;110903;7350.000000000;2;9564902348;B
20240208;110903;7350.000000000;1;9564902349;B
20240208;110903;7350.000000000;14;9564902350;B
20240208;110903;7350.000000000;1;9564902351;B
20240208;110903;7350.000000000;100;9564902352;B
20240208;110903;7350.000000000;1;9564902353;B
20240208;110903;7350.000000000;5;9564902354;B
20240208;110903;7350.000000000;1;9564902355;B
20240208;110903;7350.000000000;1;9564902356;B
20240208;110903;7350.000000000;4;9564902357;B
20240208;110903;7350.000000000;1;9564902358;B
20240208;110903;7350.000000000;1;9564902359;B
20240208;110903;7350.000000000;5;9564902360;B
20240208;110903;7350.000000000;1;9564902361;B
20240208;110903;7350.000000000;70;9564902362;B
20240208;110903;7350.000000000;10;9564902363;B
20240208;110903;7350.000000000;5;9564902364;B
20240208;110903;7350.000000000;1;9564902365;B
20240208;110903;7350.000000000;5;9564902366;B
20240208;110903;7350.000000000;1;9564902367;B
20240208;110903;7350.000000000;13;9564902368;B
20240208;110903;7350.000000000;2;9564902369;B
20240208;110903;7350.000000000;110;9564902370;B
20240208;110903;7350.000000000;5;9564902371;B
20240208;110903;7350.000000000;1;9564902372;B
20240208;110903;7350.000000000;20;9564902373;B
20240208;110903;7350.000000000;1;9564902374;B
20240208;110903;7350.000000000;5;9564902375;B
20240208;110903;7350.000000000;1;9564902376;B
20240208;110903;7350.000000000;1;9564902377;B
20240208;110903;7350.000000000;2;9564902378;B
20240208;110903;7350.000000000;1;9564902379;B
20240208;110903;7350.000000000;2;9564902380;B
20240208;110903;7350.000000000;1;9564902381;B
20240208;110903;7350.000000000;1;9564902382;B
20240208;110903;7350.000000000;1;9564902383;B
20240208;110903;7350.000000000;2;9564902384;B
20240208;110903;7350.000000000;1;9564902385;B
20240208;110903;7350.000000000;10;9564902386;B
20240208;110903;7350.000000000;20;9564902387;B
20240208;110903;7350.000000000;5;9564902388;B
20240208;110903;7350.000000000;1;9564902389;B
20240208;110903;7350.000000000;110;9564902390;B
20240208;110903;7350.000000000;2;9564902391;B
20240208;110903;7350.000000000;1;9564902392;B
20240208;110903;7350.000000000;22;9564902393;B
20240208;110903;7350.000000000;5;9564902394;B
20240208;110903;7350.000000000;10;9564902395;B
20240208;110903;7350.000000000;6;9564902396;B
20240208;110903;7350.000000000;28;9564902397;B
20240208;110903;7350.000000000;20;9564902398;B
20240208;110903;7350.000000000;5;9564902399;B
20240208;110903;7351.000000000;10;9564902400;B
20240208;110903;7351.000000000;1;9564902401;B
20240208;110903;7351.000000000;40;9564902402;B
20240208;110903;7352.000000000;400;9564902403;B
20240208;110903;7352.000000000;5;9564902404;B
20240208;110903;7352.000000000;20;9564902405;B
20240208;110903;7352.500000000;50;9564902406;B
20240208;110903;7353.500000000;1;9564902407;B
20240208;110903;7354.000000000;50;9564902408;B
20240208;110903;7354.500000000;135;9564902409;B
20240208;110903;7354.500000000;1;9564902410;B
20240208;110903;7354.500000000;3;9564902411;B
20240208;110903;7355.000000000;1;9564902412;B
20240208;110903;7355.000000000;1;9564902413;B
20240208;110903;7355.000000000;10;9564902414;B
20240208;110903;7355.500000000;5;9564902415;B
20240208;110903;7355.500000000;40;9564902416;B
20240208;110903;7355.500000000;1;9564902417;B
20240208;110903;7356.000000000;80;9564902418;B
20240208;110903;7356.500000000;1;9564902419;B
20240208;110903;7357.000000000;2;9564902420;B
20240208;110903;7357.000000000;10;9564902421;B
20240208;110903;7357.500000000;15;9564902422;B
20240208;110903;7357.500000000;1;9564902423;B
20240208;110903;7357.500000000;10;9564902424;B
20240208;110903;7358.000000000;1;9564902425;B
20240208;110903;7358.000000000;5;9564902426;B
20240208;110903;7358.000000000;1;9564902427;B
20240208;110903;7358.000000000;1;9564902428;B
20240208;110903;7358.000000000;10;9564902429;B
20240208;110903;7358.000000000;25;9564902430;B
20240208;110903;7358.000000000;200;9564902431;B
20240208;110903;7358.000000000;200;9564902432;B
20240208;110903;7359.000000000;3;9564902433;B
20240208;110903;7359.000000000;3;9564902434;B
20240208;110903;7359.000000000;20;9564902435;B
20240208;110903;7359.000000000;30;9564902436;B
20240208;110903;7359.000000000;200;9564902437;B
20240208;110903;7359.500000000;15;9564902438;B
20240208;110903;7359.500000000;3;9564902439;B
20240208;110903;7359.500000000;20;9564902440;B
20240208;110903;7359.500000000;118;9564902441;B
20240208;110903;7345.500000000;13;9564902447;B
20240208;110903;7349.500000000;16;9564902448;B
20240208;110903;7352.500000000;1;9564902449;B
20240208;110903;7346.000000000;4;9564902462;S
20240208;110903;7350.000000000;20;9564902606;B
20240208;110903;7350.000000000;30;9564902607;B
20240208;110904;7346.000000000;1;9564902828;S
20240208;110904;7346.000000000;1;9564902829;S
20240208;110904;7345.000000000;3;9564902830;S
20240208;110904;7345.000000000;1;9564902831;S
20240208;110904;7345.000000000;1;9564902832;S
20240208;110904;7345.000000000;2;9564902834;S
20240208;110904;7345.000000000;20;9564902841;S
20240208;110904;7345.000000000;10;9564902842;S
20240208;110904;7345.500000000;20;9564902847;S
20240208;110904;7345.500000000;10;9564902848;S
20240208;110904;7345.500000000;70;9564902849;S
20240208;110904;7346.000000000;5;9564902850;S
20240208;110904;7346.000000000;15;9564902851;S
20240208;110904;7345.500000000;60;9564902852;S
20240208;110904;7345.500000000;20;9564902853;S
20240208;110904;7345.500000000;5;9564902854;S
20240208;110904;7343.500000000;1;9564902866;S
20240208;110904;7344.500000000;1;9564902867;S
20240208;110904;7345.000000000;1;9564902868;S
20240208;110904;7345.500000000;3;9564902869;S
20240208;110904;7345.500000000;7;9564902871;B
20240208;110904;7343.000000000;5;9564902875;S
20240208;110904;7343.000000000;3;9564902876;S
20240208;110904;7343.000000000;1;9564902877;S
20240208;110904;7343.000000000;1;9564902878;S
20240208;110904;7343.000000000;10;9564902879;S
20240208;110904;7342.500000000;4;9564902880;S
20240208;110904;7343.000000000;1;9564902881;S
20240208;110904;7343.000000000;1;9564902882;S
20240208;110904;7342.500000000;1;9564902885;S
20240208;110904;7342.500000000;2;9564902886;S
20240208;110904;7342.500000000;1;9564902887;S
20240208;110904;7342.000000000;1;9564902890;S
20240208;110904;7342.000000000;1;9564902891;S
20240208;110904;7340.000000000;1;9564902892;S
20240208;110904;7340.000000000;10;9564902893;S
20240208;110904;7340.000000000;2;9564902894;S
20240208;110904;7340.500000000;30;9564902895;S
20240208;110904;7340.500000000;1;9564902896;S
20240208;110904;7340.500000000;1;9564902900;S
20240208;110904;7340.500000000;2;9564902901;S
20240208;110904;7340.500000000;5;9564902902;S
20240208;110904;7341.500000000;25;9564902923;S
20240208;110904;7340.500000000;19;9564902924;S
20240208;110904;7340.000000000;1;9564902942;S
20240208;110904;7340.000000000;1;9564902949;S
20240208;110904;7340.000000000;1;9564902953;S
20240208;110904;7340.000000000;2;9564902991;S
20240208;110904;7340.000000000;1;9564903007;S
20240208;110904;7340.000000000;2;9564903027;S
20240208;110904;7340.000000000;27;9564903162;S
20240208;110904;7340.000000000;138;9564903163;S
20240208;110904;7340.000000000;2;9564903192;S
20240208;110904;7340.000000000;3;9564903204;S
20240208;110904;7340.000000000;1;9564903240;S
20240208;110905;7340.000000000;8;9564903249;S
20240208;110905;7340.500000000;4;9564903713;B
20240208;110906;7340.000000000;10;9564904502;S
20240208;110906;7339.500000000;1;9564904503;S
20240208;110906;7339.500000000;13;9564904504;S
20240208;110906;7339.500000000;20;9564904527;B
20240208;110906;7339.500000000;1;9564904549;B
20240208;110906;7339.500000000;52;9564904688;B
20240208;110906;7340.000000000;20;9564904757;S
20240208;110907;7340.500000000;29;9564904763;B
20240208;110907;7341.000000000;3;9564904764;B
20240208;110907;7341.000000000;1;9564904765;B
20240208;110907;7341.500000000;10;9564904766;B
20240208;110907;7342.000000000;2;9564904767;B
20240208;110907;7342.000000000;2;9564904768;B
20240208;110907;7342.000000000;1;9564904769;B
20240208;110907;7342.000000000;1;9564904770;B
20240208;110907;7342.000000000;7;9564904771;B
20240208;110907;7342.000000000;10;9564904772;B
20240208;110907;7342.000000000;2;9564904773;B
20240208;110907;7342.500000000;1;9564904774;B
20240208;110907;7343.500000000;25;9564904775;B
20240208;110907;7344.000000000;13;9564904776;B
20240208;110907;7344.000000000;1;9564904777;B
20240208;110907;7344.000000000;3;9564904778;B
20240208;110907;7344.000000000;7;9564904779;B
20240208;110907;7342.000000000;1;9564905233;S
20240208;110908;7342.000000000;4;9564905502;B
20240208;110908;7343.500000000;3;9564905962;B
20240208;110909;7342.500000000;1;9564906451;S
20240208;110909;7342.000000000;196;9564906452;S
20240208;110909;7342.000000000;1;9564906453;S
20240208;110911;7342.000000000;20;9564907886;B
20240208;110912;7341.500000000;1;9564907895;S
20240208;110912;7342.000000000;25;9564907927;B
20240208;110912;7342.000000000;10;9564908486;B
20240208;110912;7341.500000000;7;9564908697;S
20240208;110912;7341.000000000;3;9564908698;S
20240208;110914;7342.000000000;50;9564909352;B
20240208;110914;7341.500000000;1;9564909407;S
20240208;110915;7342.000000000;5;9564910137;B
20240208;110915;7341.500000000;1;9564910186;S
20240208;110916;7342.000000000;72;9564910515;B
20240208;110916;7342.000000000;1;9564910516;B
20240208;110916;7342.000000000;2;9564910517;B
20240208;110916;7344.000000000;2;9564910559;B
20240208;110916;7344.500000000;1;9564910560;B
20240208;110916;7345.000000000;10;9564910561;B
20240208;110916;7345.000000000;1;9564910562;B
20240208;110916;7345.000000000;1;9564910563;B
20240208;110916;7345.000000000;5;9564910564;B
20240208;110916;7345.000000000;1;9564910565;B
20240208;110916;7345.000000000;1;9564910566;B
20240208;110917;7344.500000000;7;9564911303;B
20240208;110917;7345.000000000;12;9564911304;B
20240208;110917;7345.000000000;10;9564911305;B
20240208;110917;7345.000000000;2;9564911306;B
20240208;110917;7345.000000000;1;9564911307;B
20240208;110917;7345.000000000;12;9564911308;B
20240208;110917;7345.000000000;27;9564911309;B
20240208;110917;7345.000000000;25;9564911310;B
20240208;110919;7343.500000000;1;9564912849;S
20240208;110919;7343.000000000;5;9564913022;S
20240208;110920;7344.000000000;2;9564913354;B
20240208;110920;7343.000000000;6;9564914009;S
20240208;110920;7342.500000000;23;9564914010;S
20240208;110920;7342.000000000;21;9564914011;S
20240208;110922;7344.000000000;8;9564914895;B
20240208;110922;7344.000000000;15;9564914896;B
20240208;110922;7344.500000000;2;9564914897;B
20240208;110923;7344.500000000;6;9564915371;B
20240208;110923;7345.000000000;3;9564915372;B
20240208;110923;7345.000000000;4;9564915373;B
20240208;110923;7345.500000000;987;9564915374;B
20240208;110923;7345.500000000;6;9564915679;B
20240208;110923;7346.000000000;19;9564915680;B
20240208;110924;7346.000000000;1;9564916186;B
20240208;110924;7346.000000000;2;9564916187;B
20240208;110926;7343.000000000;5;9564917375;S
20240208;110928;7344.000000000;10;9564918831;S
20240208;110930;7345.000000000;25;9564920051;B
20240208;110930;7345.000000000;15;9564920790;B
20240208;110931;7346.000000000;4;9564920947;B
20240208;110935;7345.000000000;2;9564923319;S
20240208;110935;7345.000000000;5;9564923320;S
20240208;110935;7344.500000000;7;9564923321;S
20240208;110935;7346.000000000;2;9564923788;B
20240208;110935;7346.000000000;1;9564923789;B
20240208;110935;7344.500000000;1;9564923942;B
20240208;110936;7344.500000000;9;9564924147;B
20240208;110936;7344.500000000;59;9564924148;B
20240208;110936;7345.000000000;4;9564924149;B
20240208;110936;7345.000000000;196;9564924366;B
20240208;110936;7345.500000000;4;9564924367;B
20240208;110936;7345.500000000;3;9564924629;B
20240208;110937;7345.000000000;5;9564924877;B
20240208;110937;7345.500000000;4;9564924878;B
20240208;110937;7346.000000000;5;9564924879;B
20240208;110937;7346.000000000;4;9564924880;B
20240208;110937;7346.000000000;2;9564924881;B
20240208;110937;7346.500000000;2;9564924882;B
20240208;110937;7344.000000000;1;9564925006;S
20240208;110937;7346.000000000;1;9564925407;B
20240208;110938;7344.000000000;8;9564925551;S
20240208;110938;7344.000000000;2;9564925552;S
20240208;110938;7343.000000000;1;9564925553;S
20240208;110938;7343.000000000;28;9564925554;S
20240208;110938;7342.500000000;1;9564925555;S
20240208;110938;7342.500000000;9;9564925556;S
20240208;110938;7342.500000000;5;9564925557;S
20240208;110938;7342.500000000;28;9564925561;B
20240208;110938;7342.000000000;1;9564926267;S
20240208;110939;7342.500000000;40;9564926597;B
20240208;110940;7342.000000000;1;9564926759;S
20240208;110940;7342.500000000;1;9564926772;B
20240208;110940;7342.000000000;2;9564927438;S
20240208;110940;7342.000000000;100;9564927439;S
20240208;110940;7342.000000000;37;9564927440;S
20240208;110940;7342.000000000;5;9564927441;S
20240208;110940;7342.000000000;40;9564927442;S
20240208;110940;7342.000000000;15;9564927504;B
20240208;110940;7342.000000000;21;9564927549;B
20240208;110941;7342.000000000;25;9564927686;B
20240208;110942;7340.500000000;10;9564928271;S
20240208;110942;7340.500000000;2;9564928272;S
20240208;110942;7340.500000000;2;9564928296;S
20240208;110942;7340.500000000;40;9564928387;S
20240208;110943;7340.500000000;1;9564929246;S
20240208;110943;7340.500000000;5;9564929262;S
20240208;110943;7340.500000000;20;9564929269;S
20240208;110944;7340.500000000;1;9564929298;S
20240208;110944;7341.000000000;5;9564929803;B
20240208;110944;7341.000000000;5;9564929804;B
20240208;110944;7341.000000000;30;9564929805;B
20240208;110944;7341.500000000;5;9564929806;B
20240208;110944;7341.500000000;8;9564929807;B
20240208;110944;7341.500000000;28;9564929808;B
20240208;110944;7342.000000000;55;9564929809;B
20240208;110944;7342.000000000;150;9564929810;B
20240208;110944;7342.500000000;14;9564929811;B
20240208;110945;7341.000000000;1;9564930582;S
20240208;110946;7342.500000000;25;9564930802;B
20240208;110946;7342.500000000;10;9564931283;B
20240208;110953;7341.500000000;1;9564935406;S
20240208;110953;7341.500000000;9;9564935407;S
20240208;110953;7341.500000000;2;9564935777;S
20240208;110954;7341.500000000;1;9564936401;S
20240208;110954;7342.500000000;28;9564936445;B
20240208;110954;7342.500000000;22;9564936446;B
20240208;110954;7341.500000000;8;9564936559;S
20240208;110954;7341.500000000;8;9564936560;S
20240208;110954;7340.500000000;9;9564936561;S
20240208;110955;7341.000000000;20;9564936584;S
20240208;110955;7341.000000000;4;9564936585;S
20240208;110955;7340.500000000;26;9564936586;S
20240208;110956;7342.500000000;4;9564937597;B
20240208;110957;7342.500000000;4;9564937985;B
20240208;110958;7342.500000000;22;9564938672;B
20240208;110958;7341.500000000;2;9564939003;S
20240208;110958;7341.500000000;13;9564939004;S
20240208;110958;7341.500000000;12;9564939107;S
20240208;110958;7341.000000000;20;9564939108;S
20240208;110958;7340.500000000;44;9564939109;S
20240208;110958;7340.500000000;5;9564939110;S
20240208;110958;7340.500000000;20;9564939111;S
20240208;110958;7340.500000000;54;9564939112;S
20240208;110959;7342.500000000;150;9564939569;B
20240208;111000;7342.500000000;15;9564940234;B
20240208;111002;7342.000000000;3;9564942149;S
20240208;111003;7342.000000000;5;9564942793;S
20240208;111003;7341.000000000;1;9564942794;S
20240208;111003;7340.500000000;61;9564942795;S
20240208;111003;7342.500000000;10;9564942859;B
20240208;111005;7342.500000000;6;9564944510;B
20240208;111006;7341.500000000;1;9564944845;S
20240208;111006;7341.000000000;1;9564944846;S
20240208;111008;7341.000000000;1;9564946431;S
20240208;111008;7341.000000000;23;9564946432;S
20240208;111009;7342.000000000;4;9564947403;B
20240208;111012;7340.500000000;3;9564949244;S
20240208;111012;7340.500000000;3;9564949296;S
20240208;111012;7340.500000000;1;9564949511;S
20240208;111012;7340.500000000;7;9564949935;S
20240208;111013;7340.500000000;27;9564949999;S
20240208;111013;7340.500000000;44;9564950171;S
20240208;111013;7340.500000000;1;9564950172;S
20240208;111013;7340.500000000;2;9564950173;S
20240208;111013;7340.500000000;3;9564950174;S
20240208;111013;7341.000000000;3;9564950193;B
20240208;111013;7340.500000000;30;9564950254;S
20240208;111014;7340.500000000;30;9564951154;S
20240208;111014;7340.500000000;30;9564951234;S
20240208;111015;7341.000000000;1;9564951472;B
20240208;111015;7340.500000000;28;9564951486;S
20240208;111015;7341.000000000;4;9564951910;B
20240208;111016;7340.500000000;1;9564952283;S
20240208;111016;7340.500000000;10;9564952431;S
20240208;111016;7340.500000000;3;9564952847;S
20240208;111016;7341.000000000;61;9564952892;B
20240208;111017;7340.500000000;10;9564952911;S
20240208;111018;7340.500000000;30;9564953887;S
20240208;111018;7341.000000000;25;9564954142;B
20240208;111019;7341.000000000;22;9564954438;B
20240208;111019;7340.500000000;30;9564954860;S
20240208;111020;7341.000000000;7;9564955798;B
20240208;111021;7340.500000000;30;9564956524;S
20240208;111022;7341.000000000;17;9564956834;B
20240208;111022;7341.000000000;1;9564956835;B
20240208;111022;7341.000000000;2;9564956836;B
20240208;111022;7340.500000000;65;9564957145;S
20240208;111022;7340.500000000;5;9564957146;S
20240208;111022;7340.000000000;158;9564957147;S
20240208;111022;7340.000000000;25;9564957149;S
20240208;111022;7340.000000000;1;9564957192;S
20240208;111023;7340.000000000;176;9564957905;S
20240208;111023;7340.000000000;40;9564957906;S
20240208;111023;7340.000000000;74;9564957907;S
20240208;111023;7340.000000000;9;9564957951;S
20240208;111023;7340.000000000;17;9564958060;S
20240208;111023;7340.000000000;2;9564958061;S
20240208;111023;7340.000000000;10;9564958062;S
20240208;111023;7340.000000000;21;9564958063;S
20240208;111023;7340.500000000;21;9564958089;B
20240208;111023;7340.500000000;13;9564958090;B
20240208;111023;7341.000000000;35;9564958091;B
20240208;111023;7341.000000000;1;9564958092;B
20240208;111023;7341.000000000;25;9564958093;B
20240208;111023;7341.000000000;5;9564958094;B
20240208;111023;7341.500000000;5;9564958095;B
20240208;111023;7342.000000000;6;9564958096;B
20240208;111023;7342.000000000;1;9564958097;B
20240208;111023;7342.000000000;30;9564958098;B
20240208;111023;7342.000000000;64;9564958099;B
20240208;111023;7340.000000000;19;9564958101;S
20240208;111024;7340.000000000;1;9564958130;S
20240208;111024;7340.000000000;32;9564958437;S
20240208;111024;7340.000000000;8;9564958844;S
20240208;111024;7340.000000000;20;9564958862;S
20240208;111025;7340.000000000;30;9564959833;S
20240208;111025;7340.000000000;319;9564959845;S
20240208;111026;7339.500000000;1;9564960563;B
20240208;111028;7339.000000000;1;9564961704;S
20240208;111028;7339.000000000;1;9564962072;S
20240208;111028;7339.000000000;1;9564962079;S
20240208;111028;7337.000000000;1;9564962081;S
20240208;111029;7337.000000000;18;9564962647;S
20240208;111029;7337.000000000;2;9564962648;S
20240208;111029;7336.500000000;5;9564962649;S
20240208;111029;7336.500000000;2;9564962650;S
20240208;111029;7336.500000000;33;9564962654;S
20240208;111029;7336.000000000;1;9564962655;S
20240208;111029;7336.000000000;1;9564962659;S
20240208;111030;7336.000000000;3;9564963076;S
20240208;111030;7336.000000000;2;9564963077;S
20240208;111030;7336.000000000;40;9564963078;S
20240208;111030;7335.500000000;5;9564963079;S
20240208;111030;7335.500000000;1;9564963080;S
20240208;111030;7335.500000000;1;9564963081;S
20240208;111030;7335.500000000;27;9564963082;S
20240208;111030;7335.000000000;21;9564963083;S
20240208;111030;7335.500000000;4;9564963086;S
20240208;111031;7335.500000000;1;9564964262;S
20240208;111032;7335.500000000;5;9564965266;S
20240208;111034;7335.500000000;34;9564966144;S
20240208;111034;7335.000000000;299;9564966145;S
20240208;111034;7335.000000000;26;9564966146;S
20240208;111034;7335.000000000;70;9564966147;S
20240208;111034;7335.000000000;10;9564966148;S
20240208;111034;7335.000000000;5;9564966149;S
20240208;111034;7335.000000000;12;9564966150;S
20240208;111034;7335.000000000;40;9564966151;S
20240208;111034;7335.000000000;4;9564966152;S
20240208;111034;7335.000000000;2;9564966153;S
20240208;111034;7336.000000000;19;9564966155;S
20240208;111034;7335.000000000;4;9564966156;S
20240208;111034;7337.000000000;7;9564966157;B
20240208;111034;7337.500000000;10;9564966158;B
20240208;111034;7338.000000000;1;9564966206;B
20240208;111034;7339.000000000;5;9564966211;B
20240208;111034;7339.000000000;10;9564966212;B
20240208;111034;7339.000000000;38;9564966805;S
20240208;111035;7339.500000000;10;9564967045;B
20240208;111035;7339.500000000;29;9564967046;B
20240208;111035;7339.000000000;2;9564967634;S
20240208;111035;7339.000000000;18;9564967739;S
20240208;111035;7339.000000000;17;9564967740;S
20240208;111036;7339.500000000;5;9564967942;B
20240208;111036;7339.500000000;23;9564968016;B
20240208;111036;7340.000000000;6;9564968017;B
20240208;111037;7339.000000000;3;9564968772;S
20240208;111039;7339.500000000;1;9564970538;B
20240208;111039;7339.500000000;1;9564970539;B
20240208;111039;7339.500000000;1;9564970801;B
20240208;111039;7340.000000000;21;9564970802;B
20240208;111040;7339.000000000;20;9564970888;S
20240208;111040;7336.500000000;1;9564971689;S
20240208;111041;7336.500000000;1;9564971966;S
20240208;111044;7338.000000000;2;9564974690;S
20240208;111044;7338.000000000;15;9564974764;S
20240208;111045;7339.000000000;10;9564975041;B
20240208;111045;7339.000000000;30;9564975042;B
20240208;111045;7339.500000000;3;9564975043;B
20240208;111045;7339.500000000;3;9564975044;B
20240208;111045;7339.500000000;3;9564975045;B
20240208;111045;7340.000000000;654;9564975046;B
20240208;111045;7340.000000000;50;9564975047;B
20240208;111045;7340.000000000;300;9564975048;B
20240208;111045;7340.000000000;138;9564975049;B
20240208;111045;7340.500000000;2;9564975050;B
20240208;111045;7341.500000000;7;9564975051;B
20240208;111045;7338.000000000;18;9564975529;S
20240208;111045;7337.500000000;20;9564975530;S
20240208;111045;7337.000000000;12;9564975531;S
20240208;111048;7338.000000000;7;9564977416;S
20240208;111048;7338.000000000;5;9564977464;S
20240208;111048;7337.500000000;1;9564977465;S
20240208;111048;7337.500000000;8;9564977466;S
20240208;111048;7337.500000000;5;9564977467;S
20240208;111048;7337.000000000;11;9564977468;S
20240208;111052;7337.500000000;1;9564980546;S
20240208;111052;7337.000000000;9;9564980547;S
20240208;111052;7336.500000000;3;9564980548;S
20240208;111052;7335.500000000;10;9564980549;S
20240208;111053;7338.500000000;8;9564981651;B
20240208;111053;7339.000000000;1;9564981652;B
20240208;111053;7339.000000000;13;9564981653;B
20240208;111053;7340.000000000;2;9564981654;B
20240208;111053;7340.000000000;6;9564981655;B
20240208;111054;7338.000000000;1;9564982424;S
20240208;111054;7337.500000000;1;9564982425;S
20240208;111055;7337.500000000;8;9564982774;S
20240208;111055;7337.000000000;50;9564983148;S
20240208;111055;7335.500000000;30;9564983149;S
20240208;111055;7335.000000000;40;9564983150;S
20240208;111055;7334.500000000;10;9564983151;S
20240208;111055;7334.500000000;20;9564983152;S
20240208;111055;7334.000000000;27;9564983153;S
20240208;111055;7333.500000000;2;9564983154;S
20240208;111055;7333.500000000;20;9564983155;S
20240208;111055;7333.000000000;1;9564983156;S
20240208;111056;7334.000000000;25;9564983662;S
20240208;111057;7334.500000000;5;9564984600;S
20240208;111057;7334.000000000;15;9564984601;S
20240208;111057;7334.000000000;40;9564984602;S
20240208;111057;7334.000000000;1;9564984603;B
20240208;111057;7334.000000000;35;9564984604;B
20240208;111057;7334.000000000;1;9564984605;B
20240208;111057;7334.000000000;6;9564984606;B
20240208;111057;7334.000000000;3;9564984607;B
20240208;111057;7334.000000000;9;9564984608;B
20240208;111057;7334.000000000;1;9564984609;B
20240208;111057;7334.000000000;1;9564984610;B
20240208;111057;7334.000000000;5;9564984641;B
20240208;111058;7332.500000000;5;9564985607;S
20240208;111059;7332.500000000;9;9564986151;S
20240208;111059;7332.000000000;15;9564986152;S
20240208;111059;7332.000000000;7;9564986153;S
20240208;111059;7332.500000000;1;9564986692;S
20240208;111059;7332.500000000;2;9564986728;S
20240208;111059;7332.000000000;1;9564986729;S
20240208;111100;7335.500000000;1;9564987502;B
20240208;111100;7336.000000000;15;9564987503;B
20240208;111100;7337.000000000;6;9564987504;B
20240208;111101;7337.000000000;28;9564988085;B
20240208;111101;7337.500000000;22;9564988086;B
20240208;111101;7338.000000000;12;9564988087;B
20240208;111101;7338.500000000;1;9564988088;B
20240208;111101;7338.500000000;20;9564988089;B
20240208;111101;7339.000000000;50;9564988090;B
20240208;111101;7340.000000000;14;9564988091;B
20240208;111101;7340.000000000;1;9564988092;B
20240208;111101;7340.000000000;30;9564988093;B
20240208;111101;7340.000000000;1;9564988094;B
20240208;111101;7340.000000000;20;9564988095;B
20240208;111101;7340.000000000;1;9564988096;B
20240208;111101;7341.000000000;1;9564988097;B
20240208;111101;7341.500000000;10;9564988098;B
20240208;111101;7341.500000000;39;9564988099;B
20240208;111101;7335.500000000;28;9564988286;S
20240208;111103;7337.000000000;1;9564989549;B
20240208;111104;7334.000000000;1;9564990492;S
20240208;111104;7333.500000000;10;9564990493;S
20240208;111105;7333.000000000;1;9564991222;S
20240208;111105;7333.000000000;6;9564991223;S
20240208;111107;7332.000000000;5;9564993106;S
20240208;111107;7332.000000000;1;9564993107;S
20240208;111107;7331.500000000;14;9564993108;S
20240208;111109;7331.500000000;20;9564994277;S
20240208;111109;7331.500000000;4;9564994278;S
20240208;111109;7331.000000000;25;9564994279;S
20240208;111109;7331.000000000;40;9564994280;S
20240208;111109;7331.000000000;1;9564994281;S
20240208;111109;7330.500000000;2;9564994282;S
20240208;111109;7330.500000000;22;9564994283;S
20240208;111109;7330.500000000;1;9564994403;S
20240208;111109;7330.500000000;4;9564994979;S
20240208;111110;7330.500000000;23;9564995178;S
20240208;111110;7330.500000000;1;9564995179;S
20240208;111110;7330.000000000;10;9564995180;S
20240208;111110;7330.000000000;2;9564995181;S
20240208;111110;7330.000000000;4;9564995182;S
20240208;111110;7330.000000000;5;9564995183;S
20240208;111110;7330.000000000;55;9564995184;S
20240208;111112;7330.500000000;7;9564996458;S
20240208;111112;7330.500000000;7;9564996459;S
20240208;111112;7330.000000000;1;9564996489;S
20240208;111112;7333.000000000;2;9564996774;B
20240208;111114;7330.000000000;50;9564997698;S
20240208;111114;7330.000000000;123;9564997720;S
20240208;111116;7330.000000000;28;9564999328;S
20240208;111118;7332.000000000;1;9565001199;B
20240208;111118;7332.500000000;4;9565001200;B
20240208;111118;7331.000000000;3;9565001302;S
20240208;111118;7330.500000000;22;9565001303;S
20240208;111120;7332.500000000;6;9565002346;B
20240208;111120;7332.500000000;4;9565002347;B
20240208;111120;7333.000000000;190;9565002348;B
20240208;111121;7333.000000000;22;9565003678;B
20240208;111126;7331.500000000;2;9565007787;S
20240208;111126;7332.500000000;1;9565008113;B
20240208;111127;7332.000000000;1;9565008604;S
20240208;111127;7331.500000000;37;9565008605;S
20240208;111127;7331.500000000;4;9565008606;S
20240208;111127;7331.500000000;48;9565008607;S
20240208;111127;7331.500000000;20;9565008608;S
20240208;111127;7331.000000000;1;9565008609;S
20240208;111127;7331.000000000;14;9565008610;S
20240208;111127;7331.000000000;10;9565008611;S
20240208;111127;7330.500000000;78;9565008612;S
20240208;111127;7330.000000000;278;9565008613;S
20240208;111128;7330.000000000;1;9565009714;S
20240208;111131;7331.500000000;2;9565012135;B
20240208;111131;7333.000000000;8;9565012136;B
20240208;111131;7331.000000000;1;9565012137;S
20240208;111132;7333.000000000;5;9565012537;B
20240208;111133;7333.000000000;15;9565013727;S
20240208;111133;7332.000000000;9;9565013728;S
20240208;111133;7331.500000000;3;9565013752;B
20240208;111134;7330.500000000;1;9565014695;S
20240208;111134;7330.000000000;29;9565014696;S
20240208;111136;7331.000000000;7;9565016205;B
20240208;111137;7330.500000000;1;9565016736;B
20240208;111137;7330.500000000;1;9565016748;S
20240208;111139;7330.500000000;1;9565018798;S
20240208;111140;7330.500000000;5;9565018864;S
20240208;111141;7330.500000000;2;9565019924;S
20240208;111141;7331.000000000;3;9565020166;B
20240208;111141;7331.500000000;7;9565020167;B
20240208;111142;7330.500000000;10;9565020372;S
20240208;111142;7331.000000000;2;9565020641;B
20240208;111142;7331.500000000;20;9565020642;B
20240208;111143;7330.500000000;1;9565021601;S
20240208;111144;7330.500000000;4;9565021920;S
20240208;111144;7330.500000000;5;9565022518;S
20240208;111144;7330.000000000;4;9565022519;S
20240208;111145;7330.000000000;5;9565023013;S
20240208;111149;7330.000000000;9;9565026548;S
20240208;111150;7330.000000000;116;9565026838;S
20240208;111150;7330.000000000;1;9565026840;S
20240208;111151;7330.000000000;1;9565027850;S
20240208;111155;7330.000000000;35;9565031013;S
20240208;111156;7330.000000000;14;9565031625;S
20240208;111156;7330.000000000;1;9565031626;S
20240208;111158;7330.500000000;1;9565032914;B
20240208;111158;7330.500000000;2;9565032915;B
20240208;111201;7330.500000000;2;9565035677;B
20240208;111201;7330.500000000;1;9565035678;B
20240208;111201;7330.500000000;10;9565035850;S
20240208;111202;7330.500000000;70;9565036663;S
20240208;111203;7331.000000000;10;9565037641;B
20240208;111203;7331.000000000;2;9565037642;B
20240208;111203;7331.000000000;2;9565037643;B
20240208;111203;7331.500000000;8;9565037644;B
20240208;111205;7330.500000000;1;9565038873;S
20240208;111207;7331.500000000;10;9565040967;B
20240208;111210;7331.000000000;1;9565042799;S
20240208;111210;7331.000000000;1;9565042800;S
20240208;111210;7331.000000000;1;9565042801;S
20240208;111210;7331.000000000;1;9565042802;S
20240208;111210;7331.000000000;9;9565042803;S
20240208;111210;7331.000000000;10;9565042804;S
20240208;111210;7330.500000000;106;9565042805;S
20240208;111210;7331.000000000;1;9565043206;B
20240208;111210;7331.000000000;1;9565043280;B
20240208;111210;7331.000000000;2;9565043318;B
20240208;111210;7331.000000000;1;9565043362;B
20240208;111210;7331.500000000;1;9565043371;B
20240208;111210;7331.500000000;5;9565043529;B
20240208;111213;7330.500000000;1;9565044420;S
20240208;111221;7331.000000000;1;9565050945;S
20240208;111221;7331.000000000;7;9565050946;S
20240208;111223;7330.500000000;9;9565052535;S
20240208;111223;7330.500000000;6;9565052536;S
20240208;111224;7330.500000000;4;9565052874;B
20240208;111224;7331.000000000;6;9565052875;B
20240208;111224;7331.500000000;12;9565052876;B
20240208;111227;7330.500000000;1;9565055253;S
20240208;111228;7331.500000000;2;9565055550;B
20240208;111232;7331.500000000;8;9565058867;B
20240208;111232;7331.500000000;44;9565058868;B
20240208;111232;7331.500000000;2;9565058869;B
20240208;111232;7331.500000000;4;9565058870;B
20240208;111232;7333.000000000;50;9565058871;B
20240208;111232;7333.000000000;1;9565058872;B
20240208;111232;7333.000000000;1;9565058873;B
20240208;111233;7333.000000000;50;9565059582;S
20240208;111234;7333.000000000;54;9565059946;S
20240208;111235;7333.000000000;28;9565060524;S
20240208;111235;7333.000000000;35;9565060660;S
20240208;111241;7331.000000000;2;9565064710;S
20240208;111241;7331.000000000;4;9565064743;S
20240208;111245;7332.500000000;1;9565067314;B
20240208;111245;7332.500000000;21;9565067315;B
20240208;111250;7331.500000000;2;9565070586;B
20240208;111250;7331.500000000;1;9565071328;B
20240208;111251;7331.000000000;1;9565071389;S
20240208;111252;7333.000000000;1;9565071708;B
20240208;111252;7333.000000000;5;9565071709;B
20240208;111252;7331.000000000;1;9565072408;S
20240208;111253;7332.500000000;2;9565072963;B
20240208;111300;7331.500000000;11;9565077253;S
20240208;111300;7331.000000000;42;9565077254;S
20240208;111300;7331.000000000;8;9565077255;S
20240208;111300;7331.000000000;12;9565077256;S
20240208;111300;7330.000000000;5;9565077257;S
20240208;111300;7330.000000000;22;9565077258;S
20240208;111300;7330.000000000;2;9565077338;S
20240208;111302;7330.000000000;3;9565079071;S
20240208;111306;7332.500000000;22;9565081455;B
20240208;111306;7330.000000000;2;9565081484;S
20240208;111306;7330.000000000;2;9565081485;S
20240208;111306;7330.000000000;1;9565081486;S
20240208;111306;7330.000000000;2;9565081487;S
20240208;111306;7330.000000000;1;9565081488;S
20240208;111306;7330.000000000;3;9565081489;S
20240208;111309;7333.000000000;2;9565083397;B
20240208;111310;7330.500000000;5;9565083846;S
20240208;111310;7330.000000000;2;9565083847;S
20240208;111310;7330.000000000;1;9565083848;S
20240208;111310;7330.000000000;2;9565083849;S
20240208;111310;7330.000000000;2;9565083850;S
20240208;111310;7330.000000000;6;9565083851;S
20240208;111310;7330.000000000;82;9565084360;S
20240208;111312;7332.500000000;2;9565085267;B
20240208;111318;7330.000000000;29;9565088757;S
20240208;111318;7330.000000000;200;9565088796;S
20240208;111320;7330.000000000;43;9565089874;S
20240208;111320;7330.000000000;5;9565089875;S
20240208;111320;7330.000000000;10;9565089876;S
20240208;111320;7330.000000000;12;9565089877;S
20240208;111320;7330.000000000;59;9565089878;S
20240208;111320;7329.000000000;1;9565089879;S
20240208;111320;7329.000000000;24;9565089880;S
20240208;111320;7327.000000000;2;9565089881;S
20240208;111320;7327.000000000;1;9565089882;S
20240208;111320;7327.000000000;40;9565089883;S
20240208;111320;7326.000000000;3;9565089884;S
20240208;111324;7326.000000000;8;9565092545;S
20240208;111324;7328.500000000;10;9565093227;B
20240208;111324;7328.500000000;1;9565093228;B
20240208;111324;7329.000000000;10;9565093229;B
20240208;111324;7329.000000000;10;9565093230;B
20240208;111324;7329.500000000;28;9565093231;B
20240208;111324;7330.000000000;20;9565093232;B
20240208;111324;7330.500000000;10;9565093233;B
20240208;111324;7331.500000000;1;9565093234;B
20240208;111324;7331.500000000;10;9565093235;B
20240208;111327;7330.500000000;22;9565094530;B
20240208;111327;7330.000000000;15;9565095035;S
20240208;111329;7331.000000000;23;9565096283;S
20240208;111329;7330.500000000;7;9565096284;S
20240208;111331;7330.500000000;1;9565097868;S
20240208;111338;7330.500000000;4;9565102474;S
20240208;111348;7331.500000000;5;9565110584;B
20240208;111348;7332.000000000;1;9565110585;B
20240208;111348;7332.500000000;1;9565110586;B
20240208;111348;7332.500000000;3;9565110587;B
20240208;111348;7332.500000000;12;9565110588;B
20240208;111348;7331.000000000;1;9565110633;S
20240208;111352;7331.000000000;1;9565113872;S
20240208;111359;7330.500000000;1;9565118986;B
20240208;111400;7331.000000000;1;9565119769;B
20240208;111402;7331.000000000;1;9565121385;B
20240208;111404;7330.500000000;1;9565122747;S
20240208;111406;7331.000000000;2;9565124418;B
20240208;111408;7331.000000000;22;9565126206;B
20240208;111409;7331.000000000;3;9565126788;B
20240208;111410;7330.500000000;10;9565127520;S
20240208;111410;7330.500000000;1;9565127521;S
20240208;111412;7331.000000000;1;9565128294;B
20240208;111412;7330.500000000;1;9565128603;S
20240208;111414;7330.500000000;19;9565129514;S
20240208;111414;7330.500000000;1;9565129515;S
20240208;111414;7330.500000000;5;9565130197;S
20240208;111414;7330.500000000;35;9565130198;S
20240208;111415;7330.500000000;15;9565130257;S
20240208;111417;7330.000000000;1;9565131475;S
20240208;111417;7330.000000000;10;9565131986;S
20240208;111418;7330.000000000;3;9565133056;S
20240208;111420;7330.000000000;1;9565133862;S
20240208;111421;7330.500000000;1;9565135309;B
20240208;111423;7330.000000000;15;9565136397;S
20240208;111429;7329.500000000;21;9565140983;B
20240208;111429;7330.000000000;1;9565140984;B
20240208;111430;7326.500000000;27;9565141078;S
20240208;111430;7326.000000000;17;9565141079;S
20240208;111430;7326.000000000;6;9565141080;S
20240208;111430;7328.500000000;10;9565141090;B
20240208;111430;7329.000000000;15;9565141091;B
20240208;111431;7326.000000000;2;9565142721;S
20240208;111432;7328.500000000;3;9565143146;B
20240208;111434;7326.500000000;1;9565144932;S
20240208;111437;7326.000000000;2;9565146189;S
20240208;111438;7326.000000000;8;9565147326;S
20240208;111438;7326.000000000;5;9565147327;S
20240208;111438;7325.500000000;40;9565147328;S
20240208;111438;7325.500000000;1;9565147329;S
20240208;111438;7325.000000000;25;9565147330;S
20240208;111438;7325.000000000;1;9565147331;S
20240208;111438;7325.000000000;5;9565147332;S
20240208;111438;7325.000000000;15;9565147333;S
20240208;111439;7325.000000000;1;9565148159;S
20240208;111442;7325.500000000;2;9565150321;S
20240208;111442;7325.000000000;39;9565150322;S
20240208;111442;7324.500000000;9;9565150323;S
20240208;111442;7325.000000000;40;9565150548;S
20240208;111442;7324.500000000;5;9565150549;S
20240208;111443;7325.000000000;10;9565151452;S
20240208;111447;7326.500000000;1;9565153717;B
20240208;111447;7329.000000000;12;9565153719;B
20240208;111447;7329.500000000;1;9565153721;B
20240208;111447;7329.500000000;1;9565153722;B
20240208;111447;7330.000000000;3;9565153724;B
20240208;111447;7330.000000000;2;9565153725;B
20240208;111447;7330.000000000;1;9565153726;B
20240208;111447;7330.000000000;1;9565154558;B
20240208;111447;7331.000000000;49;9565154559;B
20240208;111448;7330.500000000;1;9565154631;S
20240208;111448;7330.500000000;3;9565154632;S
20240208;111450;7331.000000000;8;9565156448;B
20240208;111450;7331.000000000;5;9565156449;B
20240208;111450;7331.000000000;9;9565156450;B
20240208;111451;7331.000000000;1;9565158176;B
20240208;111455;7330.500000000;17;9565160518;S
20240208;111455;7330.500000000;1;9565160519;S
20240208;111455;7330.500000000;20;9565160520;S
20240208;111455;7330.500000000;5;9565160521;S
20240208;111455;7330.500000000;7;9565160522;S
20240208;111455;7330.500000000;21;9565160523;S
20240208;111455;7330.000000000;287;9565160524;S
20240208;111456;7330.500000000;5;9565160692;B
20240208;111456;7330.000000000;4;9565161762;S
20240208;111457;7330.000000000;250;9565161796;S
20240208;111500;7330.000000000;294;9565163968;S
20240208;111501;7330.500000000;5;9565164942;B
20240208;111501;7330.500000000;3;9565164943;B
20240208;111501;7330.500000000;1;9565164944;B
20240208;111501;7330.000000000;1;9565165306;S
20240208;111503;7330.000000000;1;9565166485;S
20240208;111510;7330.000000000;2;9565171892;S
20240208;111511;7330.500000000;20;9565173197;B
20240208;111511;7330.500000000;2;9565173198;B
20240208;111513;7330.500000000;13;9565174321;B
20240208;111513;7330.000000000;10;9565174350;S
20240208;111516;7330.000000000;2;9565176764;S
20240208;111518;7330.000000000;6;9565177863;S
20240208;111524;7330.000000000;160;9565182491;S
20240208;111525;7330.000000000;100;9565183601;S
20240208;111525;7330.000000000;7;9565183602;S
20240208;111525;7330.000000000;2;9565183603;S
20240208;111527;7330.500000000;1;9565184768;B
20240208;111528;7330.500000000;1;9565186229;B
20240208;111529;7330.000000000;1;9565186835;S
20240208;111532;7330.500000000;22;9565189219;B
20240208;111540;7330.000000000;3;9565196210;S
20240208;111541;7330.000000000;1;9565196429;S
20240208;111541;7330.000000000;1;9565196470;S
20240208;111541;7330.000000000;5;9565196508;S
20240208;111547;7330.000000000;3;9565201864;S
20240208;111551;7330.000000000;6;9565204706;S
20240208;111552;7330.000000000;25;9565205469;S
20240208;111553;7330.500000000;22;9565206174;B
20240208;111553;7330.500000000;59;9565206176;B
20240208;111555;7330.500000000;1;9565207796;B
20240208;111555;7330.500000000;13;9565207797;B
20240208;111555;7330.500000000;7;9565207798;B
20240208;111555;7330.500000000;7;9565207799;B
20240208;111555;7330.500000000;2;9565207800;B
20240208;111555;7330.500000000;1;9565207801;B
20240208;111555;7330.500000000;19;9565207802;B
20240208;111555;7330.500000000;1;9565207803;B
20240208;111555;7330.500000000;19;9565207804;B
20240208;111555;7330.000000000;1;9565207883;S
20240208;111559;7330.000000000;1;9565211095;S
20240208;111601;7330.500000000;5;9565213104;B
20240208;111601;7330.500000000;15;9565213105;B
20240208;111601;7330.000000000;27;9565213106;S
20240208;111601;7330.000000000;2;9565213107;S
20240208;111606;7327.000000000;1;9565215366;S
20240208;111608;7327.000000000;8;9565217190;S
20240208;111608;7327.000000000;1;9565217191;S
20240208;111610;7326.000000000;1;9565218025;S
20240208;111610;7325.000000000;1;9565218026;S
20240208;111613;7324.500000000;10;9565219739;S
20240208;111613;7324.500000000;19;9565220480;S
20240208;111614;7325.500000000;1;9565220672;B
20240208;111614;7327.000000000;1;9565220673;B
20240208;111614;7327.000000000;20;9565220674;B
20240208;111618;7325.000000000;25;9565223397;S
20240208;111618;7324.500000000;7;9565223398;S
20240208;111618;7324.500000000;9;9565223399;S
20240208;111618;7324.000000000;1;9565223400;S
20240208;111619;7324.000000000;2;9565224431;S
20240208;111619;7323.500000000;20;9565224432;S
20240208;111619;7322.000000000;35;9565224433;S
20240208;111619;7321.000000000;1;9565224434;S
20240208;111619;7320.500000000;1;9565224435;S
20240208;111619;7320.500000000;3;9565224436;S
20240208;111619;7320.500000000;5;9565224437;S
20240208;111619;7320.500000000;1;9565224438;S
20240208;111620;7321.000000000;11;9565224473;S
20240208;111620;7320.000000000;8;9565224474;S
20240208;111620;7320.000000000;1;9565224475;S
20240208;111620;7320.000000000;5;9565224476;S
20240208;111620;7320.000000000;1;9565224503;S
20240208;111620;7320.000000000;19;9565224504;S
20240208;111620;7320.000000000;1;9565224517;S
20240208;111620;7320.000000000;2;9565224539;S
20240208;111620;7320.000000000;1;9565224540;S
20240208;111620;7320.000000000;3;9565224541;S
20240208;111620;7320.000000000;1;9565224542;S
20240208;111620;7320.000000000;1;9565224543;S
20240208;111620;7320.000000000;1;9565224544;S
20240208;111621;7322.000000000;1;9565225517;S
20240208;111621;7320.000000000;2;9565225518;S
20240208;111626;7325.500000000;1;9565228421;B
20240208;111627;7321.500000000;1;9565229358;S
20240208;111635;7326.500000000;10;9565234867;B
20240208;111635;7327.000000000;12;9565234868;B
20240208;111635;7323.000000000;5;9565235156;S
20240208;111635;7323.000000000;21;9565235157;S
20240208;111635;7322.500000000;25;9565235158;S
20240208;111635;7322.000000000;5;9565235159;S
20240208;111635;7321.000000000;50;9565235160;S
20240208;111635;7320.500000000;25;9565235161;S
20240208;111635;7320.500000000;7;9565235162;S
20240208;111635;7321.000000000;13;9565235180;S
20240208;111635;7320.500000000;12;9565235181;S
20240208;111637;7321.000000000;1;9565236360;S
20240208;111637;7320.500000000;1;9565236361;S
20240208;111637;7320.000000000;3;9565236362;S
20240208;111637;7320.000000000;1;9565236363;S
20240208;111637;7320.000000000;4;9565236364;S
20240208;111638;7319.000000000;1;9565236794;S
20240208;111638;7318.500000000;4;9565236795;S
20240208;111638;7318.500000000;2;9565236808;S
20240208;111638;7317.500000000;2;9565236809;S
20240208;111638;7317.000000000;1;9565236810;S
20240208;111638;7317.000000000;2;9565236811;S
20240208;111638;7317.000000000;3;9565236812;S
20240208;111638;7317.000000000;27;9565236813;S
20240208;111638;7316.500000000;10;9565236814;S
20240208;111638;7315.500000000;3;9565236815;S
20240208;111638;7315.500000000;2;9565236816;S
20240208;111638;7315.000000000;50;9565236817;S
20240208;111638;7315.000000000;20;9565236818;S
20240208;111638;7315.000000000;20;9565236819;S
20240208;111638;7314.500000000;4;9565236820;S
20240208;111638;7314.000000000;4;9565236821;S
20240208;111638;7315.000000000;2;9565237081;S
20240208;111638;7315.000000000;21;9565237114;S
20240208;111638;7315.000000000;20;9565237134;S
20240208;111638;7315.000000000;7;9565237135;S
20240208;111638;7315.000000000;15;9565237152;S
20240208;111639;7314.500000000;10;9565237797;S
20240208;111645;7317.500000000;1;9565242049;S
20240208;111651;7317.000000000;1;9565245772;S
20240208;111651;7317.000000000;50;9565245773;S
20240208;111651;7316.000000000;25;9565245774;S
20240208;111651;7316.000000000;27;9565245775;S
20240208;111656;7315.500000000;21;9565248770;B
20240208;111656;7316.000000000;1;9565248771;B
20240208;111703;7315.000000000;10;9565253729;B
20240208;111705;7314.000000000;1;9565254966;S
20240208;111705;7313.500000000;27;9565254967;S
20240208;111705;7313.500000000;7;9565254968;S
20240208;111705;7313.000000000;10;9565254969;S
20240208;111705;7312.500000000;5;9565254970;S
20240208;111709;7314.500000000;20;9565258301;S
20240208;111709;7314.500000000;10;9565258302;S
20240208;111709;7314.500000000;27;9565258303;S
20240208;111709;7314.500000000;68;9565258304;S
20240208;111713;7314.000000000;20;9565260654;S
20240208;111713;7314.000000000;10;9565260655;S
20240208;111713;7314.000000000;20;9565260656;S
20240208;111715;7314.500000000;12;9565261398;B
20240208;111715;7315.000000000;35;9565261399;B
20240208;111717;7315.000000000;10;9565262944;B
20240208;111717;7315.000000000;2;9565262945;B
20240208;111717;7316.000000000;10;9565262946;B
20240208;111721;7315.000000000;20;9565266937;S
20240208;111721;7314.500000000;1;9565266938;S
20240208;111721;7314.000000000;4;9565266939;S
20240208;111721;7314.500000000;3;9565266947;S
20240208;111722;7314.500000000;3;9565267100;S
20240208;111725;7314.500000000;1;9565269393;S
20240208;111725;7316.000000000;17;9565269394;B
20240208;111731;7315.500000000;5;9565274938;S
20240208;111735;7316.000000000;7;9565277121;B
20240208;111735;7318.000000000;13;9565277122;B
20240208;111737;7319.500000000;10;9565278401;B
20240208;111738;7320.000000000;10;9565278570;B
20240208;111738;7320.000000000;3;9565278582;B
20240208;111738;7320.000000000;2;9565278583;B
20240208;111738;7320.000000000;1;9565278584;B
20240208;111738;7320.500000000;16;9565278585;B
20240208;111738;7316.000000000;1;9565278595;S
20240208;111758;7320.000000000;5;9565295505;B
20240208;111758;7320.000000000;1;9565295506;B
20240208;111758;7320.500000000;6;9565295507;B
20240208;111758;7321.000000000;10;9565295508;B
20240208;111800;7320.000000000;1;9565296325;B
20240208;111800;7322.000000000;2;9565296326;B
20240208;111800;7322.000000000;3;9565296327;S
20240208;111801;7323.000000000;1;9565297946;B
20240208;111805;7322.500000000;1;9565300441;S
20240208;111809;7322.500000000;1;9565303269;S
20240208;111813;7323.000000000;1;9565306123;B
20240208;111814;7320.500000000;1;9565307119;S
20240208;111818;7322.500000000;1;9565309609;S
20240208;111819;7320.500000000;1;9565310635;S
20240208;111819;7322.500000000;5;9565310911;B
20240208;111819;7323.000000000;13;9565310912;B
20240208;111819;7323.000000000;4;9565310913;B
20240208;111821;7320.000000000;1;9565311546;S
20240208;111821;7320.000000000;1;9565311547;S
20240208;111821;7320.000000000;1;9565311548;S
20240208;111821;7320.000000000;3;9565311556;B
20240208;111821;7320.000000000;34;9565311601;B
20240208;111821;7323.000000000;7;9565311602;B
20240208;111821;7323.000000000;20;9565311603;B
20240208;111821;7324.500000000;58;9565311604;B
20240208;111821;7324.500000000;57;9565311605;B
20240208;111821;7325.000000000;500;9565311606;B
20240208;111821;7326.000000000;10;9565311607;B
20240208;111821;7326.000000000;20;9565311608;B
20240208;111821;7326.500000000;68;9565311609;B
20240208;111821;7327.500000000;10;9565311610;B
20240208;111821;7328.500000000;20;9565311611;B
20240208;111821;7329.000000000;5;9565311612;B
20240208;111821;7329.000000000;3;9565311613;B
20240208;111821;7329.500000000;738;9565311614;B
20240208;111821;7330.000000000;7;9565311615;B
20240208;111821;7330.000000000;10;9565311616;B
20240208;111821;7330.000000000;70;9565311617;B
20240208;111821;7330.000000000;40;9565311618;B
20240208;111821;7330.000000000;1;9565311619;B
20240208;111821;7330.000000000;15;9565311620;B
20240208;111821;7330.000000000;70;9565311621;B
20240208;111821;7330.500000000;20;9565311622;B
20240208;111821;7330.500000000;27;9565311623;B
20240208;111821;7331.000000000;1;9565311624;B
20240208;111821;7331.000000000;1;9565311625;B
20240208;111821;7331.000000000;1;9565311626;B
20240208;111821;7331.000000000;1;9565311627;B
20240208;111821;7331.000000000;186;9565311628;B
20240208;111821;7328.000000000;12;9565311653;B
20240208;111821;7328.000000000;1;9565311654;B
20240208;111821;7328.000000000;7;9565311655;B
20240208;111821;7328.500000000;7;9565311668;S
20240208;111821;7328.000000000;9;9565311669;S
20240208;111821;7328.000000000;4;9565311702;S
20240208;111824;7326.000000000;1;9565314807;S
20240208;111824;7326.000000000;21;9565315376;S
20240208;111836;7326.000000000;1;9565324115;S
20240208;111836;7325.500000000;1;9565324116;S
20240208;111840;7325.000000000;5;9565327141;B
20240208;111840;7326.500000000;1;9565327142;B
20240208;111840;7327.000000000;16;9565327143;B
20240208;111852;7326.000000000;3;9565336894;B
20240208;111852;7327.000000000;2;9565336895;B
20240208;111901;7327.000000000;12;9565344340;B
20240208;111901;7327.000000000;10;9565344341;B
20240208;111903;7326.500000000;1;9565345545;S
20240208;111906;7326.000000000;1;9565347978;S
20240208;111907;7326.500000000;7;9565349118;B
20240208;111907;7327.000000000;3;9565349119;B
20240208;111907;7326.500000000;9;9565349403;B
20240208;111907;7327.000000000;14;9565349404;B
20240208;111907;7327.000000000;50;9565349405;B
20240208;111907;7327.000000000;2;9565349406;B
20240208;111909;7328.000000000;1;9565350430;B
20240208;111911;7328.500000000;2;9565351986;S
20240208;111915;7328.500000000;1;9565355107;S
20240208;111916;7329.000000000;1;9565355530;B
20240208;111916;7330.000000000;29;9565355531;B
20240208;111916;7330.000000000;1;9565355539;B
20240208;111918;7330.000000000;1;9565357164;B
20240208;111921;7330.000000000;2;9565360000;B
20240208;111922;7330.000000000;22;9565360455;B
20240208;111923;7330.000000000;1;9565361304;B
20240208;111923;7330.000000000;4;9565361307;B
20240208;111928;7329.500000000;1;9565364652;S
20240208;111930;7328.500000000;2;9565365849;S
20240208;111930;7327.500000000;3;9565365850;S
20240208;111930;7327.500000000;21;9565365851;S
20240208;111930;7327.500000000;4;9565365852;S
20240208;111943;7329.000000000;3;9565376647;B
20240208;111943;7329.000000000;1;9565376648;B
20240208;111943;7329.000000000;1;9565376649;B
20240208;111943;7329.000000000;3;9565376650;B
20240208;111943;7329.000000000;4;9565376651;B
20240208;111943;7329.000000000;10;9565376652;B
20240208;111943;7327.000000000;1;9565376678;S
20240208;111945;7327.000000000;20;9565378038;S
20240208;111948;7327.000000000;3;9565380111;S
20240208;112000;7327.500000000;4;9565388024;S
20240208;112002;7328.500000000;2;9565390059;B
20240208;112003;7328.500000000;2;9565390403;B
20240208;112003;7328.500000000;2;9565390404;B
20240208;112003;7328.500000000;1;9565390405;B
20240208;112003;7328.500000000;5;9565390406;B
20240208;112004;7328.500000000;16;9565390909;B
20240208;112004;7329.000000000;6;9565390910;B
20240208;112008;7327.500000000;27;9565393542;S
20240208;112008;7327.000000000;73;9565393543;S
20240208;112021;7328.000000000;1;9565402354;B
20240208;112023;7327.500000000;12;9565403624;S
20240208;112023;7327.000000000;4;9565403625;S
20240208;112025;7328.000000000;3;9565404772;B
20240208;112025;7328.500000000;19;9565404773;B
20240208;112033;7327.500000000;1;9565410369;S
20240208;112038;7329.000000000;1;9565413802;B
20240208;112045;7327.500000000;1;9565418440;S
20240208;112046;7329.000000000;3;9565419508;B
20240208;112046;7329.000000000;2;9565419509;B
20240208;112046;7329.000000000;6;9565419514;B
20240208;112046;7329.000000000;1;9565419515;B
20240208;112046;7329.000000000;1;9565419516;B
20240208;112046;7329.500000000;14;9565419517;B
20240208;112052;7327.500000000;1;9565423877;S
20240208;112056;7329.000000000;1;9565426803;B
20240208;112057;7328.000000000;8;9565427302;S
20240208;112057;7327.500000000;2;9565427303;S
20240208;112057;7327.500000000;1;9565427304;S
20240208;112057;7327.500000000;4;9565427305;S
20240208;112058;7327.500000000;1;9565428834;S
20240208;112101;7329.000000000;6;9565430778;B
20240208;112101;7329.000000000;1;9565430779;B
20240208;112101;7329.000000000;2;9565430780;B
20240208;112101;7329.500000000;11;9565430781;B
20240208;112105;7328.000000000;1;9565433675;S
20240208;112107;7329.500000000;1;9565434073;B
20240208;112107;7329.500000000;22;9565434074;B
20240208;112110;7328.000000000;3;9565434503;S
20240208;112118;7328.500000000;3;9565435295;S
20240208;112118;7328.500000000;5;9565435296;S
20240208;112118;7328.000000000;2;9565435297;S
20240208;112118;7328.000000000;4;9565435298;S
20240208;112119;7328.000000000;5;9565435409;S
20240208;112119;7327.500000000;7;9565435410;S
20240208;112121;7329.000000000;2;9565435639;B
20240208;112121;7329.500000000;10;9565435640;B
20240208;112124;7329.500000000;1;9565435975;B
20240208;112126;7329.500000000;1;9565436175;B
20240208;112128;7329.500000000;22;9565436348;B
20240208;112129;7328.500000000;1;9565436537;S
20240208;112134;7329.500000000;17;9565437080;B
20240208;112134;7329.500000000;33;9565437081;B
20240208;112135;7329.500000000;1;9565437130;B
20240208;112136;7329.500000000;1;9565437279;B
20240208;112137;7329.000000000;1;9565437382;S
20240208;112142;7329.500000000;1;9565437917;B
20240208;112148;7329.500000000;22;9565438731;B
20240208;112150;7329.000000000;1;9565438917;S
20240208;112151;7329.500000000;3;9565439077;B
20240208;112153;7329.000000000;2;9565439318;S
20240208;112154;7329.500000000;39;9565439422;B
20240208;112154;7329.500000000;10;9565439423;B
20240208;112154;7329.500000000;2;9565439424;B
20240208;112157;7329.500000000;57;9565439622;S
20240208;112159;7329.500000000;1;9565439872;S
20240208;112159;7330.000000000;4;9565439905;B
20240208;112200;7330.000000000;10;9565439941;B
20240208;112202;7330.000000000;5;9565440249;B
20240208;112205;7330.000000000;1;9565440610;B
20240208;112209;7330.000000000;1;9565441133;B
20240208;112209;7330.000000000;22;9565441150;B
20240208;112212;7329.500000000;2;9565441378;S
20240208;112212;7330.000000000;8;9565441442;B
20240208;112215;7330.000000000;64;9565441745;B
20240208;112217;7330.000000000;2;9565441943;B
20240208;112217;7330.000000000;3;9565441979;B
20240208;112217;7330.000000000;10;9565442029;B
20240208;112221;7329.500000000;1;9565442460;S
20240208;112221;7329.500000000;1;9565442470;S
20240208;112222;7330.000000000;1;9565442554;B
20240208;112222;7329.500000000;1;9565442617;S
20240208;112225;7330.000000000;1;9565442851;B
20240208;112225;7330.000000000;1;9565442900;B
20240208;112226;7330.000000000;1;9565442966;B
20240208;112226;7330.000000000;20;9565442967;B
20240208;112230;7330.000000000;22;9565443455;B
20240208;112231;7329.500000000;1;9565443571;S
20240208;112232;7330.000000000;7;9565443605;B
20240208;112232;7330.000000000;2;9565443665;B
20240208;112233;7330.000000000;1;9565443726;B
20240208;112235;7330.000000000;4;9565444051;B
20240208;112235;7330.000000000;1;9565444052;B
20240208;112236;7329.500000000;6;9565444130;S
20240208;112239;7330.000000000;30;9565444431;B
20240208;112240;7330.000000000;3;9565444500;B
20240208;112244;7329.500000000;2;9565444960;S
20240208;112245;7329.500000000;1;9565445096;S
20240208;112251;7330.000000000;22;9565445689;B
20240208;112251;7329.500000000;1;9565445690;S
20240208;112253;7329.500000000;110;9565445966;S
20240208;112257;7329.500000000;4;9565446318;S
20240208;112257;7329.500000000;16;9565446408;S
20240208;112257;7329.500000000;4;9565446409;S
20240208;112258;7330.000000000;194;9565446517;B
20240208;112258;7330.000000000;10;9565446518;B
20240208;112258;7330.000000000;7;9565446519;B
20240208;112258;7330.000000000;10;9565446520;B
20240208;112258;7330.000000000;1;9565446521;B
20240208;112258;7330.000000000;12;9565446522;B
20240208;112258;7330.000000000;345;9565446523;B
20240208;112258;7330.000000000;8;9565446524;B
20240208;112258;7330.000000000;1;9565446525;B
20240208;112258;7330.000000000;22;9565446526;B
20240208;112258;7330.000000000;10;9565446527;B
20240208;112258;7331.000000000;3;9565446528;B
20240208;112258;7331.000000000;2;9565446529;B
20240208;112258;7332.000000000;6;9565446531;B
20240208;112258;7332.000000000;39;9565446532;B
20240208;112258;7332.000000000;5;9565446533;B
20240208;112258;7332.000000000;25;9565446534;B
20240208;112258;7332.500000000;28;9565446535;B
20240208;112258;7333.000000000;1;9565446536;B
20240208;112258;7333.000000000;40;9565446537;B
20240208;112258;7333.000000000;3;9565446538;B
20240208;112258;7333.000000000;1;9565446539;B
20240208;112258;7333.000000000;4;9565446540;B
20240208;112258;7333.000000000;15;9565446541;B
20240208;112258;7333.000000000;5;9565446580;B
20240208;112258;7333.500000000;1;9565446593;B
20240208;112258;7333.500000000;1;9565446594;B
20240208;112258;7333.500000000;1;9565446595;B
20240208;112258;7334.000000000;5;9565446599;B
20240208;112259;7334.000000000;14;9565446662;B
20240208;112259;7334.000000000;1;9565446663;B
20240208;112259;7334.000000000;33;9565446664;B
20240208;112259;7334.000000000;5;9565446665;B
20240208;112259;7334.500000000;2;9565446666;B
20240208;112259;7334.500000000;5;9565446667;B
20240208;112259;7334.500000000;10;9565446668;B
20240208;112259;7334.500000000;4;9565446669;B
20240208;112259;7335.000000000;1;9565446670;B
20240208;112259;7335.000000000;1;9565446671;B
20240208;112259;7335.000000000;1;9565446672;B
20240208;112259;7335.000000000;8;9565446673;B
20240208;112259;7335.000000000;1;9565446674;B
20240208;112259;7335.000000000;1;9565446675;B
20240208;112259;7335.000000000;2;9565446676;B
20240208;112259;7335.000000000;10;9565446677;B
20240208;112259;7335.500000000;5;9565446678;B
20240208;112259;7335.500000000;33;9565446679;B
20240208;112259;7335.500000000;32;9565446705;B
20240208;112300;7333.000000000;5;9565446843;S
20240208;112301;7333.500000000;1;9565446947;S
20240208;112304;7334.500000000;1;9565447325;S
20240208;112304;7333.500000000;1;9565447326;S
20240208;112305;7332.500000000;3;9565447377;S
20240208;112305;7332.500000000;21;9565447378;S
20240208;112305;7332.000000000;2;9565447379;S
20240208;112305;7333.000000000;7;9565447488;S
20240208;112310;7335.000000000;1;9565447898;B
20240208;112312;7332.500000000;10;9565448076;S
20240208;112312;7335.000000000;4;9565448105;B
20240208;112312;7335.000000000;12;9565448106;B
20240208;112312;7335.500000000;6;9565448107;B
20240208;112315;7335.000000000;3;9565448439;B
20240208;112322;7334.000000000;1;9565449146;B
20240208;112326;7334.000000000;8;9565449558;B
20240208;112326;7334.500000000;24;9565449559;B
20240208;112326;7335.000000000;5;9565449560;B
20240208;112326;7335.000000000;1;9565449561;B
20240208;112326;7335.500000000;42;9565449562;B
20240208;112332;7335.500000000;5;9565450062;B
20240208;112333;7335.000000000;10;9565450111;S
20240208;112333;7335.500000000;22;9565450143;B
20240208;112334;7335.500000000;28;9565450237;B
20240208;112343;7334.500000000;4;9565451332;B
20240208;112343;7335.000000000;24;9565451333;B
20240208;112344;7336.000000000;2;9565451361;B
20240208;112344;7335.500000000;10;9565451447;S
20240208;112347;7336.000000000;1;9565451711;B
20240208;112347;7336.000000000;2;9565451712;B
20240208;112349;7336.000000000;2;9565452004;B
20240208;112350;7336.000000000;10;9565452056;B
20240208;112352;7335.500000000;2;9565452270;S
20240208;112354;7336.000000000;22;9565452455;B
20240208;112355;7336.000000000;2;9565452536;B
20240208;112356;7336.000000000;1;9565452725;B
20240208;112358;7335.500000000;30;9565452942;S
20240208;112358;7335.500000000;1;9565452943;S
20240208;112358;7335.500000000;69;9565452944;S
20240208;112359;7335.500000000;13;9565453103;S
20240208;112404;7335.500000000;1;9565453660;S
20240208;112405;7335.500000000;1;9565453721;S
20240208;112406;7335.500000000;1;9565453819;B
20240208;112415;7334.500000000;21;9565454783;B
20240208;112415;7335.000000000;1;9565454784;B
20240208;112416;7335.500000000;1;9565454908;B
20240208;112416;7335.500000000;2;9565454909;B
20240208;112418;7335.500000000;10;9565455112;B
20240208;112419;7333.500000000;1;9565455258;S
20240208;112421;7335.500000000;10;9565455372;B
20240208;112430;7335.000000000;3;9565456406;S
20240208;112436;7335.500000000;22;9565456976;B
20240208;112436;7335.500000000;93;9565457040;B
20240208;112440;7335.500000000;1;9565457384;S
20240208;112446;7336.000000000;61;9565457818;B
20240208;112446;7336.000000000;10;9565457819;B
20240208;112446;7336.000000000;21;9565457820;B
20240208;112446;7336.500000000;1;9565457821;B
20240208;112446;7337.000000000;7;9565457822;B
20240208;112457;7337.000000000;22;9565459542;B
20240208;112458;7336.500000000;5;9565459820;S
20240208;112500;7336.500000000;4;9565460307;S
20240208;112503;7337.000000000;15;9565460644;B
20240208;112504;7337.000000000;3;9565460797;B
20240208;112506;7337.000000000;52;9565460975;B
20240208;112506;7336.500000000;10;9565461075;S
20240208;112509;7337.000000000;4;9565461487;B
20240208;112510;7337.000000000;2;9565461592;B
20240208;112513;7337.000000000;7;9565461831;B
20240208;112513;7337.000000000;1;9565461832;B
20240208;112513;7337.000000000;2;9565461833;B
20240208;112515;7336.500000000;2;9565462072;S
20240208;112515;7336.500000000;1;9565462153;S
20240208;112517;7337.000000000;3;9565462431;B
20240208;112517;7337.000000000;1;9565462432;B
20240208;112517;7337.000000000;6;9565462433;B
20240208;112517;7337.000000000;12;9565462434;B
20240208;112520;7336.500000000;1;9565462763;S
20240208;112520;7337.000000000;1;9565462764;B
20240208;112522;7337.000000000;3;9565462966;B
20240208;112526;7337.000000000;24;9565463330;B
20240208;112526;7337.000000000;1;9565463331;B
20240208;112533;7338.000000000;2;9565464056;B
20240208;112533;7338.000000000;1;9565464057;B
20240208;112533;7337.500000000;4;9565464100;S
20240208;112538;7338.000000000;19;9565464849;B
20240208;112538;7338.000000000;3;9565464850;B
20240208;112539;7338.000000000;6;9565465129;B
20240208;112543;7337.500000000;2;9565465770;S
20240208;112543;7338.000000000;1;9565465771;B
20240208;112543;7338.000000000;1;9565465772;B
20240208;112546;7338.000000000;1;9565466042;S
20240208;112554;7339.000000000;20;9565466917;B
20240208;112558;7339.000000000;5;9565467420;B
20240208;112559;7339.000000000;1;9565467449;B
20240208;112559;7339.000000000;22;9565467505;B
20240208;112601;7339.000000000;282;9565467703;B
20240208;112601;7339.000000000;10;9565467704;B
20240208;112603;7339.000000000;1;9565467902;S
20240208;112603;7339.500000000;1;9565467903;B
20240208;112603;7339.500000000;1;9565467904;B
20240208;112605;7340.000000000;5;9565468163;B
20240208;112605;7339.500000000;2;9565468292;S
20240208;112608;7340.000000000;22;9565468872;B
20240208;112608;7340.000000000;3;9565468873;B
20240208;112608;7340.000000000;25;9565468874;B
20240208;112608;7340.000000000;1;9565468875;B
20240208;112608;7340.000000000;1;9565468876;B
20240208;112608;7340.000000000;1;9565468877;B
20240208;112608;7340.000000000;5;9565468878;B
20240208;112608;7340.000000000;1;9565468879;B
20240208;112608;7340.000000000;15;9565468880;B
20240208;112608;7340.000000000;1;9565468881;B
20240208;112608;7340.000000000;5;9565468882;B
20240208;112610;7339.500000000;1;9565469343;S
20240208;112611;7340.000000000;4;9565469614;B
20240208;112611;7340.000000000;1;9565469615;B
20240208;112611;7340.000000000;5;9565469616;B
20240208;112620;7340.000000000;5;9565470654;B
20240208;112620;7340.000000000;4;9565470655;B
20240208;112620;7340.500000000;6;9565470656;B
20240208;112620;7340.500000000;2;9565470657;B
20240208;112620;7340.500000000;5;9565470658;B
20240208;112625;7340.500000000;1;9565471268;B
20240208;112627;7340.000000000;2;9565471500;S
20240208;112627;7339.500000000;1;9565471501;S
20240208;112636;7340.000000000;2;9565472385;B
20240208;112638;7340.000000000;1;9565472590;S
20240208;112638;7340.000000000;5;9565472598;S
20240208;112638;7339.500000000;1;9565472599;S
20240208;112638;7339.500000000;21;9565472600;S
20240208;112638;7339.500000000;13;9565472601;S
20240208;112638;7339.000000000;5;9565472602;S
20240208;112638;7339.000000000;1;9565472603;S
20240208;112638;7339.000000000;39;9565472604;S
20240208;112638;7339.000000000;10;9565472605;S
20240208;112638;7338.000000000;20;9565472606;S
20240208;112638;7337.500000000;58;9565472607;S
20240208;112638;7337.000000000;67;9565472608;S
20240208;112641;7340.000000000;1;9565473086;B
20240208;112641;7340.500000000;20;9565473087;B
20240208;112641;7340.500000000;1;9565473088;B
20240208;112648;7337.500000000;6;9565473845;S
20240208;112648;7337.000000000;1;9565473849;S
20240208;112655;7337.000000000;10;9565474563;S
20240208;112655;7337.000000000;1;9565474575;S
20240208;112656;7337.500000000;8;9565474681;B
20240208;112659;7337.000000000;10;9565474947;S
20240208;112702;7337.000000000;7;9565475280;S
20240208;112702;7337.500000000;5;9565475289;B
20240208;112702;7338.500000000;17;9565475290;B
20240208;112704;7339.500000000;9;9565475482;B
20240208;112704;7339.500000000;10;9565475483;B
20240208;112704;7340.000000000;2;9565475484;B
20240208;112704;7340.000000000;5;9565475485;B
20240208;112704;7340.000000000;20;9565475486;B
20240208;112704;7340.000000000;1;9565475487;B
20240208;112704;7340.500000000;58;9565475488;B
20240208;112704;7340.500000000;21;9565475489;B
20240208;112704;7340.500000000;1;9565475490;B
20240208;112704;7340.500000000;1;9565475491;S
20240208;112704;7340.500000000;1;9565475543;S
20240208;112707;7340.500000000;3;9565475822;S
20240208;112716;7340.500000000;1;9565476778;S
20240208;112718;7341.000000000;2;9565476979;B
20240208;112718;7341.000000000;9;9565476980;B
20240208;112719;7340.500000000;1;9565477140;S
20240208;112723;7341.000000000;22;9565477697;B
20240208;112724;7341.000000000;1;9565477774;B
20240208;112725;7340.500000000;2;9565477958;S
20240208;112725;7341.000000000;20;9565477976;B
20240208;112729;7340.500000000;15;9565478285;S
20240208;112732;7341.000000000;8;9565478608;B
20240208;112733;7340.500000000;4;9565478763;S
20240208;112735;7340.500000000;200;9565478950;S
20240208;112735;7340.500000000;6;9565478951;S
20240208;112735;7341.000000000;20;9565478987;B
20240208;112735;7340.500000000;1;9565478988;S
20240208;112741;7340.500000000;1;9565479658;S
20240208;112744;7341.000000000;22;9565479986;B
20240208;112745;7340.500000000;1;9565480078;S
20240208;112748;7340.500000000;1;9565480419;S
20240208;112753;7340.500000000;1;9565480914;S
20240208;112754;7340.500000000;1;9565481024;S
20240208;112756;7341.000000000;3;9565481206;B
20240208;112759;7341.000000000;5;9565481696;B
20240208;112801;7340.500000000;6;9565481878;S
20240208;112803;7340.500000000;6;9565482075;S
20240208;112805;7341.000000000;3;9565482192;B
20240208;112805;7340.500000000;1;9565482193;S
20240208;112805;7341.000000000;22;9565482217;B
20240208;112805;7340.500000000;10;9565482281;S
20240208;112807;7340.500000000;15;9565482519;S
20240208;112813;7341.000000000;2;9565483195;B
20240208;112813;7341.000000000;5;9565483212;B
20240208;112816;7340.500000000;4;9565483537;S
20240208;112823;7340.500000000;1;9565484117;S
20240208;112823;7340.500000000;62;9565484159;S
20240208;112824;7340.500000000;3;9565484226;S
20240208;112826;7341.000000000;22;9565484428;B
20240208;112827;7340.500000000;2;9565484613;S
20240208;112829;7340.500000000;2;9565484817;S
20240208;112829;7340.500000000;1;9565484818;S
20240208;112831;7340.500000000;1;9565485055;S
20240208;112831;7340.500000000;20;9565485063;S
20240208;112832;7340.500000000;3;9565485081;S
20240208;112833;7340.500000000;1;9565485179;S
20240208;112833;7340.500000000;2;9565485193;S
20240208;112834;7341.000000000;1;9565485342;B
20240208;112835;7340.500000000;1;9565485388;S
20240208;112838;7340.500000000;1;9565485754;S
20240208;112839;7341.000000000;35;9565485877;B
20240208;112840;7341.000000000;5;9565485969;B
20240208;112841;7341.000000000;20;9565486031;B
20240208;112841;7341.000000000;4;9565486072;B
20240208;112842;7341.000000000;2;9565486202;B
20240208;112843;7340.500000000;15;9565486284;S
20240208;112847;7341.000000000;19;9565486618;B
20240208;112847;7341.000000000;1;9565486619;B
20240208;112847;7341.000000000;2;9565486620;B
20240208;112848;7341.000000000;1;9565486785;B
20240208;112851;7340.500000000;3;9565487034;S
20240208;112851;7340.500000000;5;9565487035;S
20240208;112851;7340.500000000;1;9565487036;S
20240208;112851;7340.500000000;1;9565487037;S
20240208;112852;7340.500000000;1;9565487134;B
20240208;112856;7340.000000000;2;9565487459;S
20240208;112856;7340.000000000;1;9565487460;S
20240208;112856;7340.000000000;1;9565487461;S
20240208;112858;7339.500000000;6;9565487747;B
20240208;112900;7339.000000000;1;9565487983;S
20240208;112900;7339.000000000;2;9565487985;S
20240208;112906;7339.000000000;1;9565488663;S
20240208;112907;7339.500000000;1;9565488829;B
20240208;112907;7339.500000000;13;9565488830;B
20240208;112907;7339.500000000;1;9565488831;B
20240208;112907;7340.000000000;7;9565488832;B
20240208;112910;7339.000000000;11;9565489079;S
20240208;112917;7339.000000000;1;9565489705;B
20240208;112921;7338.000000000;1;9565490070;S
20240208;112922;7338.000000000;6;9565490222;S
20240208;112928;7339.500000000;1;9565490863;B
20240208;112928;7340.000000000;9;9565490864;B
20240208;112928;7340.000000000;1;9565490865;B
20240208;112928;7340.000000000;1;9565490866;B
20240208;112928;7340.000000000;5;9565490867;B
20240208;112928;7340.000000000;4;9565490868;B
20240208;112928;7340.500000000;1;9565490869;B
20240208;112937;7338.500000000;14;9565492060;S
20240208;112937;7338.000000000;2;9565492061;S
20240208;112938;7338.000000000;6;9565492212;S
20240208;112949;7339.500000000;4;9565494028;B
20240208;112949;7340.000000000;15;9565494029;B
20240208;112949;7340.000000000;3;9565494030;B
20240208;112957;7338.000000000;6;9565494915;S
20240208;112958;7337.500000000;10;9565495019;S
20240208;112958;7337.500000000;1;9565495020;S
20240208;112958;7337.500000000;19;9565495021;S
20240208;113001;7337.500000000;4;9565495315;S
20240208;113001;7337.500000000;18;9565495316;S
20240208;113001;7337.000000000;18;9565495317;S
20240208;113001;7337.000000000;2;9565495366;S
20240208;113001;7337.000000000;109;9565495434;S
20240208;113001;7337.000000000;20;9565495435;S
20240208;113001;7337.000000000;20;9565495436;S
20240208;113001;7337.000000000;66;9565495437;S
20240208;113001;7337.000000000;10;9565495438;S
20240208;113002;7336.500000000;17;9565495520;B
20240208;113002;7336.500000000;13;9565495521;B
20240208;113010;7336.500000000;16;9565496710;B
20240208;113010;7336.500000000;6;9565496711;B
20240208;113013;7335.500000000;50;9565497624;S
20240208;113013;7335.500000000;1;9565497626;S
20240208;113014;7335.500000000;8;9565497801;S
20240208;113018;7335.500000000;50;9565498341;S
20240208;113018;7335.500000000;1;9565498342;S
20240208;113021;7335.500000000;3;9565498794;S
20240208;113022;7335.500000000;2;9565498906;S
20240208;113022;7335.500000000;1;9565498907;S
20240208;113027;7335.500000000;1;9565499474;S
20240208;113028;7335.500000000;8;9565499632;S
20240208;113029;7335.500000000;2;9565499903;S
20240208;113029;7335.500000000;3;9565499938;S
20240208;113030;7335.500000000;10;9565500005;S
20240208;113030;7335.500000000;1;9565500006;S
20240208;113031;7335.500000000;2;9565500104;S
20240208;113031;7336.000000000;8;9565500164;B
20240208;113031;7336.000000000;14;9565500165;B
20240208;113032;7336.000000000;10;9565500279;B
20240208;113035;7335.500000000;1;9565500614;S
20240208;113036;7335.500000000;50;9565500729;S
20240208;113036;7336.000000000;2;9565500731;B
20240208;113037;7335.500000000;3;9565500907;S
20240208;113038;7335.500000000;4;9565500990;S
20240208;113040;7335.500000000;50;9565501239;S
20240208;113047;7335.500000000;1;9565501903;S
20240208;113050;7335.500000000;1;9565502292;S
20240208;113050;7335.500000000;1;9565502293;S
20240208;113051;7335.500000000;1;9565502367;S
20240208;113052;7336.000000000;22;9565502535;B
20240208;113052;7335.500000000;10;9565502538;S
20240208;113054;7335.500000000;1;9565502745;S
20240208;113055;7335.500000000;192;9565502906;S
20240208;113055;7335.500000000;8;9565502907;S
20240208;113102;7336.000000000;16;9565503727;B
20240208;113102;7336.000000000;10;9565503728;B
20240208;113102;7336.000000000;14;9565503729;B
20240208;113102;7336.500000000;21;9565503730;B
20240208;113102;7336.500000000;20;9565503731;B
20240208;113102;7337.000000000;1;9565503732;B
20240208;113102;7337.000000000;18;9565503733;B
20240208;113104;7335.500000000;1;9565504014;S
20240208;113104;7335.500000000;1;9565504015;S
20240208;113105;7335.500000000;1;9565504117;S
20240208;113107;7336.000000000;1;9565504450;B
20240208;113107;7336.000000000;26;9565504515;B
20240208;113109;7335.500000000;1;9565504660;S
20240208;113109;7335.500000000;1;9565504744;S
20240208;113112;7335.500000000;5;9565505041;S
20240208;113112;7335.000000000;17;9565505042;S
20240208;113112;7335.000000000;1;9565505043;S
20240208;113112;7334.500000000;16;9565505044;S
20240208;113112;7333.000000000;1;9565505045;S
20240208;113112;7335.000000000;1;9565505078;B
20240208;113113;7333.000000000;1;9565505170;B
20240208;113113;7334.000000000;16;9565505171;B
20240208;113113;7334.500000000;5;9565505172;B
20240208;113119;7332.000000000;7;9565506095;S
20240208;113119;7332.000000000;3;9565506096;S
20240208;113119;7332.000000000;1;9565506134;S
20240208;113119;7332.000000000;4;9565506135;S
20240208;113121;7332.000000000;5;9565506411;B
20240208;113122;7331.500000000;10;9565506532;S
20240208;113122;7331.500000000;16;9565506538;S
20240208;113122;7331.000000000;4;9565506539;S
20240208;113123;7331.000000000;1;9565506632;S
20240208;113123;7330.500000000;70;9565506633;S
20240208;113123;7330.500000000;1;9565506634;S
20240208;113123;7330.500000000;100;9565506635;S
20240208;113123;7330.000000000;648;9565506636;S
20240208;113123;7330.000000000;1;9565506638;S
20240208;113123;7330.000000000;8;9565506723;S
20240208;113124;7330.000000000;4;9565506805;S
20240208;113125;7330.000000000;1;9565507028;S
20240208;113129;7330.500000000;1;9565507453;S
20240208;113130;7331.000000000;12;9565507621;B
20240208;113130;7331.500000000;5;9565507622;B
20240208;113131;7330.500000000;4;9565507696;S
20240208;113131;7330.000000000;6;9565507697;S
20240208;113133;7330.000000000;1;9565507953;S
20240208;113134;7331.000000000;16;9565508030;B
20240208;113134;7331.500000000;6;9565508031;B
20240208;113141;7330.500000000;5;9565508611;S
20240208;113141;7330.500000000;5;9565508612;S
20240208;113141;7330.000000000;3;9565508653;S
20240208;113147;7330.500000000;5;9565509263;S
20240208;113147;7330.000000000;5;9565509264;S
20240208;113151;7330.000000000;3;9565509682;S
20240208;113151;7330.000000000;5;9565509683;S
20240208;113151;7330.000000000;28;9565509684;S
20240208;113151;7330.000000000;16;9565509685;S
20240208;113154;7329.500000000;1;9565510006;S
20240208;113154;7329.000000000;1;9565510007;S
20240208;113154;7328.500000000;1;9565510008;S
20240208;113154;7328.000000000;3;9565510009;S
20240208;113154;7328.000000000;1;9565510049;S
20240208;113155;7329.000000000;15;9565510078;B
20240208;113155;7329.500000000;7;9565510079;B
20240208;113203;7328.000000000;6;9565511098;S
20240208;113208;7327.500000000;1;9565511622;S
20240208;113212;7328.000000000;1;9565512163;B
20240208;113216;7328.000000000;1;9565512675;B
20240208;113216;7328.500000000;15;9565512676;B
20240208;113216;7329.500000000;6;9565512677;B
20240208;113218;7327.000000000;1;9565513066;S
20240208;113222;7327.000000000;9;9565513435;S
20240208;113222;7327.000000000;2;9565513436;S
20240208;113222;7327.000000000;10;9565513437;S
20240208;113229;7326.500000000;4;9565514465;S
20240208;113229;7326.500000000;2;9565514466;S
20240208;113229;7326.000000000;10;9565514493;S
20240208;113234;7327.000000000;11;9565515026;S
20240208;113234;7326.500000000;24;9565515027;S
20240208;113235;7326.500000000;10;9565515129;S
20240208;113237;7330.000000000;2;9565515398;B
20240208;113237;7330.500000000;14;9565515399;B
20240208;113237;7331.500000000;6;9565515400;B
20240208;113237;7326.500000000;37;9565515496;S
20240208;113237;7326.000000000;5;9565515497;S
20240208;113237;7326.000000000;14;9565515498;S
20240208;113237;7326.000000000;34;9565515499;S
20240208;113237;7326.000000000;10;9565515500;B
20240208;113242;7328.000000000;1;9565516089;B
20240208;113243;7327.000000000;1;9565516138;S
20240208;113247;7327.500000000;3;9565516485;S
20240208;113247;7327.000000000;4;9565516486;S
20240208;113247;7327.000000000;21;9565516487;S
20240208;113247;7327.000000000;34;9565516488;S
20240208;113248;7325.500000000;1;9565516635;S
20240208;113251;7325.500000000;1;9565517059;S
20240208;113255;7326.000000000;2;9565517518;S
20240208;113255;7326.000000000;34;9565517519;S
20240208;113255;7325.500000000;14;9565517520;S
20240208;113255;7325.000000000;25;9565517521;S
20240208;113255;7325.000000000;1;9565517522;S
20240208;113255;7325.000000000;24;9565517523;S
20240208;113256;7325.000000000;1;9565517560;S
20240208;113256;7324.000000000;14;9565517561;S
20240208;113256;7324.000000000;12;9565517562;S
20240208;113256;7323.000000000;20;9565517628;S
20240208;113256;7323.000000000;1;9565517629;S
20240208;113256;7322.500000000;27;9565517630;S
20240208;113256;7322.500000000;19;9565517631;S
20240208;113256;7322.500000000;14;9565517632;S
20240208;113256;7322.000000000;10;9565517633;S
20240208;113256;7321.500000000;1;9565517634;S
20240208;113256;7321.500000000;13;9565517635;S
20240208;113257;7322.000000000;20;9565517733;S
20240208;113257;7322.000000000;1;9565517734;S
20240208;113257;7321.500000000;9;9565517735;S
20240208;113257;7324.500000000;21;9565517786;B
20240208;113257;7325.000000000;1;9565517787;B
20240208;113306;7325.000000000;1;9565518758;B
20240208;113306;7326.000000000;9;9565518759;B
20240208;113318;7325.000000000;22;9565520437;B
20240208;113319;7322.500000000;3;9565520493;S
20240208;113319;7322.500000000;21;9565520494;S
20240208;113319;7322.000000000;4;9565520495;S
20240208;113326;7322.000000000;2;9565521834;S
20240208;113337;7322.000000000;10;9565523012;S
20240208;113339;7323.500000000;21;9565523191;B
20240208;113339;7324.000000000;1;9565523192;B
20240208;113353;7322.000000000;4;9565524680;S
20240208;113353;7322.000000000;1;9565524681;S
20240208;113353;7320.000000000;4;9565524682;S
20240208;113353;7320.000000000;10;9565524683;S
20240208;113353;7320.000000000;1;9565524684;S
20240208;113353;7320.000000000;10;9565524685;S
20240208;113353;7320.000000000;20;9565524686;S
20240208;113353;7320.000000000;5;9565524687;S
20240208;113353;7319.500000000;27;9565524688;S
20240208;113353;7319.000000000;1;9565524689;S
20240208;113354;7318.000000000;1;9565524854;S
20240208;113355;7318.000000000;1;9565524934;S
20240208;113357;7318.000000000;8;9565525117;S
20240208;113400;7318.000000000;2;9565525390;B
20240208;113400;7318.000000000;11;9565525391;B
20240208;113400;7319.000000000;9;9565525392;B
20240208;113400;7317.500000000;2;9565525401;B
20240208;113409;7317.500000000;1;9565526544;S
20240208;113409;7317.000000000;7;9565526545;S
20240208;113410;7317.000000000;5;9565526664;S
20240208;113410;7317.000000000;5;9565526665;S
20240208;113412;7317.500000000;1;9565526982;S
20240208;113412;7317.000000000;1;9565526983;S
20240208;113419;7317.500000000;3;9565527683;S
20240208;113419;7317.000000000;1;9565527684;S
20240208;113420;7317.000000000;1;9565527913;S
20240208;113421;7319.000000000;22;9565528027;B
20240208;113426;7318.000000000;1;9565528710;S
20240208;113426;7317.500000000;21;9565528711;S
20240208;113426;7317.500000000;8;9565528712;S
20240208;113426;7317.000000000;1;9565528713;S
20240208;113426;7319.000000000;50;9565528755;B
20240208;113428;7319.000000000;15;9565529002;B
20240208;113430;7319.000000000;5;9565529138;B
20240208;113430;7319.000000000;6;9565529139;B
20240208;113430;7319.000000000;4;9565529144;B
20240208;113430;7319.000000000;10;9565529145;B
20240208;113430;7319.500000000;4;9565529146;B
20240208;113431;7319.500000000;1;9565529226;B
20240208;113433;7319.000000000;2;9565529470;S
20240208;113434;7319.000000000;10;9565529507;S
20240208;113434;7319.000000000;3;9565529509;S
20240208;113434;7318.500000000;1;9565529533;S
20240208;113439;7319.000000000;1;9565529998;S
20240208;113439;7317.000000000;2;9565530009;S
20240208;113442;7319.000000000;22;9565530402;B
20240208;113444;7319.000000000;1;9565530525;B
20240208;113452;7317.000000000;2;9565531255;S
20240208;113452;7317.000000000;7;9565531272;S
20240208;113452;7317.000000000;21;9565531273;S
20240208;113452;7316.500000000;28;9565531274;S
20240208;113452;7316.000000000;1;9565531275;S
20240208;113452;7316.000000000;10;9565531276;S
20240208;113454;7316.500000000;1;9565531543;B
20240208;113500;7316.500000000;1;9565532056;B
20240208;113500;7316.000000000;1;9565532115;S
20240208;113503;7316.500000000;20;9565532401;B
20240208;113503;7317.000000000;2;9565532402;B
20240208;113506;7317.000000000;12;9565532685;B
20240208;113507;7316.500000000;3;9565532784;S
20240208;113510;7316.500000000;1;9565533058;S
20240208;113510;7316.500000000;20;9565533079;S
20240208;113511;7316.000000000;3;9565533164;S
20240208;113516;7316.000000000;96;9565533655;S
20240208;113516;7316.000000000;4;9565533656;S
20240208;113518;7316.500000000;21;9565533961;B
20240208;113518;7317.000000000;59;9565533962;B
20240208;113523;7317.000000000;2;9565534459;B
20240208;113524;7317.000000000;3;9565534482;B
20240208;113524;7317.000000000;22;9565534491;B
20240208;113525;7316.500000000;21;9565534614;S
20240208;113525;7316.000000000;22;9565534615;S
20240208;113530;7317.000000000;5;9565535079;B
20240208;113535;7317.000000000;4;9565535685;B
20240208;113536;7316.500000000;21;9565535738;S
20240208;113536;7316.500000000;9;9565535739;S
20240208;113537;7316.000000000;1;9565535879;S
20240208;113539;7317.000000000;39;9565536031;B
20240208;113539;7317.000000000;1;9565536032;B
20240208;113539;7317.000000000;30;9565536033;B
20240208;113539;7317.000000000;1;9565536034;B
20240208;113539;7317.000000000;2;9565536035;B
20240208;113539;7317.000000000;10;9565536036;B
20240208;113539;7317.500000000;11;9565536037;B
20240208;113539;7318.000000000;1;9565536038;B
20240208;113539;7319.000000000;105;9565536039;B
20240208;113539;7319.000000000;50;9565536040;B
20240208;113539;7318.500000000;2;9565536050;S
20240208;113545;7319.000000000;22;9565536712;B
20240208;113548;7317.500000000;2;9565536985;S
20240208;113557;7319.000000000;1;9565537963;B
20240208;113606;7319.000000000;22;9565538880;B
20240208;113608;7319.000000000;14;9565539123;B
20240208;113608;7319.000000000;1;9565539135;B
20240208;113609;7319.000000000;6;9565539237;B
20240208;113612;7319.000000000;2;9565539429;B
20240208;113614;7317.500000000;1;9565539584;S
20240208;113615;7317.500000000;1;9565539667;S
20240208;113618;7319.000000000;20;9565539849;B
20240208;113624;7318.000000000;2;9565540582;S
20240208;113627;7319.000000000;22;9565540799;B
20240208;113627;7319.000000000;8;9565540800;B
20240208;113630;7319.000000000;3;9565541251;B
20240208;113630;7319.000000000;4;9565541252;B
20240208;113630;7319.000000000;40;9565541253;B
20240208;113630;7319.000000000;3;9565541254;B
20240208;113630;7319.000000000;4;9565541255;B
20240208;113630;7319.000000000;15;9565541256;B
20240208;113630;7319.000000000;9;9565541257;B
20240208;113631;7319.000000000;6;9565541333;B
20240208;113633;7320.000000000;2;9565541650;B
20240208;113643;7319.000000000;1;9565542646;S
20240208;113645;7319.500000000;1;9565542863;B
20240208;113647;7319.000000000;1;9565543027;S
20240208;113647;7319.500000000;1;9565543071;B
20240208;113647;7320.000000000;8;9565543072;B
20240208;113647;7320.000000000;13;9565543073;B
20240208;113649;7320.000000000;13;9565543232;B
20240208;113649;7320.000000000;44;9565543245;B
20240208;113649;7320.000000000;4;9565543246;B
20240208;113649;7320.000000000;1;9565543247;B
20240208;113649;7320.000000000;30;9565543248;B
20240208;113649;7320.000000000;4;9565543259;B
20240208;113649;7320.000000000;7;9565543260;B
20240208;113650;7320.000000000;2;9565543356;B
20240208;113651;7320.000000000;49;9565543468;B
20240208;113653;7320.000000000;48;9565543640;B
20240208;113653;7320.000000000;47;9565543641;B
20240208;113653;7320.000000000;47;9565543642;B
20240208;113653;7321.000000000;18;9565543643;B
20240208;113653;7321.000000000;1;9565543644;B
20240208;113653;7322.000000000;55;9565543645;B
20240208;113653;7323.500000000;8;9565543647;B
20240208;113653;7324.000000000;1;9565543648;B
20240208;113700;7322.500000000;1;9565544327;S
20240208;113706;7325.000000000;10;9565544891;B
20240208;113708;7325.000000000;18;9565545149;B
20240208;113708;7325.000000000;1;9565545150;B
20240208;113708;7325.000000000;1;9565545151;B
20240208;113708;7326.000000000;1;9565545152;B
20240208;113708;7326.000000000;1;9565545153;B
20240208;113712;7322.500000000;5;9565545439;S
20240208;113713;7325.000000000;1;9565545544;B
20240208;113719;7323.000000000;9;9565546173;S
20240208;113719;7323.000000000;6;9565546174;S
20240208;113721;7325.000000000;1;9565546445;B
20240208;113729;7323.000000000;3;9565547449;S
20240208;113729;7325.000000000;2;9565547475;B
20240208;113729;7326.000000000;10;9565547476;B
20240208;113729;7326.500000000;10;9565547477;B
20240208;113731;7326.000000000;1;9565547625;S
20240208;113738;7326.000000000;1;9565548323;S
20240208;113738;7326.000000000;4;9565548324;S
20240208;113740;7326.000000000;3;9565548613;S
20240208;113750;7326.500000000;12;9565549607;B
20240208;113750;7327.000000000;10;9565549608;B
20240208;113758;7326.000000000;3;9565550650;S
20240208;113800;7327.000000000;30;9565550801;B
20240208;113802;7326.500000000;4;9565551039;B
20240208;113802;7326.500000000;14;9565551040;B
20240208;113802;7326.500000000;12;9565551041;B
20240208;113802;7327.000000000;10;9565551042;B
20240208;113811;7326.000000000;15;9565552118;S
20240208;113811;7326.000000000;7;9565552168;B
20240208;113811;7326.000000000;7;9565552169;B
20240208;113811;7326.500000000;8;9565552170;B
20240208;113813;7325.500000000;3;9565552408;S
20240208;113814;7325.500000000;7;9565552598;S
20240208;113814;7323.500000000;6;9565552599;S
20240208;113815;7326.500000000;1;9565552646;B
20240208;113828;7326.000000000;15;9565554283;S
20240208;113830;7327.000000000;1;9565554465;B
20240208;113831;7327.000000000;2;9565554646;B
20240208;113832;7327.000000000;22;9565554746;B
20240208;113837;7327.000000000;50;9565555329;B
20240208;113839;7326.500000000;10;9565555502;S
20240208;113839;7327.000000000;40;9565555554;B
20240208;113839;7327.000000000;10;9565555555;B
20240208;113842;7326.500000000;4;9565555873;S
20240208;113842;7326.500000000;1;9565555902;S
20240208;113847;7327.000000000;90;9565556429;B
20240208;113852;7327.000000000;50;9565557067;B
20240208;113853;7327.000000000;22;9565557154;B
20240208;113853;7326.500000000;13;9565557189;S
20240208;113854;7327.000000000;2;9565557236;B
20240208;113854;7327.000000000;1;9565557237;B
20240208;113858;7327.000000000;50;9565557679;B
20240208;113858;7327.000000000;8;9565557680;B
20240208;113900;7327.000000000;1;9565557884;B
20240208;113903;7327.000000000;16;9565558175;B
20240208;113903;7326.500000000;8;9565558209;S
20240208;113903;7326.500000000;50;9565558210;S
20240208;113903;7326.500000000;50;9565558211;S
20240208;113903;7326.500000000;1;9565558212;S
20240208;113903;7326.000000000;100;9565558213;S
20240208;113903;7325.500000000;41;9565558214;S
20240208;113910;7326.500000000;12;9565558910;B
20240208;113910;7327.000000000;3;9565558911;B
20240208;113914;7326.500000000;3;9565559412;B
20240208;113914;7327.000000000;19;9565559413;B
20240208;113919;7325.000000000;1;9565560000;S
20240208;113919;7323.500000000;7;9565560001;S
20240208;113927;7321.500000000;1;9565560752;S
20240208;113935;7325.500000000;16;9565561727;B
20240208;113935;7326.500000000;2;9565561728;B
20240208;113935;7326.500000000;4;9565561729;B
20240208;113935;7323.000000000;1;9565561771;S
20240208;113942;7325.500000000;5;9565562398;S
20240208;113956;7326.500000000;1;9565563881;B
20240208;113956;7327.000000000;11;9565563882;B
20240208;113956;7327.000000000;10;9565563883;B
20240208;114016;7326.500000000;4;9565566477;B
20240208;114016;7326.500000000;1;9565566478;B
20240208;114016;7326.500000000;17;9565566479;B
20240208;114021;7326.000000000;2;9565566902;S
20240208;114022;7326.500000000;41;9565567085;B
20240208;114022;7326.500000000;6;9565567086;B
20240208;114037;7327.000000000;22;9565568839;B
20240208;114040;7326.000000000;6;9565569213;S
20240208;114045;7326.000000000;28;9565569782;S
20240208;114047;7326.000000000;8;9565570045;S
20240208;114048;7326.000000000;4;9565570143;S
20240208;114048;7326.500000000;4;9565570181;B
20240208;114048;7326.000000000;1;9565570207;S
20240208;114048;7326.000000000;1;9565570208;S
20240208;114048;7326.000000000;2;9565570209;S
20240208;114051;7326.000000000;28;9565570585;S
20240208;114051;7325.000000000;1;9565570586;S
20240208;114056;7325.500000000;11;9565571087;B
20240208;114056;7326.000000000;19;9565571088;B
20240208;114058;7326.000000000;22;9565571295;B
20240208;114102;7326.000000000;1;9565571631;S
20240208;114113;7326.000000000;3;9565573110;S
20240208;114119;7326.500000000;1;9565573712;B
20240208;114119;7326.500000000;11;9565573713;B
20240208;114119;7327.000000000;10;9565573714;B
20240208;114121;7326.000000000;1;9565573829;S
20240208;114130;7325.500000000;1;9565574923;S
20240208;114131;7324.000000000;10;9565575084;S
20240208;114131;7323.500000000;4;9565575085;S
20240208;114131;7323.500000000;14;9565575086;S
20240208;114137;7324.500000000;3;9565575749;S
20240208;114140;7326.500000000;10;9565575990;B
20240208;114140;7326.500000000;3;9565575991;B
20240208;114140;7327.000000000;9;9565575992;B
20240208;114147;7324.500000000;2;9565576744;S
20240208;114201;7326.500000000;10;9565578320;B
20240208;114201;7327.000000000;9;9565578321;B
20240208;114201;7327.000000000;1;9565578322;B
20240208;114201;7327.000000000;2;9565578323;B
20240208;114202;7326.500000000;10;9565578457;S
20240208;114204;7326.000000000;13;9565578697;S
20240208;114204;7326.000000000;2;9565578698;S
20240208;114207;7327.000000000;2;9565579069;B
20240208;114207;7325.000000000;1;9565579098;S
20240208;114222;7326.000000000;2;9565580834;B
20240208;114222;7327.000000000;2;9565580835;B
20240208;114222;7327.000000000;10;9565580836;B
20240208;114222;7327.000000000;8;9565580837;B
20240208;114229;7325.500000000;2;9565581533;S
20240208;114229;7325.500000000;27;9565581534;S
20240208;114230;7324.500000000;2;9565581635;S
20240208;114238;7325.000000000;1;9565582478;B
20240208;114243;7325.000000000;22;9565583000;B
20240208;114243;7325.000000000;48;9565583055;B
20240208;114245;7325.000000000;2;9565583210;S
20240208;114245;7325.000000000;11;9565583211;S
20240208;114250;7325.500000000;2;9565583900;S
20240208;114301;7325.500000000;18;9565585088;S
20240208;114301;7325.000000000;2;9565585089;S
20240208;114302;7324.500000000;1;9565585135;S
20240208;114302;7324.500000000;2;9565585207;S
20240208;114304;7325.000000000;22;9565585325;B
20240208;114305;7324.500000000;1;9565585421;S
20240208;114310;7324.500000000;80;9565586027;S
20240208;114324;7324.500000000;3;9565587584;S
20240208;114325;7325.000000000;22;9565587656;B
20240208;114326;7325.000000000;3;9565587796;B
20240208;114326;7325.000000000;28;9565587811;B
20240208;114327;7325.000000000;5;9565587926;B
20240208;114327;7325.000000000;1;9565587927;B
20240208;114328;7325.500000000;4;9565588179;S
20240208;114329;7325.500000000;6;9565588223;S
20240208;114335;7325.000000000;21;9565588915;S
20240208;114335;7325.000000000;10;9565588916;S
20240208;114335;7325.000000000;5;9565588917;S
20240208;114336;7325.000000000;15;9565589038;B
20240208;114346;7325.000000000;22;9565590063;B
20240208;114349;7324.500000000;2;9565590554;S
20240208;114355;7324.500000000;6;9565591234;S
20240208;114355;7324.500000000;15;9565591235;S
20240208;114355;7324.500000000;7;9565591236;S
20240208;114356;7325.000000000;2;9565591338;B
20240208;114357;7325.000000000;1;9565591533;B
20240208;114406;7325.000000000;22;9565592522;B
20240208;114410;7325.000000000;1;9565593007;B
20240208;114417;7325.000000000;1;9565593827;B
20240208;114419;7324.500000000;8;9565593996;S
20240208;114422;7324.000000000;3;9565594423;S
20240208;114423;7324.000000000;7;9565594474;S
20240208;114423;7324.000000000;23;9565594475;S
20240208;114423;7324.000000000;1;9565594500;S
20240208;114425;7324.500000000;2;9565594740;B
20240208;114425;7324.500000000;2;9565594741;B
20240208;114427;7324.500000000;10;9565594883;B
20240208;114427;7325.000000000;12;9565594884;B
20240208;114436;7325.000000000;19;9565595913;B
20240208;114437;7325.000000000;1;9565596122;B
20240208;114438;7325.000000000;9;9565596220;B
20240208;114440;7324.500000000;1;9565596421;S
20240208;114442;7324.500000000;10;9565596855;S
20240208;114445;7325.000000000;9;9565597332;B
20240208;114445;7325.000000000;11;9565597333;B
20240208;114447;7325.000000000;1;9565597685;B
20240208;114448;7325.000000000;5;9565597898;B
20240208;114448;7325.000000000;2;9565597899;B
20240208;114448;7325.000000000;2;9565597900;B
20240208;114448;7325.000000000;1;9565597901;B
20240208;114448;7325.500000000;7;9565597902;B
20240208;114448;7326.000000000;4;9565597903;B
20240208;114448;7326.000000000;1;9565597904;B
20240208;114451;7325.500000000;2;9565598357;B
20240208;114455;7325.000000000;11;9565598894;S
20240208;114501;7325.000000000;4;9565599952;B
20240208;114502;7325.000000000;35;9565600005;B
20240208;114502;7325.000000000;8;9565600006;B
20240208;114505;7324.500000000;1;9565600255;S
20240208;114505;7324.500000000;5;9565600291;S
20240208;114509;7324.500000000;21;9565600802;B
20240208;114509;7325.000000000;1;9565600803;B
20240208;114513;7325.000000000;1;9565601206;B
20240208;114526;7324.000000000;1;9565602517;S
20240208;114527;7325.000000000;1;9565602610;B
20240208;114530;7325.000000000;22;9565602877;B
20240208;114534;7325.000000000;26;9565603256;B
20240208;114534;7325.000000000;10;9565603257;B
20240208;114534;7325.000000000;1;9565603258;B
20240208;114534;7325.500000000;1;9565603259;B
20240208;114534;7325.500000000;50;9565603260;B
20240208;114534;7326.000000000;9;9565603261;B
20240208;114534;7326.000000000;1;9565603262;B
20240208;114534;7326.000000000;5;9565603263;B
20240208;114534;7326.500000000;20;9565603264;B
20240208;114534;7326.500000000;28;9565603265;B
20240208;114534;7327.000000000;2;9565603266;B
20240208;114534;7327.500000000;4;9565603267;B
20240208;114534;7327.500000000;52;9565603268;B
20240208;114534;7328.000000000;1;9565603269;B
20240208;114538;7328.000000000;4;9565603671;B
20240208;114538;7329.500000000;1;9565603672;B
20240208;114538;7329.500000000;1;9565603673;B
20240208;114538;7329.500000000;1;9565603674;B
20240208;114538;7329.500000000;1;9565603675;B
20240208;114538;7329.500000000;1;9565603676;B
20240208;114538;7330.000000000;4;9565603677;B
20240208;114538;7330.000000000;1;9565603678;B
20240208;114538;7328.000000000;2;9565603679;S
20240208;114538;7329.500000000;15;9565603681;S
20240208;114538;7329.500000000;6;9565603682;S
20240208;114538;7327.000000000;9;9565603776;S
20240208;114538;7326.500000000;10;9565603777;S
20240208;114538;7326.500000000;57;9565603778;S
20240208;114538;7326.000000000;20;9565603779;S
20240208;114538;7326.000000000;10;9565603780;S
20240208;114538;7324.000000000;75;9565603781;S
20240208;114538;7323.500000000;19;9565603782;S
20240208;114551;7324.000000000;10;9565605270;B
20240208;114551;7327.000000000;10;9565605271;B
20240208;114551;7327.000000000;2;9565605272;B
20240208;114554;7324.500000000;8;9565605585;B
20240208;114605;7324.000000000;1;9565607043;B
20240208;114612;7324.000000000;1;9565607761;B
20240208;114612;7324.000000000;19;9565607762;B
20240208;114612;7325.000000000;2;9565607763;B
20240208;114618;7325.000000000;10;9565608444;S
20240208;114621;7324.500000000;17;9565608646;S
20240208;114622;7324.000000000;4;9565608811;S
20240208;114630;7324.000000000;4;9565609836;S
20240208;114631;7324.000000000;8;9565609996;S
20240208;114633;7324.500000000;22;9565610205;B
20240208;114636;7324.500000000;12;9565610764;B
20240208;114636;7324.500000000;10;9565610765;B
20240208;114636;7325.000000000;9;9565610766;B
20240208;114636;7327.000000000;8;9565610767;B
20240208;114636;7328.000000000;20;9565610768;B
20240208;114636;7329.000000000;7;9565610769;B
20240208;114636;7329.500000000;58;9565610770;B
20240208;114636;7330.000000000;3;9565610771;B
20240208;114636;7330.000000000;42;9565610772;B
20240208;114636;7330.000000000;2;9565610773;B
20240208;114654;7329.000000000;9;9565612771;B
20240208;114654;7329.500000000;2;9565612772;B
20240208;114654;7330.000000000;11;9565612773;B
20240208;114654;7326.000000000;2;9565612789;S
20240208;114701;7325.500000000;4;9565613492;S
20240208;114701;7325.500000000;4;9565613493;S
20240208;114701;7325.000000000;2;9565613494;S
20240208;114701;7325.000000000;9;9565613495;S
20240208;114701;7325.000000000;9;9565613496;S
20240208;114701;7324.000000000;84;9565613497;S
20240208;114702;7323.500000000;10;9565613605;S
20240208;114703;7324.000000000;1;9565613684;B
20240208;114710;7323.000000000;1;9565614494;S
20240208;114712;7324.000000000;1;9565614745;B
20240208;114712;7323.000000000;2;9565614768;S
20240208;114712;7322.500000000;8;9565614769;S
20240208;114715;7324.500000000;11;9565615094;B
20240208;114715;7324.500000000;9;9565615095;B
20240208;114715;7324.500000000;2;9565615096;B
20240208;114717;7322.000000000;1;9565615523;S
20240208;114720;7322.000000000;1;9565615754;S
20240208;114725;7321.000000000;1;9565616318;S
20240208;114730;7321.000000000;1;9565616849;S
20240208;114730;7320.500000000;27;9565616850;S
20240208;114730;7320.000000000;1;9565616851;S
20240208;114730;7320.000000000;1;9565616852;S
20240208;114730;7320.000000000;9;9565616853;S
20240208;114736;7320.000000000;22;9565617711;B
20240208;114740;7319.500000000;1;9565618287;S
20240208;114740;7319.500000000;1;9565618329;S
20240208;114740;7319.500000000;8;9565618330;S
20240208;114740;7319.000000000;1;9565618331;S
20240208;114740;7319.000000000;1;9565618332;S
20240208;114740;7320.000000000;1;9565618344;B
20240208;114749;7318.000000000;8;9565619936;S
20240208;114749;7318.000000000;1;9565619954;S
20240208;114754;7317.000000000;1;9565620446;S
20240208;114754;7317.000000000;1;9565620447;S
20240208;114755;7317.000000000;1;9565620559;S
20240208;114755;7317.000000000;3;9565620648;S
20240208;114755;7317.000000000;1;9565620649;S
20240208;114755;7317.000000000;1;9565620650;S
20240208;114755;7317.000000000;2;9565620651;S
20240208;114755;7316.500000000;3;9565620652;S
20240208;114755;7316.500000000;9;9565620653;S
20240208;114755;7316.500000000;7;9565620654;S
20240208;114755;7316.500000000;27;9565620655;S
20240208;114755;7315.500000000;10;9565620656;S
20240208;114755;7315.000000000;5;9565620657;S
20240208;114755;7315.000000000;5;9565620658;S
20240208;114755;7315.000000000;15;9565620659;S
20240208;114755;7315.000000000;5;9565620660;S
20240208;114755;7315.000000000;1;9565620661;S
20240208;114755;7314.500000000;20;9565620662;S
20240208;114755;7313.500000000;4;9565620663;S
20240208;114755;7313.500000000;20;9565620664;S
20240208;114755;7313.000000000;1;9565620665;S
20240208;114755;7313.000000000;1;9565620666;S
20240208;114755;7313.000000000;13;9565620667;S
20240208;114755;7313.000000000;10;9565620668;S
20240208;114755;7312.500000000;1;9565620669;S
20240208;114755;7312.500000000;2;9565620670;S
20240208;114755;7312.500000000;34;9565620671;S
20240208;114755;7315.500000000;1;9565620673;S
20240208;114756;7316.000000000;1;9565620784;B
20240208;114756;7316.000000000;9;9565620785;B
20240208;114756;7316.500000000;12;9565620786;B
20240208;114758;7315.000000000;1;9565620962;S
20240208;114759;7315.500000000;1;9565621036;B
20240208;114759;7315.500000000;1;9565621040;S
20240208;114803;7313.500000000;1;9565621730;S
20240208;114804;7314.000000000;7;9565621794;S
20240208;114805;7315.500000000;1;9565621965;B
20240208;114817;7315.500000000;1;9565623567;B
20240208;114817;7316.000000000;21;9565623568;B
20240208;114818;7316.500000000;2;9565623640;B
20240208;114818;7317.000000000;1;9565623641;B
20240208;114818;7318.500000000;8;9565623642;B
20240208;114818;7319.000000000;11;9565623643;B
20240208;114818;7320.000000000;78;9565623644;B
20240208;114821;7316.500000000;1;9565623932;S
20240208;114823;7316.500000000;1;9565624345;S
20240208;114823;7316.500000000;13;9565624346;S
20240208;114823;7316.000000000;8;9565624347;S
20240208;114823;7316.000000000;23;9565624348;S
20240208;114827;7316.500000000;1;9565624727;S
20240208;114838;7318.500000000;8;9565625834;B
20240208;114838;7319.000000000;14;9565625835;B
20240208;114842;7317.000000000;1;9565626246;S
20240208;114842;7317.000000000;1;9565626286;B
20240208;114844;7316.500000000;2;9565626460;S
20240208;114846;7316.000000000;1;9565626573;S
20240208;114850;7316.500000000;1;9565626970;B
20240208;114850;7316.000000000;3;9565626980;S
20240208;114852;7316.000000000;7;9565627229;S
20240208;114859;7316.000000000;14;9565628074;B
20240208;114859;7316.000000000;2;9565628075;B
20240208;114859;7316.000000000;1;9565628076;B
20240208;114859;7316.500000000;5;9565628077;B
20240208;114902;7316.000000000;3;9565628363;S
20240208;114902;7315.500000000;12;9565628440;S
20240208;114904;7315.500000000;1;9565628602;S
20240208;114918;7315.500000000;1;9565629940;S
20240208;114919;7316.000000000;1;9565630025;B
20240208;114920;7315.500000000;5;9565630122;S
20240208;114920;7315.500000000;2;9565630123;S
20240208;114920;7316.000000000;6;9565630177;B
20240208;114920;7316.000000000;4;9565630178;B
20240208;114920;7316.500000000;8;9565630179;B
20240208;114920;7316.500000000;4;9565630180;B
20240208;114920;7316.500000000;1;9565630188;B
20240208;114923;7316.000000000;1;9565630412;S
20240208;114923;7316.000000000;1;9565630413;S
20240208;114924;7316.000000000;3;9565630578;S
20240208;114941;7316.500000000;5;9565632520;B
20240208;114941;7318.000000000;8;9565632521;B
20240208;114941;7318.500000000;9;9565632522;B
20240208;114944;7316.500000000;3;9565632900;S
20240208;114946;7316.500000000;2;9565633028;S
20240208;114949;7318.500000000;1;9565633257;B
20240208;114949;7319.000000000;1;9565633258;B
20240208;114952;7317.500000000;4;9565633528;S
20240208;114957;7317.500000000;1;9565633955;S
20240208;114958;7317.000000000;1;9565634046;S
20240208;114959;7317.000000000;2;9565634142;S
20240208;115002;7318.500000000;8;9565634445;B
20240208;115002;7319.000000000;14;9565634446;B
20240208;115003;7317.500000000;1;9565634540;S
20240208;115003;7317.500000000;1;9565634541;S
20240208;115011;7317.000000000;1;9565635418;S
20240208;115019;7317.000000000;3;9565636286;S
20240208;115019;7317.000000000;1;9565636287;S
20240208;115020;7317.000000000;6;9565636392;S
20240208;115023;7317.000000000;2;9565636725;B
20240208;115023;7318.500000000;8;9565636726;B
20240208;115023;7319.000000000;12;9565636727;B
20240208;115023;7317.000000000;1;9565636812;S
20240208;115032;7316.500000000;2;9565638071;S
20240208;115037;7316.500000000;1;9565638626;S
20240208;115042;7316.500000000;4;9565639286;S
20240208;115043;7317.000000000;1;9565639449;B
20240208;115044;7317.000000000;3;9565639493;B
20240208;115044;7317.500000000;8;9565639494;B
20240208;115044;7318.000000000;10;9565639495;B
20240208;115044;7319.000000000;1;9565639496;B
20240208;115049;7316.500000000;5;9565640124;S
20240208;115052;7316.500000000;3;9565640463;S
20240208;115053;7316.500000000;5;9565640595;S
20240208;115053;7316.500000000;14;9565640596;S
20240208;115053;7316.500000000;53;9565640599;S
20240208;115053;7316.500000000;1;9565640600;S
20240208;115053;7316.500000000;1;9565640623;S
20240208;115054;7316.500000000;1;9565640686;S
20240208;115054;7316.500000000;3;9565640687;S
20240208;115054;7316.500000000;1;9565640729;S
20240208;115054;7316.500000000;2;9565640739;S
20240208;115054;7316.500000000;1;9565640740;S
20240208;115058;7316.500000000;2;9565641088;S
20240208;115102;7316.500000000;1;9565641553;S
20240208;115102;7316.000000000;1;9565641558;S
20240208;115102;7316.000000000;1;9565641559;S
20240208;115102;7316.000000000;8;9565641578;S
20240208;115102;7315.500000000;11;9565641579;S
20240208;115102;7315.500000000;2;9565641580;S
20240208;115102;7315.000000000;7;9565641581;S
20240208;115102;7315.000000000;9;9565641582;S
20240208;115102;7315.000000000;69;9565641583;S
20240208;115102;7315.000000000;22;9565641584;S
20240208;115102;7315.000000000;25;9565641585;S
20240208;115102;7315.000000000;3;9565641586;S
20240208;115102;7314.000000000;12;9565641588;S
20240208;115102;7314.000000000;4;9565641589;S
20240208;115102;7314.000000000;44;9565641590;S
20240208;115102;7313.500000000;1;9565641591;S
20240208;115102;7313.000000000;6;9565641594;S
20240208;115102;7313.000000000;3;9565641601;S
20240208;115105;7313.500000000;7;9565642006;B
20240208;115105;7314.500000000;8;9565642007;B
20240208;115105;7315.000000000;7;9565642008;B
20240208;115122;7315.000000000;1;9565644061;B
20240208;115123;7313.500000000;20;9565644205;S
20240208;115123;7313.000000000;1;9565644206;S
20240208;115123;7313.000000000;8;9565644207;S
20240208;115123;7313.000000000;11;9565644208;S
20240208;115123;7312.500000000;2;9565644209;S
20240208;115123;7312.500000000;10;9565644210;S
20240208;115123;7312.500000000;1;9565644211;S
20240208;115123;7313.000000000;20;9565644220;S
20240208;115123;7312.500000000;10;9565644221;S
20240208;115123;7312.500000000;10;9565644222;S
20240208;115123;7312.000000000;1;9565644223;S
20240208;115123;7312.500000000;5;9565644225;S
20240208;115124;7312.500000000;9;9565644259;S
20240208;115124;7312.000000000;10;9565644267;S
20240208;115126;7313.500000000;12;9565644505;B
20240208;115126;7314.000000000;7;9565644506;B
20240208;115126;7314.000000000;3;9565644507;B
20240208;115137;7312.000000000;1;9565645934;S
20240208;115137;7312.000000000;8;9565645982;S
20240208;115137;7312.000000000;10;9565645983;S
20240208;115137;7312.000000000;7;9565645984;S
20240208;115137;7311.500000000;25;9565645985;S
20240208;115138;7311.500000000;6;9565646069;S
20240208;115139;7311.500000000;136;9565646205;S
20240208;115142;7311.500000000;3;9565646441;S
20240208;115142;7311.500000000;1;9565646442;S
20240208;115142;7311.500000000;3;9565646443;S
20240208;115142;7311.500000000;10;9565646444;S
20240208;115142;7311.000000000;3;9565646445;S
20240208;115142;7311.000000000;1;9565646468;S
20240208;115142;7311.000000000;1;9565646478;S
20240208;115142;7311.000000000;2;9565646489;S
20240208;115143;7311.000000000;6;9565646529;S
20240208;115143;7311.000000000;10;9565646530;S
20240208;115143;7311.000000000;2;9565646531;S
20240208;115143;7310.500000000;23;9565646532;S
20240208;115143;7310.500000000;1;9565646548;B
20240208;115143;7310.500000000;1;9565646549;B
20240208;115143;7311.000000000;10;9565646550;B
20240208;115143;7311.000000000;11;9565646551;B
20240208;115143;7313.500000000;12;9565646552;B
20240208;115143;7313.500000000;3;9565646553;B
20240208;115143;7313.000000000;11;9565646596;S
20240208;115143;7313.000000000;3;9565646740;S
20240208;115143;7313.000000000;1;9565646741;S
20240208;115143;7310.500000000;24;9565646742;S
20240208;115143;7310.000000000;5;9565646743;S
20240208;115143;7310.000000000;2;9565646744;S
20240208;115143;7310.000000000;1;9565646745;S
20240208;115143;7310.000000000;5;9565646746;S
20240208;115143;7310.000000000;2;9565646747;S
20240208;115143;7310.000000000;1;9565646748;S
20240208;115143;7310.000000000;10;9565646749;S
20240208;115143;7310.000000000;5;9565646750;S
20240208;115143;7310.000000000;77;9565646751;S
20240208;115144;7310.500000000;10;9565646807;S
20240208;115144;7310.500000000;2;9565646808;S
20240208;115144;7310.500000000;9;9565646809;S
20240208;115144;7310.000000000;223;9565646810;S
20240208;115144;7310.000000000;5;9565646811;S
20240208;115144;7310.000000000;1;9565646812;S
20240208;115144;7310.000000000;50;9565646813;S
20240208;115144;7310.000000000;9;9565646814;S
20240208;115144;7310.000000000;141;9565646816;S
20240208;115144;7310.000000000;10;9565646817;S
20240208;115144;7310.000000000;10;9565646818;S
20240208;115144;7310.000000000;12;9565646819;S
20240208;115144;7309.500000000;3;9565646820;S
20240208;115144;7309.000000000;10;9565646821;S
20240208;115144;7308.000000000;4;9565646822;S
20240208;115144;7308.000000000;1;9565646823;S
20240208;115144;7307.500000000;10;9565646824;S
20240208;115144;7307.000000000;20;9565646825;S
20240208;115144;7307.000000000;20;9565646826;S
20240208;115144;7306.500000000;3;9565646827;S
20240208;115144;7306.500000000;5;9565646828;S
20240208;115144;7306.500000000;27;9565646829;S
20240208;115144;7306.000000000;2;9565646830;S
20240208;115144;7306.000000000;10;9565646831;S
20240208;115144;7306.000000000;20;9565646832;S
20240208;115144;7305.500000000;3;9565646833;S
20240208;115144;7305.000000000;150;9565646834;S
20240208;115144;7305.000000000;1;9565646835;S
20240208;115144;7305.000000000;8;9565646836;S
20240208;115144;7305.000000000;1;9565646837;S
20240208;115144;7305.000000000;20;9565646838;S
20240208;115144;7304.000000000;1;9565646839;S
20240208;115144;7304.000000000;40;9565646840;S
20240208;115144;7303.500000000;3;9565646841;S
20240208;115144;7303.500000000;2;9565646842;S
20240208;115144;7303.000000000;10;9565646843;S
20240208;115144;7302.500000000;14;9565646844;S
20240208;115144;7302.500000000;1;9565646845;S
20240208;115144;7302.500000000;10;9565646846;S
20240208;115144;7302.500000000;40;9565646847;S
20240208;115144;7302.500000000;20;9565646848;S
20240208;115144;7302.000000000;1;9565646849;S
20240208;115144;7302.000000000;35;9565646850;S
20240208;115144;7301.500000000;21;9565646851;S
20240208;115144;7301.000000000;3;9565646852;S
20240208;115144;7301.000000000;3;9565646853;S
20240208;115144;7301.000000000;3;9565646854;S
20240208;115144;7301.000000000;5;9565646855;S
20240208;115144;7301.000000000;1;9565646856;S
20240208;115144;7301.000000000;1;9565646857;S
20240208;115144;7301.000000000;5;9565646858;S
20240208;115144;7301.000000000;2;9565646859;S
20240208;115144;7301.000000000;2;9565646860;S
20240208;115144;7301.000000000;8;9565646861;S
20240208;115144;7301.000000000;10;9565646862;S
20240208;115144;7301.000000000;20;9565646863;S
20240208;115144;7300.500000000;10;9565646864;S
20240208;115144;7300.500000000;170;9565646865;S
20240208;115144;7300.000000000;2;9565646866;S
20240208;115144;7300.000000000;25;9565646867;S
20240208;115144;7300.000000000;41;9565646868;S
20240208;115144;7309.500000000;10;9565646879;S
20240208;115144;7308.500000000;10;9565646880;B
20240208;115144;7308.000000000;10;9565646881;B
20240208;115144;7307.500000000;10;9565646883;S
20240208;115144;7307.500000000;10;9565646884;S
20240208;115144;7307.000000000;10;9565646886;S
20240208;115144;7307.000000000;10;9565646887;S
20240208;115144;7307.000000000;10;9565646888;S
20240208;115144;7302.000000000;3;9565646889;S
20240208;115144;7302.000000000;4;9565646890;S
20240208;115144;7306.500000000;10;9565646891;S
20240208;115144;7306.000000000;7;9565646896;S
20240208;115144;7302.000000000;50;9565647000;S
20240208;115144;7302.000000000;20;9565647001;S
20240208;115144;7301.500000000;12;9565647002;S
20240208;115144;7301.000000000;27;9565647003;S
20240208;115144;7301.000000000;4;9565647004;S
20240208;115144;7301.000000000;55;9565647005;S
20240208;115144;7300.000000000;29;9565647006;S
20240208;115144;7300.000000000;6;9565647007;S
20240208;115144;7300.000000000;3;9565647008;S
20240208;115144;7300.000000000;10;9565647009;S
20240208;115144;7300.000000000;2;9565647010;S
20240208;115144;7300.000000000;2;9565647011;S
20240208;115144;7300.000000000;5;9565647012;S
20240208;115144;7300.000000000;100;9565647013;S
20240208;115144;7300.000000000;15;9565647014;S
20240208;115144;7300.000000000;1;9565647015;S
20240208;115144;7300.000000000;1;9565647016;S
20240208;115144;7298.500000000;10;9565647017;S
20240208;115144;7298.500000000;1;9565647018;S
20240208;115144;7298.500000000;7;9565647019;S
20240208;115144;7299.500000000;1;9565647029;S
20240208;115144;7299.500000000;2;9565647030;S
20240208;115144;7299.000000000;13;9565647031;S
20240208;115144;7299.000000000;45;9565647032;S
20240208;115144;7299.000000000;4;9565647033;S
20240208;115144;7299.000000000;10;9565647034;S
20240208;115144;7298.500000000;20;9565647060;S
20240208;115144;7298.500000000;3;9565647061;S
20240208;115145;7298.500000000;4;9565647068;S
20240208;115145;7298.500000000;1;9565647069;S
20240208;115145;7298.500000000;7;9565647070;S
20240208;115145;7298.500000000;4;9565647092;S
20240208;115145;7298.500000000;23;9565647094;S
20240208;115145;7298.500000000;4;9565647095;S
20240208;115145;7297.500000000;8;9565647098;S
20240208;115145;7297.000000000;3;9565647099;S
20240208;115145;7297.000000000;1;9565647100;S
20240208;115145;7297.000000000;40;9565647101;S
20240208;115145;7297.000000000;12;9565647102;S
20240208;115145;7295.500000000;1;9565647103;S
20240208;115145;7295.000000000;10;9565647104;S
20240208;115145;7295.000000000;1;9565647105;S
20240208;115145;7295.000000000;94;9565647106;S
20240208;115145;7295.500000000;8;9565647108;S
20240208;115145;7295.500000000;1;9565647111;S
20240208;115145;7295.500000000;2;9565647112;S
20240208;115145;7295.000000000;87;9565647113;S
20240208;115145;7295.000000000;16;9565647114;S
20240208;115145;7295.000000000;27;9565647136;S
20240208;115145;7295.000000000;27;9565647137;S
20240208;115145;7295.000000000;13;9565647138;S
20240208;115145;7294.500000000;15;9565647139;S
20240208;115145;7294.500000000;12;9565647140;S
20240208;115145;7294.000000000;1;9565647141;S
20240208;115145;7294.000000000;8;9565647142;S
20240208;115145;7293.500000000;10;9565647143;S
20240208;115145;7293.000000000;10;9565647144;S
20240208;115145;7293.000000000;20;9565647145;S
20240208;115145;7292.500000000;1;9565647146;S
20240208;115145;7292.000000000;1;9565647147;S
20240208;115145;7292.000000000;3;9565647148;S
20240208;115145;7292.000000000;27;9565647149;S
20240208;115145;7292.000000000;200;9565647150;S
20240208;115145;7292.000000000;200;9565647151;S
20240208;115145;7291.000000000;4;9565647152;S
20240208;115145;7291.000000000;20;9565647153;S
20240208;115145;7290.500000000;10;9565647154;S
20240208;115145;7290.500000000;20;9565647155;S
20240208;115145;7290.000000000;7;9565647156;S
20240208;115145;7290.000000000;20;9565647157;S
20240208;115145;7290.000000000;2;9565647158;S
20240208;115145;7290.000000000;1;9565647159;S
20240208;115145;7290.000000000;15;9565647160;S
20240208;115145;7290.000000000;1;9565647161;S
20240208;115145;7290.000000000;2;9565647162;S
20240208;115145;7289.000000000;200;9565647163;S
20240208;115145;7289.000000000;20;9565647164;S
20240208;115145;7288.500000000;134;9565647165;S
20240208;115145;7288.500000000;40;9565647166;S
20240208;115145;7288.000000000;10;9565647167;S
20240208;115145;7287.000000000;20;9565647168;S
20240208;115145;7287.000000000;40;9565647169;S
20240208;115145;7286.500000000;50;9565647170;S
20240208;115145;7286.000000000;12;9565647171;S
20240208;115145;7286.000000000;21;9565647172;S
20240208;115145;7285.500000000;2;9565647173;S
20240208;115145;7285.500000000;200;9565647174;S
20240208;115145;7285.000000000;1;9565647175;S
20240208;115145;7285.000000000;100;9565647176;S
20240208;115145;7285.000000000;1;9565647177;S
20240208;115145;7285.000000000;54;9565647178;S
20240208;115145;7285.000000000;20;9565647179;S
20240208;115145;7284.000000000;10;9565647180;S
20240208;115145;7284.000000000;300;9565647181;S
20240208;115145;7283.500000000;2;9565647182;S
20240208;115145;7283.000000000;200;9565647183;S
20240208;115145;7283.000000000;48;9565647184;S
20240208;115145;7286.000000000;12;9565647195;S
20240208;115145;7285.500000000;8;9565647196;S
20240208;115145;7285.500000000;1;9565647197;S
20240208;115145;7285.500000000;10;9565647198;S
20240208;115145;7285.500000000;1;9565647199;S
20240208;115145;7283.500000000;20;9565647200;S
20240208;115145;7283.500000000;4;9565647201;S
20240208;115145;7286.000000000;26;9565647209;S
20240208;115145;7286.000000000;1;9565647212;S
20240208;115145;7285.500000000;9;9565647213;S
20240208;115145;7291.000000000;4;9565647218;B
20240208;115145;7286.500000000;3;9565647226;S
20240208;115145;7286.500000000;15;9565647228;S
20240208;115145;7290.500000000;1;9565647231;B
20240208;115145;7291.000000000;2;9565647250;B
20240208;115145;7286.500000000;3;9565647271;S
20240208;115145;7291.000000000;19;9565647279;B
20240208;115145;7291.500000000;11;9565647280;B
20240208;115145;7287.000000000;2;9565647284;S
20240208;115145;7287.000000000;2;9565647286;S
20240208;115145;7287.000000000;16;9565647287;S
20240208;115145;7286.500000000;4;9565647288;S
20240208;115145;7287.000000000;3;9565647292;S
20240208;115145;7287.000000000;1;9565647307;S
20240208;115145;7286.500000000;2;9565647308;S
20240208;115145;7286.500000000;2;9565647309;S
20240208;115146;7286.500000000;32;9565647311;S
20240208;115146;7286.500000000;27;9565647312;S
20240208;115146;7285.500000000;6;9565647313;S
20240208;115146;7285.000000000;12;9565647314;S
20240208;115146;7284.000000000;13;9565647315;S
20240208;115146;7291.000000000;45;9565647318;S
20240208;115146;7291.000000000;1;9565647322;S
20240208;115146;7291.000000000;10;9565647323;S
20240208;115146;7291.000000000;1;9565647326;S
20240208;115146;7291.000000000;1;9565647327;S
20240208;115146;7291.000000000;19;9565647341;S
20240208;115146;7284.500000000;31;9565647342;S
20240208;115146;7284.500000000;1;9565647343;S
20240208;115146;7284.500000000;10;9565647344;S
20240208;115146;7284.000000000;3;9565647345;S
20240208;115146;7284.000000000;24;9565647347;S
20240208;115146;7284.000000000;6;9565647348;S
20240208;115146;7283.500000000;17;9565647349;S
20240208;115146;7284.000000000;1;9565647350;S
20240208;115146;7284.000000000;7;9565647363;S
20240208;115146;7284.000000000;2;9565647364;S
20240208;115146;7284.000000000;7;9565647367;S
20240208;115146;7284.000000000;10;9565647369;S
20240208;115146;7283.000000000;30;9565647370;S
20240208;115146;7283.000000000;1;9565647382;S
20240208;115146;7283.000000000;1;9565647383;S
20240208;115146;7282.000000000;1;9565647385;S
20240208;115146;7282.000000000;8;9565647388;S
20240208;115146;7282.000000000;2;9565647389;S
20240208;115146;7282.000000000;1;9565647391;S
20240208;115146;7282.000000000;1;9565647394;S
20240208;115146;7282.000000000;1;9565647395;S
20240208;115146;7282.000000000;1;9565647396;S
20240208;115146;7286.000000000;1;9565647408;S
20240208;115146;7282.000000000;24;9565647409;S
20240208;115146;7282.000000000;1;9565647424;S
20240208;115146;7282.000000000;1;9565647425;S
20240208;115146;7282.000000000;1;9565647426;S
20240208;115146;7282.000000000;1;9565647428;S
20240208;115146;7282.000000000;1;9565647429;S
20240208;115146;7282.000000000;32;9565647430;S
20240208;115146;7282.000000000;5;9565647431;S
20240208;115146;7286.500000000;1;9565647441;B
20240208;115146;7288.000000000;49;9565647442;B
20240208;115146;7282.500000000;8;9565647450;S
20240208;115146;7282.500000000;2;9565647452;S
20240208;115146;7290.500000000;19;9565647459;B
20240208;115146;7291.000000000;1;9565647460;B
20240208;115146;7292.000000000;5;9565647487;S
20240208;115146;7292.000000000;1;9565647494;S
20240208;115146;7292.000000000;3;9565647518;S
20240208;115146;7292.000000000;1;9565647538;S
20240208;115146;7292.000000000;20;9565647549;S
20240208;115146;7292.000000000;24;9565647550;S
20240208;115146;7292.000000000;76;9565647551;S
20240208;115146;7292.000000000;20;9565647552;S
20240208;115146;7292.000000000;20;9565647553;S
20240208;115146;7291.000000000;10;9565647554;S
20240208;115146;7290.000000000;1;9565647555;S
20240208;115146;7292.500000000;20;9565647561;B
20240208;115146;7292.500000000;2;9565647562;B
20240208;115147;7292.500000000;8;9565647595;B
20240208;115147;7292.500000000;20;9565647596;B
20240208;115147;7293.000000000;3;9565647597;B
20240208;115147;7293.000000000;9;9565647598;B
20240208;115147;7293.000000000;10;9565647599;B
20240208;115147;7294.000000000;10;9565647600;B
20240208;115147;7294.000000000;20;9565647601;S
20240208;115147;7294.000000000;1;9565647607;S
20240208;115147;7294.000000000;15;9565647611;S
20240208;115148;7296.500000000;77;9565647742;B
20240208;115148;7296.500000000;20;9565647743;B
20240208;115148;7297.500000000;10;9565647744;B
20240208;115148;7297.500000000;27;9565647745;B
20240208;115148;7298.000000000;4;9565647746;B
20240208;115148;7299.000000000;14;9565647747;B
20240208;115148;7299.000000000;20;9565647748;B
20240208;115148;7300.000000000;1;9565647749;B
20240208;115148;7300.000000000;30;9565647750;B
20240208;115148;7300.000000000;29;9565647751;B
20240208;115148;7300.000000000;1;9565647752;B
20240208;115148;7300.000000000;2;9565647753;B
20240208;115148;7300.000000000;50;9565647754;B
20240208;115148;7300.000000000;15;9565647755;B
20240208;115148;7300.000000000;10;9565647756;B
20240208;115148;7300.000000000;40;9565647757;B
20240208;115148;7301.000000000;1;9565647758;B
20240208;115148;7301.000000000;1;9565647759;B
20240208;115148;7301.000000000;20;9565647760;B
20240208;115148;7302.000000000;10;9565647761;B
20240208;115148;7303.000000000;20;9565647762;B
20240208;115148;7303.000000000;40;9565647763;B
20240208;115148;7305.000000000;23;9565647764;B
20240208;115148;7305.000000000;20;9565647765;B
20240208;115148;7305.000000000;40;9565647766;B
20240208;115148;7306.000000000;3;9565647767;B
20240208;115148;7307.000000000;20;9565647768;B
20240208;115148;7308.000000000;20;9565647769;B
20240208;115148;7309.000000000;250;9565647770;B
20240208;115148;7309.000000000;58;9565647771;B
20240208;115148;7309.500000000;1;9565647772;B
20240208;115148;7310.000000000;13;9565647773;B
20240208;115148;7315.000000000;6;9565647774;B
20240208;115148;7315.000000000;1;9565647775;B
20240208;115148;7315.500000000;200;9565647776;B
20240208;115148;7317.000000000;1;9565647777;B
20240208;115148;7318.000000000;20;9565647778;B
20240208;115148;7318.000000000;200;9565647779;B
20240208;115148;7319.000000000;8;9565647780;B
20240208;115148;7319.000000000;1;9565647781;B
20240208;115148;7319.000000000;2;9565647782;B
20240208;115148;7319.000000000;10;9565647783;B
20240208;115148;7319.000000000;200;9565647784;B
20240208;115148;7319.000000000;87;9565647785;B
20240208;115148;7306.000000000;12;9565647820;S
20240208;115149;7306.500000000;4;9565648014;S
20240208;115150;7306.500000000;50;9565648056;S
20240208;115150;7306.500000000;2;9565648059;S
20240208;115150;7306.500000000;74;9565648115;S
20240208;115158;7305.500000000;2;9565649223;B
20240208;115203;7304.500000000;70;9565650266;S
20240208;115203;7304.500000000;10;9565650267;S
20240208;115203;7304.000000000;20;9565650268;S
20240208;115203;7301.500000000;3;9565650269;S
20240208;115203;7300.500000000;10;9565650270;S
20240208;115203;7300.500000000;2;9565650271;S
20240208;115203;7300.000000000;7;9565650272;S
20240208;115203;7300.000000000;38;9565650274;B
20240208;115207;7301.500000000;17;9565650748;B
20240208;115207;7302.000000000;2;9565650749;B
20240208;115207;7302.000000000;3;9565650750;B
20240208;115210;7302.000000000;1;9565651041;B
20240208;115211;7302.000000000;1;9565651177;B
20240208;115212;7300.500000000;5;9565651228;S
20240208;115212;7300.500000000;1;9565651229;S
20240208;115212;7300.000000000;1;9565651230;S
20240208;115212;7300.000000000;1;9565651231;S
20240208;115212;7298.500000000;10;9565651232;S
20240208;115212;7298.000000000;20;9565651233;S
20240208;115212;7297.000000000;4;9565651234;S
20240208;115212;7296.500000000;10;9565651235;S
20240208;115212;7296.000000000;48;9565651236;S
20240208;115213;7300.500000000;5;9565651377;B
20240208;115214;7300.000000000;2;9565651432;S
20240208;115215;7300.500000000;1;9565651489;B
20240208;115218;7300.000000000;2;9565651836;S
20240208;115221;7300.000000000;6;9565652148;S
20240208;115221;7300.000000000;1;9565652149;S
20240208;115221;7300.000000000;3;9565652150;S
20240208;115222;7300.000000000;3;9565652313;S
20240208;115223;7300.000000000;40;9565652383;S
20240208;115225;7300.500000000;1;9565652510;B
20240208;115228;7300.500000000;1;9565652890;B
20240208;115228;7301.000000000;7;9565652891;B
20240208;115228;7302.000000000;3;9565652892;B
20240208;115228;7302.000000000;10;9565652893;B
20240208;115228;7302.000000000;1;9565652894;B
20240208;115230;7300.000000000;14;9565653107;S
20240208;115230;7300.000000000;1;9565653108;S
20240208;115230;7300.000000000;7;9565653109;S
20240208;115236;7300.000000000;1;9565653651;B
20240208;115245;7299.500000000;1;9565654453;S
20240208;115245;7297.000000000;2;9565654454;S
20240208;115249;7299.000000000;22;9565654809;B
20240208;115253;7299.000000000;1;9565655139;B
20240208;115253;7299.000000000;1;9565655249;B
20240208;115254;7299.000000000;1;9565655267;B
20240208;115254;7299.000000000;1;9565655303;B
20240208;115254;7299.000000000;1;9565655326;B
20240208;115256;7298.000000000;58;9565655498;S
20240208;115257;7298.000000000;17;9565655631;S
20240208;115300;7298.000000000;7;9565655928;S
20240208;115308;7298.000000000;4;9565656816;S
20240208;115308;7298.000000000;4;9565656820;S
20240208;115308;7297.000000000;5;9565656821;S
20240208;115310;7297.000000000;4;9565657005;B
20240208;115310;7297.500000000;9;9565657006;B
20240208;115310;7298.000000000;9;9565657007;B
20240208;115313;7295.500000000;3;9565657312;S
20240208;115320;7297.000000000;1;9565657820;S
20240208;115323;7295.500000000;2;9565658209;S
20240208;115323;7295.500000000;7;9565658210;S
20240208;115324;7295.500000000;4;9565658405;S
20240208;115325;7295.500000000;2;9565658479;S
20240208;115327;7295.500000000;1;9565658659;S
20240208;115328;7295.500000000;1;9565658760;S
20240208;115329;7295.500000000;12;9565658808;S
20240208;115329;7295.500000000;1;9565658809;S
20240208;115329;7294.500000000;10;9565658810;S
20240208;115329;7294.500000000;2;9565658811;S
20240208;115329;7294.500000000;11;9565658812;S
20240208;115330;7295.000000000;1;9565658888;B
20240208;115331;7295.000000000;8;9565658999;B
20240208;115331;7296.000000000;14;9565659000;B
20240208;115342;7295.500000000;1;9565660114;B
20240208;115345;7295.500000000;9;9565660455;B
20240208;115345;7296.000000000;10;9565660456;B
20240208;115345;7296.500000000;50;9565660457;B
20240208;115345;7298.000000000;10;9565660458;B
20240208;115345;7298.000000000;20;9565660459;B
20240208;115345;7298.500000000;1;9565660460;B
20240208;115347;7295.000000000;1;9565660663;S
20240208;115350;7299.000000000;1;9565660947;B
20240208;115352;7299.000000000;1;9565661119;B
20240208;115352;7299.000000000;5;9565661120;B
20240208;115352;7299.000000000;1;9565661121;B
20240208;115352;7299.000000000;6;9565661122;B
20240208;115352;7299.000000000;9;9565661123;B
20240208;115402;7297.000000000;1;9565662190;S
20240208;115402;7296.000000000;2;9565662191;S
20240208;115409;7298.500000000;1;9565662865;B
20240208;115413;7298.500000000;2;9565663143;B
20240208;115413;7299.000000000;20;9565663144;B
20240208;115416;7295.500000000;9;9565663407;S
20240208;115416;7295.500000000;1;9565663408;S
20240208;115420;7299.000000000;2;9565663742;B
20240208;115423;7295.500000000;9;9565664136;S
20240208;115423;7295.500000000;1;9565664137;S
20240208;115423;7295.000000000;14;9565664138;S
20240208;115423;7295.000000000;5;9565664139;S
20240208;115423;7294.500000000;9;9565664140;S
20240208;115423;7294.500000000;1;9565664141;S
20240208;115423;7294.500000000;20;9565664142;S
20240208;115423;7293.500000000;2;9565664143;S
20240208;115423;7293.500000000;199;9565664144;B
20240208;115423;7293.000000000;10;9565664368;S
20240208;115423;7292.500000000;10;9565664369;S
20240208;115428;7296.500000000;1;9565664774;B
20240208;115428;7297.500000000;2;9565664775;B
20240208;115428;7298.000000000;9;9565664776;B
20240208;115428;7298.000000000;58;9565664777;B
20240208;115428;7298.500000000;10;9565664778;B
20240208;115434;7299.000000000;19;9565665291;B
20240208;115434;7299.000000000;1;9565665292;B
20240208;115434;7299.000000000;2;9565665293;B
20240208;115437;7299.500000000;1;9565665616;B
20240208;115441;7295.500000000;21;9565665895;S
20240208;115441;7295.000000000;9;9565665896;S
20240208;115441;7295.000000000;5;9565665897;S
20240208;115441;7295.000000000;1;9565665898;S
20240208;115441;7294.000000000;20;9565665899;S
20240208;115441;7293.500000000;10;9565665900;S
20240208;115441;7293.000000000;20;9565665901;S
20240208;115441;7292.500000000;10;9565665902;S
20240208;115441;7292.000000000;13;9565665903;S
20240208;115441;7292.000000000;10;9565665904;S
20240208;115441;7291.500000000;1;9565665905;S
20240208;115441;7291.500000000;30;9565665906;S
20240208;115443;7294.500000000;8;9565666094;S
20240208;115449;7298.000000000;5;9565666591;S
20240208;115455;7297.000000000;7;9565667063;B
20240208;115455;7297.500000000;9;9565667064;B
20240208;115455;7298.000000000;4;9565667065;B
20240208;115455;7298.000000000;2;9565667066;B
20240208;115458;7298.000000000;1;9565667465;B
20240208;115459;7298.000000000;17;9565667633;B
20240208;115459;7298.500000000;6;9565667634;B
20240208;115459;7299.000000000;5;9565667636;B
20240208;115500;7298.500000000;21;9565667710;S
20240208;115500;7298.500000000;9;9565667711;S
20240208;115500;7298.000000000;120;9565667712;S
20240208;115515;7299.500000000;2;9565669235;B
20240208;115515;7299.500000000;9;9565669236;B
20240208;115515;7299.500000000;1;9565669237;B
20240208;115515;7299.500000000;4;9565669238;B
20240208;115515;7299.500000000;6;9565669239;B
20240208;115521;7299.000000000;1;9565669821;S
20240208;115521;7299.000000000;21;9565669822;S
20240208;115521;7298.500000000;128;9565669823;S
20240208;115524;7298.500000000;1;9565670064;S
20240208;115524;7298.500000000;48;9565670080;S
20240208;115527;7298.500000000;23;9565670308;S
20240208;115527;7298.000000000;63;9565670309;S
20240208;115527;7298.000000000;100;9565670310;S
20240208;115529;7295.000000000;2;9565670470;S
20240208;115531;7295.000000000;1;9565670576;S
20240208;115532;7295.000000000;7;9565670761;S
20240208;115536;7297.500000000;21;9565671191;B
20240208;115536;7298.000000000;1;9565671192;B
20240208;115553;7296.500000000;1;9565672695;S
20240208;115553;7296.000000000;5;9565672696;S
20240208;115557;7298.000000000;8;9565673162;B
20240208;115557;7298.000000000;14;9565673163;B
20240208;115616;7298.000000000;1;9565675117;B
20240208;115618;7298.000000000;5;9565675417;B
20240208;115618;7298.500000000;17;9565675418;B
20240208;115622;7296.500000000;21;9565675779;S
20240208;115622;7296.000000000;1;9565675780;S
20240208;115622;7296.000000000;5;9565675781;S
20240208;115622;7296.000000000;8;9565675782;S
20240208;115625;7298.000000000;3;9565676085;B
20240208;115625;7298.000000000;1;9565676086;B
20240208;115625;7298.500000000;3;9565676087;B
20240208;115625;7298.500000000;40;9565676088;B
20240208;115625;7299.000000000;1;9565676089;B
20240208;115625;7299.000000000;15;9565676090;B
20240208;115625;7299.000000000;9;9565676091;B
20240208;115625;7299.500000000;9;9565676092;B
20240208;115625;7299.500000000;3;9565676093;B
20240208;115625;7299.500000000;30;9565676094;B
20240208;115625;7299.500000000;15;9565676095;B
20240208;115625;7300.000000000;64;9565676096;B
20240208;115625;7300.000000000;17;9565676097;B
20240208;115632;7300.000000000;25;9565676976;B
20240208;115639;7299.500000000;10;9565677686;B
20240208;115639;7299.500000000;9;9565677687;B
20240208;115639;7300.000000000;3;9565677688;B
20240208;115642;7300.000000000;25;9565677891;B
20240208;115644;7300.000000000;50;9565678090;B
20240208;115644;7300.000000000;16;9565678091;B
20240208;115647;7300.000000000;1;9565678290;B
20240208;115647;7300.000000000;2;9565678343;B
20240208;115656;7299.500000000;47;9565679183;B
20240208;115656;7299.500000000;15;9565679184;B
20240208;115656;7300.000000000;111;9565679185;B
20240208;115656;7300.000000000;2;9565679186;B
20240208;115656;7300.000000000;120;9565679187;B
20240208;115656;7300.000000000;40;9565679188;B
20240208;115656;7300.000000000;50;9565679189;B
20240208;115656;7300.000000000;5;9565679190;B
20240208;115656;7300.000000000;1;9565679191;B
20240208;115656;7300.000000000;9;9565679192;B
20240208;115656;7301.500000000;15;9565679193;B
20240208;115656;7301.500000000;25;9565679194;B
20240208;115657;7303.000000000;20;9565679314;B
20240208;115659;7302.000000000;1;9565679407;S
20240208;115659;7301.500000000;1;9565679408;S
20240208;115659;7301.500000000;3;9565679409;S
20240208;115700;7303.000000000;20;9565679524;B
20240208;115700;7304.500000000;2;9565679525;B
20240208;115703;7304.500000000;3;9565679860;B
20240208;115703;7304.500000000;3;9565679861;B
20240208;115703;7304.500000000;20;9565679887;B
20240208;115709;7304.500000000;1;9565680450;B
20240208;115718;7303.500000000;1;9565681497;B
20240208;115719;7302.000000000;2;9565681615;B
20240208;115720;7301.500000000;1;9565681662;S
20240208;115720;7301.000000000;2;9565681663;S
20240208;115720;7301.000000000;1;9565681664;S
20240208;115721;7303.500000000;1;9565681746;B
20240208;115721;7304.000000000;21;9565681747;B
20240208;115737;7302.500000000;1;9565683221;S
20240208;115737;7302.500000000;1;9565683247;B
20240208;115742;7302.500000000;2;9565683650;B
20240208;115742;7302.500000000;1;9565683651;B
20240208;115742;7303.000000000;9;9565683652;B
20240208;115742;7303.000000000;1;9565683653;B
20240208;115742;7303.500000000;9;9565683654;B
20240208;115754;7304.000000000;19;9565684721;B
20240208;115755;7304.000000000;21;9565684854;B
20240208;115755;7304.000000000;1;9565684855;B
20240208;115755;7304.500000000;16;9565684856;B
20240208;115755;7304.500000000;2;9565684857;B
20240208;115800;7304.500000000;1;9565685344;S
20240208;115800;7304.000000000;1;9565685345;S
20240208;115803;7305.500000000;1;9565685622;B
20240208;115803;7305.500000000;9;9565685623;B
20240208;115803;7306.000000000;12;9565685624;B
20240208;115805;7303.500000000;1;9565685791;S
20240208;115808;7303.500000000;20;9565686056;S
20240208;115808;7303.500000000;1;9565686057;S
20240208;115808;7303.000000000;2;9565686058;S
20240208;115808;7303.000000000;9;9565686059;S
20240208;115808;7302.500000000;4;9565686060;S
20240208;115808;7302.000000000;5;9565686061;S
20240208;115808;7302.000000000;9;9565686062;S
20240208;115818;7305.000000000;1;9565687002;S
20240208;115824;7305.000000000;9;9565687560;B
20240208;115824;7305.500000000;9;9565687561;B
20240208;115824;7305.500000000;4;9565687562;B
20240208;115830;7305.500000000;1;9565688095;B
20240208;115830;7305.500000000;1;9565688096;B
20240208;115830;7305.500000000;1;9565688097;B
20240208;115830;7305.500000000;6;9565688098;B
20240208;115834;7305.000000000;2;9565688512;B
20240208;115841;7305.500000000;9;9565689145;B
20240208;115841;7305.500000000;6;9565689146;B
20240208;115845;7305.500000000;21;9565689488;B
20240208;115845;7306.000000000;1;9565689489;B
20240208;115847;7305.500000000;1;9565689771;B
20240208;115851;7305.000000000;1;9565690046;S
20240208;115857;7305.500000000;4;9565690533;S
20240208;115857;7306.000000000;20;9565690591;B
20240208;115858;7306.000000000;1;9565690636;B
20240208;115858;7306.000000000;6;9565690637;B
20240208;115905;7307.000000000;22;9565691310;B
20240208;115906;7307.000000000;18;9565691358;B
20240208;115906;7307.000000000;9;9565691359;B
20240208;115912;7308.000000000;2;9565691894;B
20240208;115912;7308.000000000;9;9565691895;B
20240208;115912;7308.500000000;2;9565691896;B
20240208;115912;7308.500000000;40;9565691897;B
20240208;115912;7308.500000000;20;9565691898;B
20240208;115912;7308.500000000;27;9565691899;B
20240208;115912;7309.000000000;3;9565691900;B
20240208;115912;7309.000000000;25;9565691901;B
20240208;115912;7309.500000000;4;9565691902;B
20240208;115912;7309.500000000;100;9565691903;B
20240208;115912;7310.000000000;1;9565691904;B
20240208;115912;7310.000000000;1;9565691905;B
20240208;115912;7310.000000000;66;9565691906;B
20240208;115914;7309.500000000;27;9565692009;B
20240208;115914;7309.500000000;2;9565692010;B
20240208;115914;7310.000000000;16;9565692011;B
20240208;115920;7310.000000000;1;9565692565;B
20240208;115921;7310.000000000;150;9565692648;B
20240208;115923;7310.000000000;20;9565692789;B
20240208;115924;7309.500000000;1;9565692883;S
20240208;115926;7310.000000000;22;9565693150;B
20240208;115930;7310.000000000;3;9565693453;B
20240208;115933;7310.000000000;31;9565693761;B
20240208;115935;7310.000000000;41;9565694074;B
20240208;115935;7310.000000000;9;9565694075;B
20240208;115938;7310.000000000;19;9565694291;B
20240208;115938;7310.000000000;1;9565694292;B
20240208;115938;7310.000000000;20;9565694293;B
20240208;115939;7310.000000000;10;9565694711;B
20240208;115941;7310.000000000;1;9565694890;S
20240208;115943;7310.500000000;1;9565695075;B
20240208;115943;7309.500000000;1;9565695129;S
20240208;115943;7309.500000000;5;9565695130;S
20240208;115943;7308.500000000;2;9565695131;S
20240208;115943;7308.500000000;9;9565695132;S
20240208;115943;7308.000000000;1;9565695133;S
20240208;115943;7308.000000000;20;9565695134;S
20240208;115943;7306.000000000;10;9565695135;S
20240208;115943;7305.500000000;2;9565695136;S
20240208;115947;7309.500000000;3;9565695505;B
20240208;115947;7309.500000000;3;9565695506;B
20240208;115947;7310.000000000;16;9565695507;B
20240208;115948;7306.000000000;1;9565695561;S
20240208;115954;7309.500000000;1;9565696138;B
20240208;115959;7309.000000000;1;9565696641;S
20240208;115959;7308.000000000;1;9565696642;S
20240208;120002;7307.500000000;1;9565696873;S
20240208;120003;7307.500000000;1;9565696958;S
20240208;120004;7308.000000000;1;9565697169;B
20240208;120004;7308.000000000;1;9565697170;B
20240208;120004;7308.500000000;8;9565697171;B
20240208;120005;7307.000000000;1;9565697243;S
20240208;120006;7307.000000000;1;9565697435;S
20240208;120007;7307.000000000;1;9565697567;S
20240208;120008;7307.500000000;9;9565697655;B
20240208;120008;7308.000000000;13;9565697656;B
20240208;120011;7307.000000000;1;9565697973;S
20240208;120011;7306.000000000;1;9565697974;S
20240208;120011;7305.000000000;9;9565697975;S
20240208;120011;7305.000000000;9;9565697976;S
20240208;120011;7304.000000000;10;9565697977;S
20240208;120011;7304.000000000;13;9565697978;S
20240208;120011;7303.000000000;10;9565697979;S
20240208;120011;7303.000000000;20;9565697980;S
20240208;120011;7302.500000000;27;9565697981;S
20240208;120013;7306.000000000;1;9565698162;S
20240208;120016;7304.000000000;1;9565698530;S
20240208;120016;7302.000000000;6;9565698531;S
20240208;120016;7302.000000000;4;9565698532;S
20240208;120016;7301.500000000;3;9565698533;S
20240208;120016;7301.500000000;10;9565698534;S
20240208;120016;7301.500000000;31;9565698535;S
20240208;120016;7301.000000000;35;9565698536;S
20240208;120016;7301.000000000;10;9565698537;S
20240208;120022;7303.500000000;2;9565699175;B
20240208;120029;7303.000000000;1;9565699938;S
20240208;120029;7303.500000000;1;9565699959;B
20240208;120029;7303.500000000;21;9565699960;B
20240208;120030;7303.500000000;14;9565700133;B
20240208;120033;7302.000000000;1;9565700777;S
20240208;120035;7302.000000000;1;9565701025;S
20240208;120035;7301.000000000;1;9565701026;S
20240208;120035;7300.500000000;3;9565701027;S
20240208;120035;7300.500000000;5;9565701028;S
20240208;120036;7300.500000000;2;9565701046;S
20240208;120036;7300.000000000;8;9565701047;S
20240208;120040;7301.000000000;1;9565701538;S
20240208;120040;7300.500000000;9;9565701539;S
20240208;120040;7300.500000000;1;9565701540;S
20240208;120040;7300.000000000;59;9565701541;S
20240208;120041;7300.000000000;33;9565701688;S
20240208;120041;7300.000000000;222;9565701689;S
20240208;120041;7300.000000000;2;9565701690;S
20240208;120041;7300.000000000;10;9565701691;S
20240208;120041;7300.000000000;1;9565701692;S
20240208;120041;7299.000000000;20;9565701693;S
20240208;120041;7299.000000000;1;9565701694;S
20240208;120042;7298.000000000;20;9565701760;S
20240208;120049;7298.000000000;9;9565702533;B
20240208;120049;7299.000000000;13;9565702534;B
20240208;120049;7299.500000000;21;9565702535;B
20240208;120049;7300.000000000;26;9565702536;B
20240208;120050;7299.000000000;21;9565702657;B
20240208;120050;7299.500000000;1;9565702658;B
20240208;120051;7296.500000000;1;9565702737;S
20240208;120051;7296.000000000;3;9565702738;S
20240208;120051;7296.000000000;7;9565702739;S
20240208;120051;7295.500000000;1;9565702740;S
20240208;120051;7295.500000000;9;9565702741;S
20240208;120051;7295.500000000;21;9565702742;S
20240208;120051;7295.000000000;33;9565702743;S
20240208;120058;7297.000000000;1;9565703590;S
20240208;120100;7295.500000000;1;9565703742;S
20240208;120100;7298.000000000;1;9565703804;S
20240208;120100;7298.000000000;40;9565703805;S
20240208;120100;7295.500000000;4;9565703849;S
20240208;120100;7295.000000000;157;9565703850;S
20240208;120100;7295.000000000;50;9565703851;S
20240208;120100;7295.000000000;1;9565703852;S
20240208;120104;7294.000000000;1;9565704380;S
20240208;120104;7293.000000000;2;9565704401;S
20240208;120104;7293.000000000;8;9565704402;S
20240208;120104;7292.500000000;4;9565704403;S
20240208;120104;7292.500000000;20;9565704404;S
20240208;120105;7292.500000000;5;9565704489;S
20240208;120109;7295.000000000;1;9565704996;S
20240208;120109;7293.000000000;2;9565704997;S
20240208;120111;7297.000000000;2;9565705183;B
20240208;120111;7297.000000000;8;9565705184;B
20240208;120111;7297.500000000;12;9565705185;B
20240208;120121;7295.500000000;1;9565706582;S
20240208;120121;7294.000000000;7;9565706583;S
20240208;120121;7294.000000000;2;9565706584;S
20240208;120129;7298.000000000;1;9565707493;B
20240208;120129;7299.000000000;2;9565707494;B
20240208;120131;7296.500000000;1;9565707675;S
20240208;120132;7296.500000000;22;9565707725;B
20240208;120132;7296.500000000;2;9565707767;B
20240208;120132;7298.000000000;1;9565707768;B
20240208;120132;7298.000000000;9;9565707769;B
20240208;120132;7298.500000000;2;9565707770;B
20240208;120137;7298.500000000;1;9565708327;B
20240208;120140;7298.500000000;1;9565708624;S
20240208;120145;7298.000000000;1;9565709110;S
20240208;120146;7299.000000000;8;9565709192;B
20240208;120146;7299.500000000;5;9565709193;B
20240208;120146;7299.500000000;3;9565709194;B
20240208;120146;7300.000000000;24;9565709195;B
20240208;120153;7299.500000000;22;9565709865;B
20240208;120156;7298.000000000;1;9565710203;S
20240208;120156;7297.000000000;1;9565710204;S
20240208;120206;7298.500000000;2;9565711234;B
20240208;120208;7298.000000000;1;9565711516;S
20240208;120213;7298.000000000;2;9565712129;S
20240208;120214;7298.500000000;1;9565712273;B
20240208;120214;7298.500000000;8;9565712274;B
20240208;120214;7299.000000000;5;9565712275;B
20240208;120214;7299.000000000;6;9565712276;B
20240208;120214;7300.000000000;2;9565712277;B
20240208;120216;7298.000000000;1;9565712580;S
20240208;120216;7298.000000000;1;9565712581;S
20240208;120220;7298.000000000;9;9565713008;S
20240208;120220;7298.000000000;8;9565713009;S
20240208;120220;7298.000000000;1;9565713010;B
20240208;120227;7298.500000000;1;9565713739;S
20240208;120235;7300.000000000;22;9565714521;B
20240208;120236;7300.000000000;158;9565714647;B
20240208;120236;7300.000000000;1;9565714648;B
20240208;120236;7300.000000000;2;9565714649;B
20240208;120236;7300.000000000;4;9565714650;B
20240208;120236;7300.000000000;10;9565714651;B
20240208;120236;7300.500000000;8;9565714652;B
20240208;120236;7302.000000000;12;9565714653;B
20240208;120236;7302.000000000;20;9565714654;B
20240208;120236;7302.500000000;40;9565714655;B
20240208;120236;7303.500000000;10;9565714656;B
20240208;120236;7303.500000000;20;9565714657;B
20240208;120236;7304.500000000;20;9565714658;B
20240208;120236;7304.500000000;27;9565714659;B
20240208;120236;7305.000000000;10;9565714660;B
20240208;120236;7305.000000000;40;9565714661;B
20240208;120236;7306.000000000;20;9565714662;B
20240208;120236;7307.000000000;40;9565714663;B
20240208;120236;7307.500000000;40;9565714664;B
20240208;120236;7307.500000000;40;9565714665;B
20240208;120236;7308.000000000;1;9565714666;B
20240208;120236;7308.000000000;50;9565714667;B
20240208;120236;7308.500000000;20;9565714668;B
20240208;120236;7309.500000000;9;9565714669;B
20240208;120236;7310.000000000;1;9565714670;B
20240208;120236;7310.000000000;1;9565714671;B
20240208;120236;7310.000000000;58;9565714672;B
20240208;120236;7310.000000000;4;9565714673;B
20240208;120236;7310.500000000;20;9565714674;B
20240208;120236;7310.500000000;39;9565714675;B
20240208;120236;7311.000000000;50;9565714676;B
20240208;120236;7311.500000000;5;9565714677;B
20240208;120236;7311.500000000;60;9565714678;B
20240208;120236;7312.000000000;255;9565714679;B
20240208;120240;7307.500000000;2;9565715064;B
20240208;120240;7308.000000000;20;9565715065;B
20240208;120240;7308.500000000;3;9565715066;B
20240208;120245;7309.000000000;8;9565715624;B
20240208;120245;7309.500000000;20;9565715625;B
20240208;120245;7309.500000000;8;9565715626;B
20240208;120245;7309.500000000;4;9565715627;S
20240208;120247;7308.000000000;1;9565715841;S
20240208;120247;7308.000000000;4;9565715844;S
20240208;120249;7307.500000000;10;9565716001;B
20240208;120249;7308.000000000;9;9565716002;B
20240208;120251;7307.500000000;1;9565716199;B
20240208;120255;7307.500000000;9;9565716742;B
20240208;120255;7308.000000000;11;9565716743;B
20240208;120255;7308.500000000;2;9565716744;B
20240208;120257;7306.500000000;1;9565716893;S
20240208;120257;7306.000000000;1;9565716894;S
20240208;120259;7308.500000000;1;9565717190;B
20240208;120259;7308.500000000;7;9565717191;B
20240208;120303;7307.500000000;1;9565717638;S
20240208;120303;7305.500000000;1;9565717639;S
20240208;120309;7308.500000000;1;9565718229;B
20240208;120315;7307.000000000;1;9565718780;S
20240208;120316;7307.500000000;7;9565718925;B
20240208;120316;7307.500000000;15;9565718926;B
20240208;120318;7307.000000000;3;9565719090;S
20240208;120319;7307.000000000;5;9565719190;S
20240208;120321;7307.000000000;1;9565719364;S
20240208;120331;7306.000000000;20;9565720367;B
20240208;120337;7306.500000000;1;9565720908;B
20240208;120337;7306.500000000;6;9565720948;B
20240208;120337;7306.500000000;16;9565720949;B
20240208;120356;7306.000000000;2;9565723278;S
20240208;120356;7305.000000000;7;9565723279;S
20240208;120358;7305.000000000;9;9565723609;B
20240208;120358;7305.000000000;7;9565723610;B
20240208;120358;7306.500000000;4;9565723611;B
20240208;120358;7306.500000000;2;9565723612;B
20240208;120404;7303.500000000;1;9565724182;S
20240208;120404;7303.500000000;1;9565724183;S
20240208;120404;7303.500000000;13;9565724184;S
20240208;120419;7304.000000000;21;9565726174;B
20240208;120419;7304.500000000;1;9565726175;B
20240208;120425;7304.500000000;1;9565726797;S
20240208;120429;7303.500000000;1;9565727310;S
20240208;120429;7302.500000000;2;9565727311;S
20240208;120429;7302.500000000;6;9565727312;S
20240208;120429;7302.000000000;17;9565727313;S
20240208;120429;7301.000000000;9;9565727314;S
20240208;120429;7300.500000000;1;9565727315;S
20240208;120429;7300.500000000;14;9565727316;S
20240208;120435;7300.000000000;10;9565728097;S
20240208;120440;7300.000000000;1;9565728701;S
20240208;120440;7299.500000000;20;9565728702;S
20240208;120440;7299.000000000;30;9565728703;S
20240208;120440;7299.000000000;6;9565728704;S
20240208;120440;7298.500000000;17;9565728705;S
20240208;120440;7298.000000000;11;9565728706;S
20240208;120440;7298.000000000;1;9565728707;S
20240208;120440;7298.000000000;5;9565728708;S
20240208;120440;7297.500000000;20;9565728709;S
20240208;120440;7297.500000000;10;9565728710;S
20240208;120440;7297.500000000;44;9565728711;S
20240208;120440;7297.000000000;200;9565728712;S
20240208;120440;7297.000000000;20;9565728713;S
20240208;120440;7295.500000000;10;9565728714;S
20240208;120440;7295.500000000;20;9565728715;S
20240208;120440;7294.500000000;27;9565728716;S
20240208;120440;7294.500000000;20;9565728717;S
20240208;120440;7293.500000000;20;9565728718;S
20240208;120440;7293.500000000;210;9565728719;S
20240208;120440;7292.500000000;40;9565728720;S
20240208;120440;7292.500000000;200;9565728721;S
20240208;120440;7292.500000000;40;9565728722;S
20240208;120440;7292.000000000;10;9565728723;S
20240208;120440;7292.000000000;1;9565728724;S
20240208;120440;7292.000000000;1;9565728725;S
20240208;120440;7292.000000000;1;9565728726;S
20240208;120440;7292.000000000;10;9565728727;S
20240208;120440;7291.500000000;20;9565728728;S
20240208;120440;7291.000000000;2;9565728729;S
20240208;120440;7290.500000000;60;9565728730;S
20240208;120440;7290.000000000;10;9565728731;S
20240208;120440;7290.000000000;30;9565728732;S
20240208;120440;7290.000000000;20;9565728733;S
20240208;120440;7290.000000000;20;9565728734;S
20240208;120440;7290.000000000;4;9565728735;S
20240208;120440;7290.000000000;20;9565728736;S
20240208;120440;7289.500000000;20;9565728737;S
20240208;120440;7289.000000000;1;9565728738;S
20240208;120440;7289.000000000;4;9565728739;S
20240208;120440;7288.500000000;8;9565728740;S
20240208;120440;7288.000000000;20;9565728741;S
20240208;120440;7288.000000000;2;9565728742;S
20240208;120440;7288.000000000;200;9565728743;S
20240208;120440;7287.500000000;10;9565728744;S
20240208;120440;7287.500000000;40;9565728745;S
20240208;120440;7287.000000000;60;9565728746;S
20240208;120440;7287.000000000;31;9565728747;S
20240208;120440;7286.500000000;10;9565728748;S
20240208;120440;7286.000000000;5;9565728749;S
20240208;120440;7286.000000000;100;9565728750;S
20240208;120440;7285.500000000;10;9565728751;S
20240208;120440;7285.500000000;100;9565728752;S
20240208;120440;7285.500000000;20;9565728753;S
20240208;120440;7285.500000000;40;9565728754;S
20240208;120440;7285.500000000;20;9565728755;S
20240208;120440;7285.000000000;50;9565728756;S
20240208;120440;7285.000000000;40;9565728757;S
20240208;120440;7285.000000000;1;9565728758;S
20240208;120440;7285.000000000;27;9565728759;S
20240208;120440;7292.500000000;4;9565728801;B
20240208;120440;7292.500000000;6;9565728802;B
20240208;120440;7293.000000000;12;9565728803;B
20240208;120440;7290.000000000;1;9565728837;S
20240208;120441;7290.000000000;20;9565728865;S
20240208;120441;7294.500000000;3;9565728885;B
20240208;120442;7295.000000000;20;9565729047;B
20240208;120442;7295.000000000;6;9565729048;B
20240208;120442;7296.000000000;10;9565729049;B
20240208;120442;7296.000000000;60;9565729050;B
20240208;120442;7297.000000000;4;9565729051;B
20240208;120443;7296.000000000;20;9565729136;B
20240208;120443;7296.500000000;6;9565729137;B
20240208;120443;7297.000000000;23;9565729138;B
20240208;120443;7298.000000000;20;9565729139;B
20240208;120443;7298.000000000;20;9565729140;B
20240208;120443;7298.000000000;11;9565729141;S
20240208;120443;7293.000000000;6;9565729142;S
20240208;120443;7293.000000000;1;9565729143;S
20240208;120443;7292.500000000;9;9565729144;S
20240208;120450;7295.000000000;1;9565729835;B
20240208;120453;7293.000000000;1;9565730232;S
20240208;120453;7292.500000000;3;9565730233;S
20240208;120459;7294.000000000;6;9565730971;B
20240208;120459;7294.000000000;21;9565730972;B
20240208;120459;7294.500000000;6;9565730973;B
20240208;120459;7294.500000000;17;9565730974;B
20240208;120501;7294.500000000;3;9565731212;B
20240208;120501;7294.500000000;3;9565731213;B
20240208;120501;7294.500000000;16;9565731214;B
20240208;120519;7294.000000000;2;9565733161;B
20240208;120522;7294.500000000;6;9565733738;B
20240208;120522;7294.500000000;5;9565733739;B
20240208;120522;7295.000000000;10;9565733740;B
20240208;120522;7295.000000000;1;9565733741;B
20240208;120522;7292.000000000;13;9565733816;S
20240208;120530;7291.500000000;4;9565734917;S
20240208;120530;7291.500000000;3;9565734918;S
20240208;120538;7290.000000000;1;9565736218;S
20240208;120538;7290.000000000;6;9565736219;S
20240208;120538;7289.500000000;13;9565736220;S
20240208;120539;7289.000000000;1;9565736278;S
20240208;120543;7292.500000000;6;9565736646;B
20240208;120543;7292.500000000;6;9565736647;B
20240208;120543;7292.500000000;10;9565736648;B
20240208;120547;7291.500000000;38;9565737279;S
20240208;120547;7291.000000000;6;9565737280;S
20240208;120547;7290.500000000;16;9565737281;S
20240208;120547;7289.000000000;4;9565737282;S
20240208;120547;7288.000000000;20;9565737283;S
20240208;120547;7286.500000000;1;9565737284;S
20240208;120547;7286.500000000;5;9565737285;S
20240208;120547;7286.500000000;10;9565737286;S
20240208;120547;7286.000000000;20;9565737287;S
20240208;120547;7285.500000000;40;9565737288;S
20240208;120547;7285.500000000;1;9565737289;S
20240208;120547;7285.500000000;10;9565737290;S
20240208;120547;7285.000000000;3;9565737291;S
20240208;120547;7285.000000000;2;9565737292;S
20240208;120547;7285.000000000;50;9565737293;S
20240208;120547;7285.000000000;5;9565737294;S
20240208;120547;7284.500000000;2;9565737295;S
20240208;120547;7284.500000000;21;9565737296;S
20240208;120547;7284.500000000;2;9565737297;S
20240208;120547;7284.000000000;60;9565737298;S
20240208;120547;7284.000000000;1;9565737299;S
20240208;120547;7284.000000000;10;9565737300;S
20240208;120547;7283.500000000;10;9565737301;S
20240208;120547;7283.500000000;2;9565737302;S
20240208;120547;7283.500000000;20;9565737303;S
20240208;120547;7283.000000000;1;9565737304;S
20240208;120547;7284.000000000;13;9565737305;S
20240208;120547;7283.500000000;10;9565737306;S
20240208;120547;7283.500000000;7;9565737307;S
20240208;120548;7284.000000000;6;9565737425;S
20240208;120548;7283.500000000;20;9565737426;S
20240208;120548;7283.000000000;17;9565737427;S
20240208;120602;7285.000000000;1;9565739121;S
20240208;120603;7285.000000000;1;9565739164;S
20240208;120603;7285.000000000;1;9565739165;S
20240208;120603;7284.500000000;6;9565739166;S
20240208;120603;7284.500000000;16;9565739167;S
20240208;120603;7284.500000000;6;9565739168;S
20240208;120604;7286.000000000;17;9565739235;B
20240208;120604;7287.000000000;5;9565739236;B
20240208;120606;7285.500000000;2;9565739441;S
20240208;120606;7285.000000000;1;9565739442;S
20240208;120606;7285.000000000;6;9565739443;S
20240208;120606;7285.000000000;9;9565739444;S
20240208;120608;7287.000000000;4;9565739701;B
20240208;120609;7287.500000000;2;9565739795;B
20240208;120609;7287.500000000;5;9565739796;B
20240208;120610;7288.000000000;10;9565739931;B
20240208;120611;7289.000000000;10;9565740077;B
20240208;120611;7289.000000000;1;9565740078;B
20240208;120611;7289.500000000;3;9565740079;B
20240208;120611;7289.500000000;6;9565740080;B
20240208;120613;7288.500000000;2;9565740333;S
20240208;120613;7288.500000000;2;9565740334;S
20240208;120613;7288.000000000;12;9565740335;S
20240208;120621;7289.000000000;2;9565741066;B
20240208;120621;7289.000000000;1;9565741068;B
20240208;120625;7289.000000000;3;9565741451;B
20240208;120625;7289.000000000;13;9565741452;B
20240208;120625;7289.500000000;6;9565741453;B
20240208;120630;7289.500000000;1;9565741975;B
20240208;120632;7289.500000000;1;9565742174;B
20240208;120643;7289.500000000;1;9565743366;B
20240208;120644;7289.500000000;11;9565743482;B
20240208;120644;7289.500000000;1;9565743483;B
20240208;120645;7289.500000000;2;9565743642;B
20240208;120645;7289.500000000;3;9565743643;B
20240208;120645;7290.000000000;17;9565743644;B
20240208;120646;7289.500000000;1;9565743765;B
20240208;120647;7290.000000000;12;9565743881;B
20240208;120647;7290.000000000;1;9565743882;B
20240208;120648;7289.500000000;6;9565743929;S
20240208;120648;7289.000000000;2;9565743930;S
20240208;120648;7289.000000000;16;9565743931;S
20240208;120648;7288.000000000;20;9565743932;S
20240208;120648;7287.500000000;2;9565743933;S
20240208;120648;7286.500000000;2;9565743934;S
20240208;120648;7286.500000000;7;9565743935;S
20240208;120648;7286.000000000;21;9565743936;S
20240208;120648;7285.500000000;20;9565743937;S
20240208;120648;7285.500000000;27;9565743938;S
20240208;120648;7284.500000000;4;9565743939;S
20240208;120648;7284.500000000;10;9565743940;S
20240208;120648;7284.000000000;2;9565743941;S
20240208;120648;7283.500000000;5;9565743942;S
20240208;120648;7283.500000000;20;9565743943;S
20240208;120648;7283.000000000;10;9565743944;S
20240208;120648;7283.000000000;1;9565743945;S
20240208;120648;7283.000000000;5;9565743946;S
20240208;120648;7282.500000000;5;9565743947;S
20240208;120648;7282.500000000;10;9565743948;S
20240208;120648;7282.500000000;1;9565743949;S
20240208;120648;7282.500000000;4;9565743950;S
20240208;120648;7282.000000000;300;9565743951;S
20240208;120648;7282.000000000;1;9565743952;S
20240208;120648;7282.000000000;10;9565743953;S
20240208;120648;7281.500000000;1;9565743954;S
20240208;120648;7281.500000000;1;9565743955;S
20240208;120648;7281.500000000;67;9565743956;S
20240208;120648;7285.000000000;10;9565743961;S
20240208;120648;7283.000000000;1;9565743986;S
20240208;120648;7283.000000000;2;9565744027;S
20240208;120649;7283.000000000;18;9565744117;S
20240208;120649;7282.500000000;8;9565744118;S
20240208;120702;7287.000000000;5;9565745866;B
20240208;120702;7287.000000000;10;9565745867;B
20240208;120702;7287.000000000;20;9565745868;B
20240208;120702;7287.500000000;100;9565745869;B
20240208;120702;7288.000000000;1;9565745870;B
20240208;120702;7288.000000000;6;9565745871;B
20240208;120702;7288.000000000;8;9565745890;S
20240208;120705;7288.000000000;13;9565746067;S
20240208;120705;7288.500000000;1;9565746089;B
20240208;120706;7289.000000000;20;9565746281;B
20240208;120706;7289.500000000;2;9565746282;B
20240208;120711;7288.500000000;1;9565746894;S
20240208;120727;7289.500000000;3;9565748564;B
20240208;120727;7289.500000000;1;9565748565;B
20240208;120727;7289.500000000;5;9565748566;B
20240208;120727;7290.000000000;13;9565748567;B
20240208;120729;7289.000000000;1;9565748775;S
20240208;120734;7290.000000000;5;9565749246;B
20240208;120737;7289.000000000;2;9565749585;S
20240208;120739;7290.000000000;7;9565749823;B
20240208;120745;7290.000000000;1;9565750429;B
20240208;120748;7290.000000000;22;9565750885;B
20240208;120748;7290.000000000;2;9565750886;B
20240208;120748;7290.000000000;1;9565750887;B
20240208;120748;7290.000000000;14;9565750888;B
20240208;120750;7290.000000000;2;9565751114;B
20240208;120750;7290.000000000;1;9565751115;B
20240208;120752;7290.000000000;3;9565751321;B
20240208;120800;7290.000000000;2;9565752050;B
20240208;120800;7290.000000000;1;9565752051;B
20240208;120802;7290.000000000;1;9565752192;B
20240208;120803;7290.000000000;16;9565752247;S
20240208;120803;7289.500000000;6;9565752248;S
20240208;120803;7289.000000000;8;9565752249;S
20240208;120803;7288.500000000;2;9565752250;S
20240208;120807;7290.500000000;1;9565752647;B
20240208;120809;7290.500000000;2;9565752890;B
20240208;120809;7291.000000000;8;9565752891;B
20240208;120809;7291.500000000;6;9565752892;B
20240208;120809;7291.500000000;2;9565752893;B
20240208;120809;7292.000000000;4;9565752894;B
20240208;120828;7290.000000000;6;9565754749;S
20240208;120828;7289.500000000;1;9565754750;S
20240208;120830;7291.000000000;9;9565754904;B
20240208;120830;7291.500000000;13;9565754905;B
20240208;120832;7291.500000000;7;9565755116;B
20240208;120832;7291.500000000;6;9565755117;B
20240208;120832;7292.500000000;5;9565755118;B
20240208;120832;7293.000000000;2;9565755119;B
20240208;120832;7293.000000000;5;9565755120;B
20240208;120832;7289.500000000;3;9565755327;S
20240208;120836;7291.500000000;1;9565755610;B
20240208;120836;7292.000000000;1;9565755611;B
20240208;120836;7292.500000000;2;9565755612;B
20240208;120845;7292.500000000;1;9565756571;B
20240208;120851;7291.000000000;20;9565757186;B
20240208;120851;7291.500000000;2;9565757187;B
20240208;120900;7290.000000000;1;9565758130;S
20240208;120909;7289.000000000;1;9565759005;S
20240208;120912;7290.500000000;6;9565759275;B
20240208;120912;7291.000000000;16;9565759276;B
20240208;120921;7289.000000000;1;9565760066;S
20240208;120930;7289.000000000;5;9565761083;S
20240208;120933;7291.000000000;3;9565761350;B
20240208;120933;7291.500000000;1;9565761351;B
20240208;120933;7292.000000000;2;9565761352;B
20240208;120933;7292.000000000;6;9565761353;B
20240208;120933;7292.000000000;10;9565761354;B
20240208;120954;7291.000000000;5;9565763438;B
20240208;120954;7291.500000000;6;9565763439;B
20240208;120954;7292.000000000;11;9565763440;B
20240208;120958;7289.500000000;9;9565763892;S
20240208;121012;7292.000000000;2;9565765367;B
20240208;121014;7292.000000000;2;9565765617;B
20240208;121014;7292.000000000;20;9565765618;B
20240208;121027;7292.000000000;1;9565766857;B
20240208;121029;7290.000000000;12;9565766989;S
20240208;121034;7290.500000000;1;9565767485;S
20240208;121035;7290.500000000;6;9565767607;B
20240208;121035;7291.500000000;6;9565767608;B
20240208;121035;7292.000000000;10;9565767609;B
20240208;121046;7292.000000000;9;9565768939;B
20240208;121046;7292.000000000;2;9565768940;B
20240208;121046;7292.500000000;6;9565768941;B
20240208;121050;7293.500000000;1;9565769295;B
20240208;121056;7293.500000000;6;9565769971;B
20240208;121056;7294.000000000;10;9565769972;B
20240208;121056;7294.000000000;1;9565769973;B
20240208;121056;7294.000000000;5;9565769974;B
20240208;121102;7294.500000000;3;9565770641;B
20240208;121109;7293.500000000;1;9565771222;B
20240208;121109;7294.000000000;5;9565771223;B
20240208;121109;7294.000000000;1;9565771224;B
20240208;121109;7294.000000000;6;9565771225;B
20240208;121109;7294.500000000;17;9565771226;B
20240208;121109;7294.500000000;6;9565771227;B
20240208;121109;7295.000000000;18;9565771228;B
20240208;121109;7294.500000000;20;9565771229;B
20240208;121109;7295.000000000;2;9565771230;B
20240208;121109;7295.000000000;6;9565771231;B
20240208;121109;7295.500000000;1;9565771232;B
20240208;121109;7295.500000000;21;9565771233;B
20240208;121112;7295.500000000;1;9565771524;B
20240208;121117;7294.000000000;7;9565771980;S
20240208;121117;7295.500000000;22;9565771992;B
20240208;121119;7294.500000000;12;9565772160;B
20240208;121126;7294.500000000;1;9565772889;B
20240208;121133;7294.500000000;6;9565773592;B
20240208;121135;7294.500000000;5;9565773847;B
20240208;121137;7294.500000000;5;9565773968;B
20240208;121138;7294.500000000;5;9565774052;B
20240208;121138;7295.000000000;22;9565774096;B
20240208;121146;7295.000000000;3;9565774861;B
20240208;121146;7295.000000000;2;9565774862;B
20240208;121151;7294.000000000;1;9565775318;S
20240208;121155;7295.000000000;3;9565775793;B
20240208;121155;7295.000000000;2;9565775794;B
20240208;121155;7295.000000000;33;9565775795;B
20240208;121156;7294.500000000;3;9565775898;S
20240208;121159;7295.500000000;22;9565776142;B
20240208;121202;7295.000000000;5;9565776425;B
20240208;121204;7295.500000000;134;9565776663;B
20240208;121204;7295.500000000;5;9565776664;B
20240208;121204;7295.500000000;1;9565776665;B
20240208;121208;7296.000000000;10;9565777094;B
20240208;121220;7297.000000000;1;9565778336;B
20240208;121220;7297.500000000;6;9565778337;B
20240208;121220;7297.500000000;10;9565778338;B
20240208;121220;7298.000000000;5;9565778339;B
20240208;121227;7295.500000000;1;9565779179;S
20240208;121241;7297.500000000;20;9565780638;B
20240208;121241;7297.500000000;2;9565780639;B
20240208;121244;7298.000000000;5;9565780926;B
20240208;121244;7298.000000000;20;9565780927;B
20240208;121244;7298.500000000;20;9565780928;B
20240208;121244;7298.500000000;10;9565780929;B
20240208;121244;7298.500000000;10;9565780930;B
20240208;121244;7298.500000000;20;9565780931;B
20240208;121244;7298.500000000;6;9565780932;B
20240208;121244;7299.000000000;200;9565780933;B
20240208;121244;7299.000000000;5;9565780934;B
20240208;121244;7299.000000000;4;9565780935;S
20240208;121248;7297.000000000;21;9565781367;S
20240208;121248;7296.500000000;15;9565781368;S
20240208;121248;7296.500000000;5;9565781369;S
20240208;121248;7295.500000000;15;9565781370;S
20240208;121248;7295.000000000;4;9565781371;S
20240208;121248;7294.500000000;1;9565781372;S
20240208;121248;7294.000000000;2;9565781373;S
20240208;121255;7297.500000000;5;9565782173;S
20240208;121258;7298.000000000;6;9565782573;B
20240208;121258;7298.500000000;25;9565782574;B
20240208;121258;7299.000000000;7;9565782575;B
20240208;121258;7299.000000000;20;9565782576;B
20240208;121258;7299.000000000;2;9565782577;S
20240208;121258;7299.000000000;1;9565782578;S
20240208;121300;7299.000000000;1;9565782801;S
20240208;121300;7299.000000000;1;9565782802;S
20240208;121301;7299.000000000;3;9565782912;S
20240208;121302;7299.500000000;9;9565782981;B
20240208;121302;7300.000000000;1;9565782982;B
20240208;121302;7300.000000000;3;9565782983;B
20240208;121302;7300.000000000;9;9565782984;B
20240208;121302;7299.000000000;1;9565783028;S
20240208;121314;7296.000000000;6;9565784396;S
20240208;121323;7297.500000000;2;9565785491;B
20240208;121323;7297.500000000;5;9565785492;B
20240208;121323;7298.000000000;5;9565785493;B
20240208;121323;7298.000000000;10;9565785494;B
20240208;121336;7295.500000000;1;9565786687;S
20240208;121344;7297.000000000;1;9565787310;B
20240208;121344;7297.500000000;1;9565787311;B
20240208;121344;7298.000000000;5;9565787312;B
20240208;121344;7298.500000000;5;9565787313;B
20240208;121344;7298.500000000;1;9565787314;B
20240208;121344;7298.500000000;1;9565787315;B
20240208;121344;7299.000000000;5;9565787316;B
20240208;121344;7299.000000000;3;9565787317;B
20240208;121350;7295.500000000;13;9565787937;S
20240208;121355;7295.500000000;2;9565788323;S
20240208;121355;7295.000000000;5;9565788324;S
20240208;121355;7295.000000000;15;9565788325;S
20240208;121355;7294.000000000;5;9565788326;S
20240208;121355;7293.000000000;14;9565788327;S
20240208;121355;7292.500000000;14;9565788328;S
20240208;121404;7295.500000000;5;9565789225;B
20240208;121404;7296.500000000;5;9565789226;B
20240208;121404;7297.000000000;12;9565789227;B
20240208;121421;7295.500000000;1;9565790946;S
20240208;121421;7295.000000000;1;9565790947;S
20240208;121425;7297.000000000;5;9565791407;B
20240208;121425;7297.500000000;5;9565791408;B
20240208;121425;7298.000000000;5;9565791409;B
20240208;121425;7298.000000000;7;9565791410;B
20240208;121427;7297.500000000;1;9565791555;B
20240208;121446;7296.500000000;5;9565793796;B
20240208;121446;7297.000000000;1;9565793797;B
20240208;121446;7297.000000000;3;9565793798;B
20240208;121446;7297.500000000;13;9565793799;B
20240208;121452;7296.500000000;5;9565795059;B
20240208;121452;7297.000000000;27;9565795060;B
20240208;121452;7297.500000000;37;9565795061;B
20240208;121452;7298.000000000;1;9565795062;B
20240208;121452;7298.500000000;58;9565795063;B
20240208;121452;7299.000000000;17;9565795064;B
20240208;121452;7299.000000000;5;9565795065;B
20240208;121452;7299.000000000;20;9565795066;B
20240208;121452;7299.500000000;40;9565795067;B
20240208;121452;7299.500000000;40;9565795068;B
20240208;121452;7299.500000000;30;9565795069;B
20240208;121452;7299.500000000;1;9565795070;B
20240208;121452;7299.500000000;20;9565795071;B
20240208;121452;7300.000000000;1;9565795072;B
20240208;121452;7300.000000000;5;9565795073;B
20240208;121452;7300.000000000;9;9565795074;B
20240208;121452;7300.000000000;2;9565795075;B
20240208;121452;7300.000000000;100;9565795076;B
20240208;121452;7300.500000000;31;9565795077;B
20240208;121452;7300.500000000;10;9565795078;B
20240208;121452;7301.500000000;20;9565795079;B
20240208;121452;7302.000000000;1;9565795080;B
20240208;121452;7302.000000000;20;9565795081;B
20240208;121452;7302.500000000;110;9565795082;B
20240208;121452;7302.500000000;40;9565795083;B
20240208;121452;7303.000000000;10;9565795084;B
20240208;121452;7303.000000000;50;9565795085;B
20240208;121452;7303.000000000;60;9565795086;B
20240208;121452;7303.500000000;40;9565795087;B
20240208;121452;7303.500000000;25;9565795088;B
20240208;121452;7304.000000000;10;9565795089;B
20240208;121452;7304.000000000;20;9565795090;B
20240208;121452;7304.500000000;1;9565795091;B
20240208;121452;7304.500000000;40;9565795092;B
20240208;121452;7305.000000000;40;9565795093;B
20240208;121452;7305.000000000;20;9565795094;B
20240208;121452;7305.000000000;10;9565795095;B
20240208;121452;7305.000000000;2;9565795096;B
20240208;121452;7305.500000000;1;9565795097;B
20240208;121452;7305.500000000;20;9565795098;B
20240208;121452;7306.000000000;27;9565795099;B
20240208;121452;7306.500000000;10;9565795100;B
20240208;121452;7307.000000000;9;9565795101;B
20240208;121452;7307.000000000;20;9565795102;B
20240208;121452;7307.500000000;2;9565795103;B
20240208;121452;7307.500000000;20;9565795104;B
20240208;121452;7307.500000000;20;9565795105;B
20240208;121452;7308.000000000;4;9565795106;B
20240208;121452;7308.500000000;4;9565795107;B
20240208;121452;7308.500000000;40;9565795108;B
20240208;121452;7309.000000000;25;9565795109;B
20240208;121452;7309.500000000;10;9565795110;B
20240208;121452;7309.500000000;21;9565795111;B
20240208;121452;7310.000000000;10;9565795112;B
20240208;121452;7310.000000000;3;9565795113;B
20240208;121452;7310.000000000;20;9565795114;B
20240208;121452;7310.000000000;200;9565795115;B
20240208;121452;7310.000000000;20;9565795116;B
20240208;121452;7311.000000000;6;9565795117;B
20240208;121452;7312.000000000;95;9565795118;B
20240208;121452;7312.000000000;20;9565795119;B
20240208;121452;7312.000000000;12;9565795120;B
20240208;121452;7312.000000000;5;9565795121;B
20240208;121452;7312.000000000;20;9565795122;B
20240208;121452;7312.000000000;4;9565795123;B
20240208;121452;7314.000000000;3;9565795124;B
20240208;121452;7314.000000000;20;9565795125;B
20240208;121452;7315.000000000;2;9565795126;B
20240208;121452;7315.000000000;1;9565795127;B
20240208;121452;7315.000000000;25;9565795128;B
20240208;121452;7315.000000000;100;9565795129;B
20240208;121452;7316.000000000;27;9565795130;B
20240208;121452;7316.000000000;20;9565795131;B
20240208;121452;7316.000000000;60;9565795132;B
20240208;121452;7316.000000000;200;9565795133;B
20240208;121452;7317.500000000;1;9565795134;B
20240208;121452;7317.500000000;20;9565795135;B
20240208;121452;7317.500000000;200;9565795136;B
20240208;121452;7317.500000000;4;9565795137;B
20240208;121452;7317.500000000;4;9565795138;B
20240208;121452;7318.000000000;1;9565795139;B
20240208;121452;7318.000000000;4;9565795140;B
20240208;121452;7318.500000000;500;9565795141;B
20240208;121452;7319.000000000;7;9565795142;B
20240208;121452;7319.000000000;10;9565795143;B
20240208;121452;7319.000000000;20;9565795144;B
20240208;121452;7319.500000000;1;9565795145;B
20240208;121452;7320.000000000;1;9565795146;B
20240208;121452;7320.000000000;100;9565795147;B
20240208;121452;7320.000000000;1;9565795148;B
20240208;121452;7320.000000000;2;9565795149;B
20240208;121452;7320.000000000;2;9565795150;B
20240208;121452;7320.000000000;1;9565795151;B
20240208;121452;7320.000000000;1;9565795152;B
20240208;121452;7320.000000000;10;9565795153;B
20240208;121452;7320.000000000;3;9565795154;B
20240208;121452;7320.000000000;3;9565795155;B
20240208;121452;7320.000000000;200;9565795156;B
20240208;121452;7320.000000000;1;9565795157;B
20240208;121452;7320.000000000;18;9565795158;B
20240208;121452;7322.000000000;200;9565795159;B
20240208;121452;7322.500000000;1;9565795160;B
20240208;121452;7323.500000000;500;9565795161;B
20240208;121452;7323.500000000;194;9565795162;B
20240208;121452;7324.000000000;3;9565795163;B
20240208;121452;7324.500000000;1;9565795164;B
20240208;121452;7324.500000000;1;9565795165;B
20240208;121452;7325.000000000;1;9565795166;B
20240208;121452;7325.000000000;200;9565795167;B
20240208;121452;7325.000000000;200;9565795168;B
20240208;121452;7325.500000000;200;9565795169;B
20240208;121452;7326.500000000;1;9565795170;B
20240208;121452;7326.500000000;100;9565795171;B
20240208;121452;7327.500000000;199;9565795172;B
20240208;121452;7299.500000000;10;9565795174;B
20240208;121452;7299.500000000;20;9565795179;B
20240208;121452;7299.500000000;10;9565795180;B
20240208;121452;7302.500000000;2;9565795181;B
20240208;121452;7319.000000000;58;9565795182;B
20240208;121452;7320.500000000;28;9565795184;S
20240208;121452;7320.500000000;20;9565795185;S
20240208;121452;7320.500000000;10;9565795186;S
20240208;121452;7320.500000000;20;9565795187;S
20240208;121452;7320.500000000;20;9565795188;S
20240208;121452;7320.500000000;27;9565795189;S
20240208;121452;7320.500000000;15;9565795190;S
20240208;121452;7313.500000000;15;9565795194;B
20240208;121452;7313.500000000;2;9565795196;S
20240208;121452;7318.000000000;6;9565795205;S
20240208;121452;7318.000000000;6;9565795206;S
20240208;121452;7318.000000000;2;9565795207;S
20240208;121452;7312.500000000;1;9565795217;S
20240208;121452;7313.000000000;1;9565795221;S
20240208;121452;7312.500000000;1;9565795222;S
20240208;121452;7312.500000000;1;9565795223;S
20240208;121452;7314.500000000;8;9565795224;B
20240208;121452;7315.500000000;5;9565795225;B
20240208;121452;7317.000000000;7;9565795226;B
20240208;121452;7313.000000000;1;9565795230;B
20240208;121452;7316.000000000;5;9565795232;B
20240208;121452;7317.000000000;21;9565795233;B
20240208;121452;7317.500000000;27;9565795234;B
20240208;121452;7317.500000000;5;9565795235;B
20240208;121452;7319.500000000;19;9565795236;S
20240208;121452;7313.500000000;2;9565795237;S
20240208;121452;7314.000000000;21;9565795238;S
20240208;121452;7314.000000000;1;9565795239;S
20240208;121452;7314.000000000;1;9565795240;S
20240208;121452;7319.000000000;15;9565795242;B
20240208;121452;7319.000000000;12;9565795243;B
20240208;121452;7319.000000000;15;9565795244;B
20240208;121452;7319.000000000;23;9565795245;B
20240208;121452;7319.000000000;22;9565795246;B
20240208;121452;7316.000000000;18;9565795247;B
20240208;121452;7315.000000000;17;9565795248;S
20240208;121452;7315.000000000;3;9565795252;S
20240208;121452;7315.000000000;14;9565795253;S
20240208;121452;7315.000000000;11;9565795254;B
20240208;121452;7315.000000000;12;9565795255;B
20240208;121452;7315.000000000;11;9565795256;B
20240208;121452;7315.000000000;23;9565795257;B
20240208;121452;7315.000000000;4;9565795258;B
20240208;121452;7314.500000000;2;9565795261;S
20240208;121452;7321.000000000;1;9565795280;B
20240208;121452;7320.000000000;2;9565795381;B
20240208;121452;7320.000000000;21;9565795382;B
20240208;121452;7320.000000000;3;9565795383;B
20240208;121452;7320.500000000;110;9565795384;B
20240208;121452;7320.500000000;1;9565795385;B
20240208;121455;7319.000000000;9;9565795790;S
20240208;121455;7319.000000000;41;9565795855;S
20240208;121455;7318.500000000;9;9565795856;S
20240208;121455;7318.500000000;14;9565795857;S
20240208;121457;7318.500000000;50;9565795987;S
20240208;121459;7319.000000000;1;9565796192;B
20240208;121501;7318.500000000;22;9565796406;S
20240208;121501;7318.500000000;50;9565796407;S
20240208;121502;7315.500000000;1;9565796630;S
20240208;121503;7315.500000000;1;9565796720;S
20240208;121504;7316.500000000;1;9565796946;S
20240208;121504;7316.500000000;1;9565796981;S
20240208;121504;7316.500000000;1;9565796982;S
20240208;121506;7317.000000000;1;9565797091;B
20240208;121506;7317.000000000;18;9565797092;B
20240208;121506;7317.000000000;5;9565797093;B
20240208;121507;7317.000000000;1;9565797281;B
20240208;121507;7317.000000000;21;9565797282;B
20240208;121512;7316.500000000;1;9565797762;B
20240208;121512;7316.500000000;5;9565797763;B
20240208;121512;7317.000000000;46;9565797764;B
20240208;121512;7317.500000000;2;9565797765;B
20240208;121528;7318.000000000;1;9565799491;B
20240208;121528;7318.000000000;5;9565799492;B
20240208;121528;7318.500000000;16;9565799493;B
20240208;121532;7319.000000000;22;9565799873;B
20240208;121532;7319.000000000;28;9565799956;B
20240208;121532;7319.500000000;5;9565799957;B
20240208;121539;7319.000000000;50;9565800764;S
20240208;121539;7318.500000000;5;9565800765;S
20240208;121539;7318.500000000;15;9565800766;S
20240208;121539;7318.000000000;2;9565800767;S
20240208;121546;7316.000000000;2;9565801387;S
20240208;121549;7316.500000000;1;9565801621;B
20240208;121549;7317.000000000;6;9565801622;B
20240208;121549;7317.000000000;1;9565801623;B
20240208;121549;7317.500000000;1;9565801624;B
20240208;121549;7317.500000000;10;9565801625;B
20240208;121549;7318.000000000;3;9565801626;B
20240208;121553;7316.000000000;48;9565802093;S
20240208;121557;7312.000000000;4;9565803426;S
20240208;121602;7314.500000000;1;9565804010;B
20240208;121602;7315.500000000;1;9565804018;B
20240208;121604;7315.500000000;4;9565804161;B
20240208;121604;7316.000000000;27;9565804213;B
20240208;121604;7316.000000000;1;9565804214;B
20240208;121604;7316.000000000;6;9565804215;B
20240208;121609;7316.500000000;1;9565804672;B
20240208;121609;7316.500000000;6;9565804673;B
20240208;121610;7317.500000000;1;9565804776;B
20240208;121610;7318.000000000;1;9565804777;B
20240208;121610;7319.000000000;6;9565804778;B
20240208;121610;7319.000000000;1;9565804779;B
20240208;121610;7319.500000000;13;9565804780;B
20240208;121611;7316.500000000;6;9565804934;S
20240208;121611;7316.500000000;4;9565804935;S
20240208;121612;7316.500000000;1;9565804965;S
20240208;121612;7315.500000000;4;9565804966;S
20240208;121613;7315.000000000;1;9565805169;S
20240208;121613;7315.000000000;14;9565805170;S
20240208;121626;7317.500000000;5;9565806609;B
20240208;121630;7315.000000000;2;9565807061;S
20240208;121630;7317.500000000;6;9565807077;B
20240208;121630;7317.500000000;4;9565807078;B
20240208;121631;7317.500000000;17;9565807132;B
20240208;121631;7318.000000000;5;9565807133;B
20240208;121632;7315.000000000;4;9565807230;S
20240208;121632;7315.000000000;7;9565807231;S
20240208;121652;7317.000000000;6;9565809267;B
20240208;121652;7317.500000000;10;9565809268;B
20240208;121652;7318.000000000;5;9565809269;B
20240208;121652;7318.000000000;1;9565809270;B
20240208;121655;7318.000000000;2;9565809605;B
20240208;121709;7315.500000000;1;9565811270;S
20240208;121710;7315.500000000;1;9565811434;S
20240208;121710;7315.000000000;1;9565811480;S
20240208;121713;7316.000000000;6;9565811732;B
20240208;121713;7316.500000000;10;9565811733;B
20240208;121713;7316.500000000;4;9565811734;B
20240208;121713;7317.000000000;2;9565811735;B
20240208;121714;7315.000000000;4;9565811862;S
20240208;121714;7315.000000000;8;9565811863;S
20240208;121722;7314.500000000;18;9565812607;S
20240208;121727;7314.000000000;6;9565813074;S
20240208;121734;7314.000000000;6;9565813941;B
20240208;121734;7315.000000000;13;9565813942;B
20240208;121734;7315.500000000;3;9565813943;B
20240208;121735;7314.500000000;1;9565814163;S
20240208;121737;7314.500000000;1;9565814315;S
20240208;121742;7315.000000000;2;9565814957;B
20240208;121744;7314.500000000;1;9565815168;B
20240208;121744;7315.000000000;8;9565815169;B
20240208;121754;7315.000000000;11;9565816182;B
20240208;121754;7315.000000000;7;9565816183;B
20240208;121754;7315.000000000;2;9565816184;B
20240208;121754;7315.500000000;2;9565816185;B
20240208;121809;7314.500000000;1;9565817926;B
20240208;121815;7315.000000000;7;9565818550;B
20240208;121815;7315.000000000;1;9565818551;B
20240208;121815;7315.500000000;14;9565818552;B
20240208;121818;7314.000000000;2;9565818770;S
20240208;121825;7315.000000000;1;9565819522;B
20240208;121836;7315.500000000;6;9565820678;B
20240208;121836;7315.500000000;1;9565820679;B
20240208;121836;7315.500000000;10;9565820680;B
20240208;121836;7315.500000000;5;9565820681;B
20240208;121849;7315.500000000;5;9565821923;B
20240208;121849;7315.500000000;1;9565821924;B
20240208;121857;7316.000000000;7;9565822621;B
20240208;121857;7316.500000000;1;9565822622;B
20240208;121857;7316.500000000;1;9565822623;B
20240208;121857;7316.500000000;1;9565822624;B
20240208;121857;7316.500000000;3;9565822625;B
20240208;121857;7317.000000000;1;9565822626;B
20240208;121857;7317.000000000;1;9565822627;B
20240208;121857;7317.000000000;7;9565822628;B
20240208;121918;7316.500000000;7;9565824643;B
20240208;121918;7317.000000000;15;9565824644;B
20240208;121920;7316.500000000;1;9565824849;B
20240208;121920;7316.500000000;7;9565824850;B
20240208;121920;7316.500000000;1;9565824851;B
20240208;121920;7316.500000000;8;9565824852;B
20240208;121920;7317.000000000;378;9565824855;B
20240208;121920;7317.000000000;7;9565824856;B
20240208;121921;7318.000000000;1;9565824952;B
20240208;121922;7318.000000000;7;9565825000;S
20240208;121922;7318.000000000;19;9565825001;S
20240208;121922;7317.000000000;9;9565825002;S
20240208;121922;7317.000000000;32;9565825004;B
20240208;121922;7317.000000000;32;9565825005;B
20240208;121922;7317.000000000;25;9565825006;B
20240208;121939;7319.000000000;11;9565826810;B
20240208;121939;7319.500000000;11;9565826811;B
20240208;121941;7316.500000000;12;9565827038;S
20240208;121941;7316.000000000;6;9565827039;S
20240208;121957;7316.500000000;21;9565828445;S
20240208;121957;7316.000000000;19;9565828446;S
20240208;121957;7316.000000000;7;9565828447;S
20240208;121957;7316.000000000;28;9565828448;B
20240208;122000;7318.500000000;7;9565828626;B
20240208;122000;7319.000000000;3;9565828627;B
20240208;122000;7319.000000000;5;9565828628;B
20240208;122000;7319.500000000;7;9565828629;B
20240208;122010;7319.000000000;6;9565829655;B
20240208;122010;7319.500000000;32;9565829656;B
20240208;122010;7319.500000000;162;9565829657;B
20240208;122018;7319.500000000;38;9565833137;B
20240208;122018;7320.000000000;1;9565833138;B
20240208;122018;7320.000000000;4;9565833139;B
20240208;122021;7322.000000000;7;9565834559;B
20240208;122021;7322.500000000;3;9565834560;B
20240208;122021;7323.000000000;3;9565834561;B
20240208;122021;7323.000000000;1;9565834562;B
20240208;122021;7323.000000000;8;9565834563;B
20240208;122030;7320.000000000;17;9565836576;S
20240208;122042;7322.000000000;7;9565839857;B
20240208;122042;7322.500000000;15;9565839858;B
20240208;122056;7323.500000000;3;9565843603;B
20240208;122102;7321.000000000;12;9565844847;S
20240208;122102;7320.500000000;8;9565844848;S
20240208;122103;7323.500000000;2;9565844916;B
20240208;122103;7323.500000000;7;9565844917;B
20240208;122103;7324.000000000;13;9565844918;B
20240208;122115;7323.500000000;1;9565848004;B
20240208;122115;7323.500000000;7;9565848005;B
20240208;122115;7323.500000000;1;9565848006;B
20240208;122115;7324.000000000;17;9565848007;B
20240208;122115;7324.000000000;1;9565848008;B
20240208;122115;7324.000000000;27;9565848009;B
20240208;122115;7324.000000000;7;9565848191;S
20240208;122119;7324.000000000;1;9565848563;S
20240208;122122;7324.000000000;5;9565849948;S
20240208;122123;7324.000000000;1;9565850018;S
20240208;122123;7324.000000000;15;9565850060;S
20240208;122124;7324.500000000;22;9565850077;B
20240208;122128;7324.000000000;1;9565850647;S
20240208;122128;7324.500000000;50;9565850676;B
20240208;122133;7324.000000000;2;9565852272;S
20240208;122140;7324.000000000;14;9565853705;S
20240208;122140;7324.000000000;86;9565853706;S
20240208;122140;7324.000000000;1;9565853707;S
20240208;122142;7324.000000000;50;9565853799;S
20240208;122144;7324.000000000;21;9565854846;B
20240208;122144;7324.000000000;1;9565854847;B
20240208;122153;7322.500000000;1;9565856938;S
20240208;122157;7322.500000000;1;9565858134;S
20240208;122205;7324.000000000;7;9565859261;B
20240208;122205;7324.500000000;15;9565859262;B
20240208;122225;7322.500000000;1;9565864154;S
20240208;122225;7322.500000000;5;9565864155;S
20240208;122226;7323.500000000;21;9565864452;B
20240208;122226;7323.500000000;1;9565864453;B
20240208;122231;7323.500000000;1;9565865148;B
20240208;122237;7323.500000000;4;9565867258;S
20240208;122239;7323.000000000;2;9565867514;S
20240208;122247;7324.000000000;6;9565869976;B
20240208;122247;7324.500000000;13;9565869977;B
20240208;122247;7324.500000000;2;9565869978;B
20240208;122247;7324.500000000;1;9565869979;B
20240208;122253;7324.000000000;7;9565871380;B
20240208;122253;7324.500000000;40;9565871381;B
20240208;122253;7325.000000000;3;9565871382;B
20240208;122254;7323.500000000;1;9565871459;S
20240208;122306;7324.000000000;4;9565874243;B
20240208;122308;7324.000000000;1;9565874529;B
20240208;122308;7324.000000000;4;9565874530;B
20240208;122308;7324.000000000;5;9565874531;B
20240208;122308;7324.500000000;7;9565874532;B
20240208;122308;7324.500000000;4;9565874533;B
20240208;122308;7325.000000000;1;9565874534;B
20240208;122329;7323.000000000;1;9565880266;S
20240208;122329;7324.500000000;2;9565880282;B
20240208;122329;7324.500000000;7;9565880283;B
20240208;122329;7324.500000000;13;9565880284;B
20240208;122338;7323.500000000;2;9565881981;B
20240208;122338;7323.000000000;1;9565881982;S
20240208;122344;7323.000000000;1;9565883935;S
20240208;122349;7323.000000000;5;9565884641;S
20240208;122349;7323.500000000;5;9565884687;B
20240208;122349;7323.500000000;21;9565884688;B
20240208;122349;7323.500000000;3;9565884689;B
20240208;122350;7323.500000000;22;9565884737;B
20240208;122357;7323.500000000;1;9565886705;B
20240208;122400;7323.500000000;1;9565887142;B
20240208;122400;7324.000000000;7;9565887143;B
20240208;122407;7324.000000000;43;9565889696;B
20240208;122407;7324.000000000;3;9565889697;B
20240208;122407;7324.000000000;7;9565889698;B
20240208;122407;7324.500000000;10;9565889699;B
20240208;122407;7325.000000000;31;9565889769;B
20240208;122411;7325.000000000;22;9565890223;B
20240208;122411;7323.500000000;1;9565890230;S
20240208;122415;7323.500000000;1;9565890773;S
20240208;122431;7324.000000000;3;9565894245;S
20240208;122431;7324.000000000;2;9565894246;S
20240208;122432;7324.500000000;10;9565894348;B
20240208;122432;7324.500000000;7;9565894349;B
20240208;122432;7324.500000000;5;9565894350;B
20240208;122445;7323.500000000;21;9565895746;S
20240208;122445;7323.500000000;8;9565895747;S
20240208;122450;7323.500000000;1;9565896229;S
20240208;122453;7324.000000000;1;9565896498;B
20240208;122453;7324.500000000;6;9565896499;B
20240208;122453;7324.500000000;8;9565896500;B
20240208;122453;7325.000000000;7;9565896501;B
20240208;122456;7323.000000000;10;9565896821;S
20240208;122456;7323.000000000;5;9565896822;S
20240208;122459;7324.500000000;1;9565897213;B
20240208;122459;7324.500000000;8;9565897214;B
20240208;122459;7324.500000000;15;9565897215;B
20240208;122459;7325.000000000;71;9565897216;B
20240208;122506;7322.500000000;1;9565897932;S
20240208;122509;7322.500000000;7;9565898270;S
20240208;122509;7321.000000000;8;9565898271;S
20240208;122509;7320.500000000;20;9565898272;S
20240208;122509;7319.500000000;3;9565898273;S
20240208;122509;7319.000000000;16;9565898274;S
20240208;122510;7319.000000000;2;9565898365;S
20240208;122513;7323.000000000;1;9565899475;B
20240208;122513;7323.500000000;21;9565899476;B
20240208;122532;7318.500000000;2;9565901858;S
20240208;122533;7319.000000000;1;9565902043;S
20240208;122534;7323.000000000;21;9565902313;B
20240208;122534;7323.000000000;1;9565902314;B
20240208;122551;7322.500000000;1;9565904996;S
20240208;122554;7322.500000000;100;9565905262;S
20240208;122555;7323.000000000;20;9565905387;B
20240208;122555;7323.000000000;9;9565905442;B
20240208;122555;7323.500000000;8;9565905443;B
20240208;122555;7324.000000000;3;9565905444;B
20240208;122555;7324.000000000;1;9565905445;B
20240208;122555;7324.500000000;1;9565905446;B
20240208;122600;7322.500000000;6;9565905833;S
20240208;122608;7322.500000000;1;9565906653;S
20240208;122610;7324.000000000;8;9565906850;B
20240208;122610;7324.000000000;1;9565906851;B
20240208;122610;7324.500000000;20;9565906852;B
20240208;122610;7324.500000000;20;9565906853;B
20240208;122610;7325.000000000;65;9565906854;B
20240208;122610;7325.000000000;1;9565906855;B
20240208;122610;7325.000000000;84;9565906856;B
20240208;122611;7323.000000000;3;9565907113;S
20240208;122613;7322.500000000;1;9565907326;S
20240208;122616;7324.500000000;8;9565907673;B
20240208;122616;7324.500000000;1;9565907674;B
20240208;122616;7325.000000000;13;9565907675;B
20240208;122623;7322.500000000;1;9565908355;S
20240208;122624;7324.000000000;2;9565908473;B
20240208;122635;7323.500000000;8;9565909883;B
20240208;122635;7324.500000000;1;9565909884;B
20240208;122635;7324.500000000;21;9565909885;B
20240208;122636;7324.000000000;1;9565909986;S
20240208;122637;7324.500000000;1;9565910097;B
20240208;122637;7325.000000000;21;9565910098;B
20240208;122643;7324.000000000;1;9565910885;S
20240208;122644;7324.000000000;1;9565911439;S
20240208;122644;7324.000000000;1;9565911440;S
20240208;122647;7324.000000000;1;9565912860;S
20240208;122650;7324.000000000;2;9565913432;S
20240208;122652;7324.500000000;1;9565913796;B
20240208;122653;7324.000000000;2;9565913854;S
20240208;122655;7324.500000000;5;9565914149;B
20240208;122655;7324.500000000;10;9565914150;B
20240208;122655;7324.500000000;8;9565914151;B
20240208;122655;7325.000000000;17;9565914152;B
20240208;122655;7324.500000000;10;9565914153;S
20240208;122656;7324.000000000;30;9565914211;S
20240208;122658;7325.000000000;22;9565914548;B
20240208;122659;7324.500000000;7;9565914726;B
20240208;122703;7324.500000000;1;9565915196;B
20240208;122707;7324.500000000;3;9565915805;B
20240208;122707;7324.500000000;5;9565915806;B
20240208;122719;7324.500000000;22;9565917343;B
20240208;122724;7324.500000000;3;9565917889;B
20240208;122731;7324.000000000;61;9565918786;S
20240208;122733;7322.500000000;38;9565919076;S
20240208;122735;7322.500000000;2;9565919421;S
20240208;122740;7324.500000000;8;9565920047;B
20240208;122740;7324.500000000;14;9565920048;B
20240208;122740;7322.500000000;1;9565920099;S
20240208;122745;7322.500000000;1;9565920613;S
20240208;122752;7324.000000000;8;9565921451;B
20240208;122752;7324.500000000;3;9565921452;B
20240208;122752;7324.500000000;21;9565921453;B
20240208;122752;7324.500000000;10;9565921454;B
20240208;122752;7325.000000000;38;9565921455;B
20240208;122752;7325.000000000;5;9565921456;B
20240208;122752;7325.000000000;1;9565921457;B
20240208;122752;7325.000000000;1;9565921458;B
20240208;122752;7325.000000000;1;9565921459;B
20240208;122752;7325.000000000;5;9565921460;B
20240208;122752;7325.000000000;30;9565921461;B
20240208;122752;7325.000000000;77;9565921462;B
20240208;122801;7324.500000000;8;9565922237;B
20240208;122801;7325.000000000;14;9565922238;B
20240208;122807;7322.500000000;4;9565922797;S
20240208;122809;7322.500000000;14;9565923046;S
20240208;122809;7322.000000000;8;9565923047;S
20240208;122809;7321.000000000;21;9565923048;S
20240208;122809;7320.000000000;7;9565923049;S
20240208;122821;7321.500000000;4;9565924536;S
20240208;122821;7321.500000000;6;9565924537;S
20240208;122822;7324.500000000;8;9565924558;B
20240208;122822;7324.500000000;14;9565924559;B
20240208;122827;7324.000000000;8;9565925229;B
20240208;122827;7324.500000000;13;9565925230;B
20240208;122827;7324.500000000;4;9565925231;B
20240208;122827;7325.000000000;9;9565925232;B
20240208;122827;7325.000000000;3;9565925233;B
20240208;122827;7325.000000000;10;9565925234;B
20240208;122827;7325.000000000;10;9565925235;B
20240208;122827;7326.000000000;20;9565925236;B
20240208;122827;7326.000000000;20;9565925237;B
20240208;122827;7327.000000000;1;9565925238;B
20240208;122827;7327.000000000;2;9565925239;B
20240208;122833;7323.000000000;4;9565925925;S
20240208;122833;7322.500000000;16;9565925926;S
20240208;122834;7322.000000000;2;9565925961;S
20240208;122842;7321.500000000;10;9565926773;S
20240208;122842;7321.500000000;4;9565926774;S
20240208;122842;7321.000000000;26;9565926775;S
20240208;122843;7324.500000000;5;9565926836;B
20240208;122843;7324.500000000;17;9565926837;B
20240208;122845;7325.000000000;8;9565927077;B
20240208;122845;7325.500000000;5;9565927078;B
20240208;122850;7324.500000000;5;9565927553;S
20240208;122850;7323.500000000;8;9565927554;S
20240208;122850;7323.000000000;7;9565927555;S
20240208;122856;7321.500000000;5;9565928403;S
20240208;122903;7324.500000000;3;9565929264;B
20240208;122903;7325.000000000;1;9565929309;B
20240208;122903;7325.000000000;8;9565929310;B
20240208;122903;7325.500000000;13;9565929311;B
20240208;122913;7323.500000000;8;9565930605;S
20240208;122913;7322.500000000;7;9565930606;S
20240208;122913;7321.000000000;20;9565930607;S
20240208;122913;7320.000000000;9;9565930608;S
20240208;122913;7319.000000000;4;9565930609;S
20240208;122924;7321.500000000;7;9565933023;B
20240208;122924;7322.000000000;15;9565933024;B
20240208;122945;7322.500000000;7;9565936266;B
20240208;122945;7323.000000000;2;9565936267;B
20240208;122945;7323.000000000;4;9565936268;B
20240208;122945;7323.000000000;9;9565936269;B
20240208;123000;7318.000000000;2;9565939912;S
20240208;123000;7317.500000000;4;9565939913;S
20240208;123000;7317.500000000;7;9565939914;S
20240208;123000;7317.500000000;5;9565939915;S
20240208;123000;7317.500000000;1;9565939916;S
20240208;123000;7317.000000000;31;9565939917;S
20240208;123006;7319.500000000;5;9565941255;B
20240208;123006;7320.000000000;2;9565941256;B
20240208;123006;7320.500000000;15;9565941257;B
20240208;123006;7316.500000000;1;9565941360;S
20240208;123006;7317.000000000;22;9565941380;B
20240208;123006;7317.000000000;1;9565941410;B
20240208;123027;7317.000000000;22;9565945046;B
20240208;123029;7317.000000000;5;9565945427;B
20240208;123031;7320.000000000;2;9565945641;B
20240208;123036;7321.000000000;1;9565946355;B
20240208;123038;7318.500000000;1;9565946624;S
20240208;123038;7318.000000000;4;9565946625;S
20240208;123039;7318.000000000;1;9565946726;S
20240208;123048;7321.500000000;10;9565948052;B
20240208;123048;7322.000000000;1;9565948053;B
20240208;123048;7322.000000000;7;9565948054;B
20240208;123048;7322.500000000;4;9565948055;B
20240208;123056;7322.000000000;10;9565949125;B
20240208;123056;7322.500000000;5;9565949126;B
20240208;123108;7321.500000000;1;9565950570;S
20240208;123108;7321.500000000;3;9565950571;S
20240208;123108;7321.500000000;1;9565950572;S
20240208;123109;7323.500000000;2;9565950681;B
20240208;123109;7323.500000000;5;9565950716;B
20240208;123109;7323.500000000;17;9565950717;B
20240208;123109;7321.500000000;1;9565950731;S
20240208;123125;7321.500000000;2;9565952572;S
20240208;123130;7320.000000000;22;9565953261;B
20240208;123132;7320.000000000;1;9565953497;B
20240208;123145;7318.500000000;2;9565955537;S
20240208;123150;7318.500000000;19;9565956099;S
20240208;123150;7318.000000000;1;9565956100;S
20240208;123151;7319.500000000;21;9565956176;B
20240208;123151;7320.000000000;1;9565956177;B
20240208;123151;7317.000000000;1;9565956232;S
20240208;123151;7317.000000000;1;9565956233;S
20240208;123212;7319.500000000;1;9565958604;B
20240208;123212;7319.500000000;1;9565958605;B
20240208;123212;7320.000000000;20;9565958606;B
20240208;123218;7317.500000000;1;9565959701;S
20240208;123231;7317.500000000;2;9565961364;S
20240208;123233;7319.000000000;5;9565961596;B
20240208;123233;7319.000000000;7;9565961597;B
20240208;123233;7319.500000000;10;9565961598;B
20240208;123253;7319.000000000;7;9565963827;B
20240208;123253;7319.500000000;15;9565963828;B
20240208;123303;7319.000000000;1;9565964937;B
20240208;123303;7319.500000000;35;9565964938;B
20240208;123303;7319.500000000;4;9565964939;B
20240208;123307;7319.500000000;3;9565965570;B
20240208;123311;7320.000000000;11;9565966164;B
20240208;123314;7320.000000000;22;9565966439;B
20240208;123331;7319.500000000;1;9565968357;S
20240208;123331;7320.000000000;2;9565968383;B
20240208;123335;7320.000000000;22;9565968864;B
20240208;123338;7320.000000000;1;9565969258;B
20240208;123340;7320.000000000;7;9565969501;B
20240208;123350;7320.000000000;5;9565970643;B
20240208;123356;7320.000000000;22;9565971232;B
20240208;123401;7320.000000000;6;9565971732;B
20240208;123404;7320.000000000;8;9565972075;B
20240208;123409;7320.000000000;8;9565972719;B
20240208;123416;7319.500000000;4;9565973453;S
20240208;123416;7318.500000000;2;9565973626;S
20240208;123417;7319.000000000;7;9565973725;B
20240208;123417;7319.500000000;4;9565973726;B
20240208;123417;7320.000000000;10;9565973727;B
20240208;123417;7320.000000000;1;9565973728;B
20240208;123419;7317.000000000;9;9565974004;S
20240208;123425;7318.000000000;11;9565974760;S
20240208;123425;7318.000000000;21;9565974761;S
20240208;123425;7317.500000000;11;9565974762;S
20240208;123425;7317.500000000;7;9565974763;S
20240208;123425;7317.500000000;42;9565974764;S
20240208;123425;7317.000000000;1;9565974765;S
20240208;123425;7317.000000000;18;9565974766;S
20240208;123425;7316.500000000;1;9565974767;S
20240208;123425;7315.500000000;1;9565974768;S
20240208;123425;7315.500000000;1;9565974769;S
20240208;123425;7315.000000000;6;9565974770;S
20240208;123425;7315.000000000;2;9565974771;S
20240208;123425;7315.000000000;1;9565974772;S
20240208;123425;7315.000000000;1;9565974773;S
20240208;123425;7315.000000000;1;9565974774;S
20240208;123425;7315.000000000;2;9565974775;S
20240208;123425;7315.000000000;20;9565974776;S
20240208;123425;7315.000000000;3;9565974777;S
20240208;123430;7317.500000000;5;9565975385;S
20240208;123438;7318.500000000;1;9565976429;B
20240208;123438;7318.500000000;1;9565976430;B
20240208;123438;7318.500000000;2;9565976431;B
20240208;123438;7318.500000000;7;9565976432;B
20240208;123438;7319.000000000;11;9565976433;B
20240208;123450;7317.000000000;2;9565978686;S
20240208;123459;7318.500000000;6;9565980767;B
20240208;123459;7319.000000000;1;9565980768;B
20240208;123459;7319.000000000;1;9565980769;B
20240208;123459;7319.500000000;2;9565980770;B
20240208;123459;7319.500000000;12;9565980771;B
20240208;123506;7318.500000000;9;9565982125;B
20240208;123508;7318.500000000;4;9565982627;B
20240208;123511;7318.000000000;1;9565983144;S
20240208;123511;7318.000000000;4;9565983172;S
20240208;123514;7318.000000000;2;9565983563;S
20240208;123514;7318.500000000;6;9565983601;B
20240208;123515;7318.000000000;1;9565983639;S
20240208;123515;7317.000000000;3;9565983640;S
20240208;123520;7316.000000000;6;9565984283;B
20240208;123520;7316.000000000;6;9565984284;B
20240208;123520;7316.500000000;2;9565984285;B
20240208;123520;7318.000000000;8;9565984286;B
20240208;123522;7318.000000000;2;9565984604;B
20240208;123530;7315.500000000;1;9565985874;S
20240208;123530;7315.500000000;2;9565985875;S
20240208;123530;7315.000000000;2;9565985876;S
20240208;123534;7315.500000000;1;9565986530;B
20240208;123537;7314.500000000;1;9565987207;S
20240208;123537;7314.500000000;8;9565987208;S
20240208;123537;7314.000000000;1;9565987209;S
20240208;123537;7314.000000000;176;9565987210;S
20240208;123537;7313.500000000;14;9565987211;S
20240208;123537;7311.500000000;4;9565987212;S
20240208;123537;7311.500000000;4;9565987213;B
20240208;123537;7311.000000000;1;9565987220;S
20240208;123538;7311.000000000;1;9565987340;S
20240208;123541;7315.000000000;17;9565987594;B
20240208;123541;7315.500000000;5;9565987595;B
20240208;123543;7311.000000000;4;9565987817;S
20240208;123543;7311.000000000;1;9565987818;S
20240208;123543;7311.000000000;1;9565987819;S
20240208;123543;7311.000000000;1;9565987820;S
20240208;123543;7310.500000000;75;9565987821;S
20240208;123543;7310.500000000;1;9565987822;S
20240208;123543;7310.500000000;6;9565987823;S
20240208;123543;7310.000000000;20;9565987824;S
20240208;123543;7310.000000000;17;9565987825;S
20240208;123543;7309.500000000;2;9565987826;S
20240208;123543;7309.000000000;40;9565987827;S
20240208;123543;7309.000000000;10;9565987828;S
20240208;123543;7308.500000000;27;9565987829;S
20240208;123543;7308.500000000;20;9565987830;S
20240208;123543;7308.500000000;20;9565987831;S
20240208;123544;7307.000000000;2;9565987991;S
20240208;123544;7307.000000000;1;9565987992;S
20240208;123544;7306.500000000;2;9565987993;S
20240208;123548;7307.000000000;6;9565988643;B
20240208;123548;7307.000000000;1;9565988644;B
20240208;123548;7307.500000000;4;9565988645;B
20240208;123557;7306.500000000;15;9565989727;B
20240208;123601;7307.000000000;17;9565990591;S
20240208;123601;7307.000000000;2;9565990592;S
20240208;123601;7306.500000000;12;9565990593;S
20240208;123601;7306.000000000;27;9565990594;S
20240208;123601;7305.500000000;20;9565990595;S
20240208;123601;7305.000000000;42;9565990596;S
20240208;123601;7305.000000000;80;9565990597;B
20240208;123602;7307.500000000;16;9565990770;B
20240208;123602;7307.500000000;6;9565990771;B
20240208;123605;7305.500000000;1;9565991169;S
20240208;123605;7305.500000000;5;9565991170;S
20240208;123611;7305.000000000;2;9565992379;S
20240208;123611;7305.000000000;2;9565992380;S
20240208;123611;7305.000000000;3;9565992384;S
20240208;123619;7307.000000000;100;9565993182;S
20240208;123623;7307.500000000;22;9565993673;B
20240208;123626;7305.500000000;1;9565994019;S
20240208;123626;7305.500000000;1;9565994020;S
20240208;123626;7305.500000000;17;9565994021;S
20240208;123626;7305.000000000;22;9565994022;S
20240208;123626;7304.500000000;20;9565994023;S
20240208;123626;7304.000000000;10;9565994024;S
20240208;123626;7303.000000000;5;9565994025;S
20240208;123626;7302.500000000;58;9565994026;S
20240208;123626;7302.500000000;21;9565994027;S
20240208;123626;7302.500000000;4;9565994028;S
20240208;123626;7302.000000000;20;9565994029;S
20240208;123626;7302.000000000;20;9565994030;S
20240208;123626;7301.500000000;4;9565994031;S
20240208;123626;7301.000000000;15;9565994032;S
20240208;123626;7301.000000000;27;9565994033;S
20240208;123626;7301.000000000;20;9565994034;S
20240208;123626;7300.500000000;60;9565994035;S
20240208;123626;7300.500000000;10;9565994036;S
20240208;123626;7300.000000000;20;9565994037;S
20240208;123626;7300.000000000;3;9565994038;S
20240208;123626;7300.000000000;20;9565994039;S
20240208;123626;7300.000000000;20;9565994040;S
20240208;123626;7300.000000000;60;9565994041;B
20240208;123626;7300.000000000;425;9565994043;B
20240208;123626;7300.000000000;6;9565994048;B
20240208;123632;7299.000000000;1;9565994704;S
20240208;123634;7299.500000000;1;9565994944;B
20240208;123635;7299.000000000;1;9565995059;S
20240208;123637;7299.500000000;1;9565995259;B
20240208;123637;7299.500000000;18;9565995260;B
20240208;123637;7299.500000000;2;9565995261;B
20240208;123637;7300.000000000;79;9565995262;B
20240208;123638;7300.000000000;2;9565995424;B
20240208;123641;7300.000000000;1;9565995839;B
20240208;123643;7300.000000000;2;9565996162;B
20240208;123643;7300.000000000;22;9565996194;B
20240208;123647;7300.000000000;1;9565996546;B
20240208;123647;7300.000000000;7;9565996612;B
20240208;123648;7300.000000000;84;9565996723;B
20240208;123648;7300.000000000;1;9565996727;B
20240208;123651;7300.000000000;10;9565997078;B
20240208;123651;7300.000000000;4;9565997079;B
20240208;123651;7300.000000000;18;9565997193;B
20240208;123656;7300.000000000;9;9565997639;B
20240208;123658;7300.000000000;8;9565998002;B
20240208;123659;7300.000000000;4;9565998101;B
20240208;123700;7300.000000000;4;9565998199;B
20240208;123700;7300.000000000;820;9565998218;B
20240208;123700;7300.000000000;35;9565998219;B
20240208;123700;7300.000000000;1;9565998220;B
20240208;123704;7305.000000000;1;9565998697;B
20240208;123704;7307.000000000;9;9565998698;B
20240208;123704;7307.500000000;2;9565998699;B
20240208;123704;7307.500000000;2;9565998700;B
20240208;123704;7307.500000000;2;9565998701;B
20240208;123704;7307.500000000;6;9565998702;B
20240208;123714;7307.500000000;10;9565999965;B
20240208;123717;7307.500000000;11;9566000297;B
20240208;123717;7308.000000000;15;9566000298;B
20240208;123725;7307.500000000;11;9566001127;B
20240208;123725;7308.000000000;11;9566001128;B
20240208;123726;7306.500000000;8;9566001200;S
20240208;123726;7305.000000000;21;9566001201;S
20240208;123727;7305.000000000;10;9566001265;B
20240208;123727;7305.000000000;6;9566001332;B
20240208;123733;7305.000000000;6;9566002151;B
20240208;123734;7305.000000000;12;9566002238;B
20240208;123735;7308.000000000;2;9566002366;B
20240208;123744;7306.000000000;1;9566003278;S
20240208;123744;7308.000000000;1;9566003283;B
20240208;123746;7307.000000000;11;9566003547;B
20240208;123746;7307.500000000;11;9566003548;B
20240208;123755;7307.000000000;1;9566004624;B
20240208;123804;7307.000000000;5;9566005680;B
20240208;123804;7307.000000000;6;9566005681;B
20240208;123805;7305.000000000;10;9566005811;S
20240208;123807;7307.000000000;2;9566006115;B
20240208;123807;7307.000000000;3;9566006116;B
20240208;123807;7307.000000000;10;9566006117;B
20240208;123807;7307.500000000;7;9566006118;B
20240208;123824;7303.000000000;21;9566008804;S
20240208;123824;7302.500000000;12;9566008805;S
20240208;123824;7302.500000000;26;9566008806;S
20240208;123824;7301.500000000;10;9566008807;S
20240208;123824;7301.500000000;20;9566008808;S
20240208;123824;7301.000000000;1;9566008809;S
20240208;123824;7300.500000000;20;9566008810;S
20240208;123824;7300.000000000;20;9566008811;S
20240208;123824;7300.000000000;1;9566008812;S
20240208;123824;7300.000000000;15;9566008813;B
20240208;123828;7300.000000000;22;9566009276;B
20240208;123830;7300.000000000;5;9566009511;B
20240208;123833;7300.000000000;1;9566009815;B
20240208;123839;7300.000000000;119;9566010616;B
20240208;123840;7299.500000000;1;9566010779;S
20240208;123842;7300.000000000;20;9566011220;B
20240208;123845;7300.000000000;1;9566011661;B
20240208;123845;7300.000000000;11;9566011714;B
20240208;123845;7299.500000000;1;9566011767;S
20240208;123846;7300.000000000;1;9566011913;B
20240208;123847;7300.000000000;1;9566012044;B
20240208;123847;7300.000000000;1;9566012076;B
20240208;123849;7300.000000000;22;9566012543;B
20240208;123849;7299.500000000;1;9566012595;S
20240208;123849;7299.500000000;29;9566012596;S
20240208;123849;7299.000000000;3;9566012597;S
20240208;123849;7299.000000000;27;9566012598;S
20240208;123850;7299.000000000;9;9566012735;B
20240208;123850;7300.000000000;1;9566012736;B
20240208;123850;7300.000000000;1;9566012800;B
20240208;123905;7299.000000000;3;9566014939;S
20240208;123908;7299.500000000;1;9566015315;B
20240208;123910;7300.000000000;22;9566015609;B
20240208;123912;7300.000000000;400;9566015865;B
20240208;123913;7300.000000000;50;9566016048;B
20240208;123914;7300.000000000;27;9566016206;B
20240208;123915;7300.000000000;2;9566016232;B
20240208;123915;7300.000000000;1;9566016267;B
20240208;123915;7300.000000000;50;9566016305;B
20240208;123915;7300.000000000;2;9566016345;B
20240208;123916;7300.000000000;2;9566016435;B
20240208;123917;7299.500000000;7;9566016557;S
20240208;123917;7299.500000000;27;9566016558;S
20240208;123917;7299.500000000;21;9566016559;S
20240208;123917;7299.500000000;12;9566016560;S
20240208;123919;7299.000000000;1;9566016766;S
20240208;123919;7299.000000000;4;9566016767;S
20240208;123920;7299.500000000;14;9566016812;B
20240208;123922;7299.500000000;8;9566017087;B
20240208;123923;7299.500000000;11;9566017388;B
20240208;123923;7300.000000000;92;9566017389;B
20240208;123923;7300.000000000;1;9566017390;B
20240208;123923;7300.000000000;24;9566017391;B
20240208;123923;7300.000000000;1;9566017392;B
20240208;123923;7300.000000000;2;9566017393;B
20240208;123923;7300.000000000;1;9566017394;B
20240208;123923;7300.000000000;1;9566017395;B
20240208;123923;7300.000000000;1;9566017396;B
20240208;123925;7304.500000000;1;9566017563;B
20240208;123925;7305.500000000;1;9566017564;B
20240208;123925;7302.000000000;1;9566017595;S
20240208;123931;7305.500000000;2;9566018234;B
20240208;123931;7305.500000000;2;9566018235;B
20240208;123931;7306.000000000;7;9566018236;B
20240208;123931;7306.000000000;3;9566018237;B
20240208;123931;7306.500000000;8;9566018238;B
20240208;123945;7304.000000000;14;9566020103;S
20240208;123952;7306.500000000;5;9566020865;B
20240208;123952;7307.000000000;3;9566020866;B
20240208;123952;7307.500000000;14;9566020867;B
20240208;123956;7307.500000000;3;9566021441;B
20240208;124000;7306.500000000;2;9566021864;S
20240208;124000;7306.500000000;1;9566021865;S
20240208;124000;7306.000000000;27;9566021866;S
20240208;124000;7305.000000000;21;9566021867;S
20240208;124000;7304.500000000;12;9566021868;S
20240208;124000;7304.500000000;20;9566021869;S
20240208;124000;7304.000000000;19;9566021870;S
20240208;124000;7304.000000000;85;9566021871;S
20240208;124000;7303.500000000;1;9566021872;S
20240208;124000;7303.000000000;30;9566021873;S
20240208;124000;7302.500000000;10;9566021874;S
20240208;124000;7302.500000000;27;9566021875;S
20240208;124000;7301.000000000;20;9566021876;S
20240208;124000;7300.500000000;8;9566021877;S
20240208;124000;7300.500000000;10;9566021878;S
20240208;124000;7300.000000000;16;9566021879;S
20240208;124000;7300.000000000;20;9566021880;S
20240208;124000;7300.000000000;10;9566021881;S
20240208;124000;7300.000000000;50;9566021882;S
20240208;124000;7300.000000000;10;9566021883;S
20240208;124000;7300.000000000;5;9566021884;B
20240208;124000;7300.000000000;75;9566021885;B
20240208;124000;7300.000000000;21;9566021886;B
20240208;124000;7306.000000000;15;9566021887;S
20240208;124001;7305.500000000;30;9566022005;B
20240208;124012;7304.500000000;8;9566023358;B
20240208;124012;7305.000000000;14;9566023359;B
20240208;124016;7301.000000000;10;9566023680;S
20240208;124023;7300.000000000;10;9566024750;B
20240208;124025;7300.000000000;4;9566025010;B
20240208;124026;7300.000000000;1;9566025124;B
20240208;124026;7300.000000000;5;9566025293;B
20240208;124027;7300.000000000;3;9566025605;B
20240208;124030;7300.000000000;1;9566025949;B
20240208;124032;7300.000000000;5;9566026280;B
20240208;124033;7300.000000000;22;9566026400;B
20240208;124036;7299.500000000;1;9566026648;S
20240208;124036;7299.500000000;1;9566026649;S
20240208;124036;7300.000000000;5;9566026650;B
20240208;124037;7299.500000000;3;9566026713;S
20240208;124039;7299.500000000;17;9566027046;S
20240208;124039;7299.500000000;2;9566027047;S
20240208;124042;7299.500000000;30;9566027346;B
20240208;124043;7299.500000000;3;9566027522;B
20240208;124054;7299.500000000;1;9566029065;B
20240208;124054;7299.500000000;22;9566029196;B
20240208;124106;7299.000000000;13;9566030475;S
20240208;124106;7299.000000000;75;9566030476;S
20240208;124106;7299.000000000;10;9566030477;S
20240208;124106;7299.000000000;1;9566030478;S
20240208;124106;7299.000000000;2;9566030479;S
20240208;124106;7299.000000000;27;9566030480;S
20240208;124106;7298.500000000;5;9566030481;S
20240208;124106;7298.500000000;10;9566030482;S
20240208;124106;7298.500000000;2;9566030483;S
20240208;124106;7298.500000000;6;9566030484;S
20240208;124106;7297.500000000;27;9566030485;S
20240208;124106;7297.000000000;3;9566030486;S
20240208;124107;7297.500000000;1;9566030559;B
20240208;124107;7297.500000000;1;9566030593;B
20240208;124112;7297.500000000;1;9566031253;S
20240208;124115;7298.000000000;13;9566031587;B
20240208;124115;7298.000000000;9;9566031588;B
20240208;124118;7297.500000000;1;9566031803;S
20240208;124123;7297.500000000;1;9566032422;S
20240208;124136;7298.500000000;13;9566033913;B
20240208;124136;7298.500000000;9;9566033914;B
20240208;124137;7298.500000000;1;9566033997;B
20240208;124151;7298.000000000;5;9566035230;S
20240208;124153;7298.000000000;3;9566035404;S
20240208;124157;7298.500000000;15;9566035852;B
20240208;124157;7299.000000000;7;9566035853;B
20240208;124202;7298.000000000;3;9566036496;S
20240208;124202;7298.000000000;3;9566036497;S
20240208;124202;7297.500000000;2;9566036498;S
20240208;124215;7298.500000000;2;9566037841;B
20240208;124215;7299.000000000;565;9566037842;B
20240208;124215;7299.000000000;13;9566037843;B
20240208;124215;7299.500000000;2;9566037844;B
20240208;124215;7299.500000000;2;9566037845;B
20240208;124215;7300.000000000;416;9566037846;B
20240208;124215;7300.000000000;28;9566037847;B
20240208;124215;7300.000000000;3;9566037848;B
20240208;124218;7305.000000000;6;9566038163;B
20240208;124218;7305.000000000;2;9566038164;B
20240208;124218;7305.000000000;2;9566038165;B
20240208;124218;7305.500000000;2;9566038166;B
20240208;124218;7305.500000000;10;9566038167;B
20240208;124222;7304.000000000;2;9566038457;S
20240208;124239;7305.500000000;4;9566041126;B
20240208;124239;7305.500000000;18;9566041127;B
20240208;124241;7303.500000000;6;9566041293;S
20240208;124243;7305.000000000;1;9566041539;B
20240208;124259;7302.500000000;2;9566043152;S
20240208;124300;7305.000000000;8;9566043212;B
20240208;124300;7305.000000000;2;9566043213;B
20240208;124300;7305.000000000;9;9566043214;B
20240208;124300;7305.500000000;3;9566043215;B
20240208;124308;7305.500000000;2;9566044121;B
20240208;124321;7305.500000000;22;9566046215;B
20240208;124324;7305.500000000;1;9566046625;B
20240208;124327;7305.000000000;1;9566046814;S
20240208;124327;7305.000000000;1;9566046815;S
20240208;124337;7305.000000000;4;9566048200;S
20240208;124337;7305.500000000;10;9566048229;B
20240208;124342;7305.500000000;22;9566048658;B
20240208;124343;7305.500000000;22;9566048829;B
20240208;124343;7305.500000000;12;9566048830;B
20240208;124343;7305.500000000;2;9566048831;B
20240208;124343;7307.000000000;3;9566048832;B
20240208;124343;7307.000000000;25;9566048833;B
20240208;124343;7307.000000000;2;9566048834;B
20240208;124343;7307.000000000;5;9566048835;B
20240208;124343;7307.500000000;39;9566048836;B
20240208;124344;7307.500000000;31;9566049009;B
20240208;124346;7307.500000000;1;9566049337;B
20240208;124402;7307.500000000;22;9566051634;B
20240208;124411;7306.000000000;12;9566052651;S
20240208;124411;7305.500000000;32;9566052652;S
20240208;124411;7305.000000000;15;9566052653;S
20240208;124411;7304.500000000;8;9566052654;S
20240208;124411;7303.000000000;20;9566052655;S
20240208;124411;7302.500000000;11;9566052656;S
20240208;124411;7302.000000000;30;9566052657;S
20240208;124411;7301.500000000;10;9566052658;S
20240208;124411;7301.500000000;20;9566052659;S
20240208;124411;7301.000000000;15;9566052660;B
20240208;124411;7301.000000000;6;9566052661;B
20240208;124423;7306.000000000;12;9566053816;B
20240208;124423;7306.000000000;1;9566053817;B
20240208;124423;7306.500000000;9;9566053818;B
20240208;124438;7306.500000000;1;9566055662;B
20240208;124439;7303.000000000;2;9566055800;S
20240208;124445;7307.000000000;8;9566056379;B
20240208;124445;7307.000000000;14;9566056380;B
20240208;124446;7303.500000000;21;9566056506;S
20240208;124446;7303.000000000;2;9566056507;S
20240208;124446;7303.000000000;9;9566056508;S
20240208;124446;7303.000000000;31;9566056509;S
20240208;124451;7301.500000000;5;9566056953;S
20240208;124451;7301.000000000;21;9566056954;S
20240208;124451;7300.500000000;10;9566056955;S
20240208;124451;7300.000000000;15;9566056956;S
20240208;124451;7300.000000000;5;9566056957;S
20240208;124505;7300.000000000;22;9566058514;B
20240208;124506;7300.000000000;1;9566058614;B
20240208;124507;7300.000000000;8;9566058677;B
20240208;124510;7300.000000000;40;9566059067;B
20240208;124511;7300.000000000;8;9566059313;B
20240208;124513;7299.500000000;2;9566059865;S
20240208;124517;7300.000000000;2;9566060281;B
20240208;124520;7300.000000000;116;9566060591;B
20240208;124522;7299.500000000;3;9566060768;S
20240208;124522;7300.000000000;11;9566060769;B
20240208;124523;7300.000000000;44;9566060871;B
20240208;124525;7300.000000000;7;9566061191;B
20240208;124526;7300.000000000;22;9566061316;B
20240208;124526;7300.000000000;3;9566061317;B
20240208;124529;7300.000000000;4;9566061545;B
20240208;124532;7300.000000000;1;9566061908;B
20240208;124534;7299.500000000;33;9566062177;S
20240208;124534;7299.500000000;27;9566062178;S
20240208;124534;7299.500000000;21;9566062179;S
20240208;124534;7298.500000000;1;9566062180;S
20240208;124534;7298.500000000;4;9566062181;S
20240208;124534;7298.000000000;2;9566062182;S
20240208;124534;7298.000000000;2;9566062183;S
20240208;124534;7297.500000000;85;9566062184;S
20240208;124534;7297.500000000;35;9566062185;S
20240208;124534;7297.500000000;1;9566062186;S
20240208;124534;7297.000000000;47;9566062187;S
20240208;124534;7297.000000000;7;9566062188;S
20240208;124535;7298.000000000;4;9566062332;B
20240208;124536;7297.500000000;1;9566062505;S
20240208;124539;7298.000000000;18;9566062837;B
20240208;124539;7298.000000000;2;9566062855;B
20240208;124539;7298.000000000;2;9566062951;B
20240208;124541;7297.500000000;3;9566063270;S
20240208;124547;7299.000000000;13;9566064121;B
20240208;124547;7299.500000000;9;9566064122;B
20240208;124608;7300.000000000;22;9566066873;B
20240208;124617;7300.000000000;133;9566068035;B
20240208;124617;7300.000000000;1;9566068036;B
20240208;124617;7300.000000000;10;9566068037;B
20240208;124617;7300.000000000;10;9566068038;B
20240208;124620;7300.500000000;1;9566068390;S
20240208;124623;7301.000000000;13;9566068911;S
20240208;124623;7300.500000000;10;9566068912;S
20240208;124623;7300.500000000;33;9566068913;S
20240208;124623;7300.000000000;244;9566068914;S
20240208;124629;7303.000000000;22;9566069722;B
20240208;124637;7303.000000000;6;9566070893;B
20240208;124649;7300.500000000;3;9566072927;S
20240208;124650;7302.000000000;22;9566072971;B
20240208;124709;7301.500000000;2;9566075794;S
20240208;124711;7302.000000000;13;9566076006;B
20240208;124711;7302.000000000;9;9566076007;B
20240208;124712;7301.500000000;6;9566076159;S
20240208;124712;7301.000000000;1;9566076160;S
20240208;124714;7301.000000000;2;9566076364;S
20240208;124718;7302.500000000;4;9566076975;B
20240208;124718;7302.500000000;6;9566076976;B
20240208;124728;7302.500000000;2;9566078592;B
20240208;124729;7302.000000000;11;9566078771;S
20240208;124729;7301.500000000;13;9566078772;S
20240208;124729;7301.000000000;6;9566078773;S
20240208;124729;7300.500000000;20;9566078774;S
20240208;124732;7302.500000000;4;9566079105;B
20240208;124732;7303.000000000;18;9566079106;B
20240208;124734;7302.000000000;13;9566079416;S
20240208;124734;7302.000000000;16;9566079417;S
20240208;124734;7301.000000000;3;9566079418;S
20240208;124734;7300.500000000;21;9566079419;S
20240208;124734;7300.000000000;102;9566079420;S
20240208;124734;7300.000000000;1;9566079421;S
20240208;124734;7300.000000000;5;9566079422;S
20240208;124734;7300.000000000;1;9566079424;B
20240208;124739;7297.000000000;10;9566080000;S
20240208;124739;7296.500000000;1;9566080001;S
20240208;124739;7296.500000000;13;9566080002;S
20240208;124739;7295.500000000;1;9566080003;S
20240208;124739;7295.500000000;7;9566080004;S
20240208;124739;7295.500000000;1;9566080005;S
20240208;124739;7295.000000000;1;9566080006;S
20240208;124739;7295.000000000;2;9566080007;S
20240208;124739;7295.000000000;4;9566080008;S
20240208;124739;7295.000000000;1;9566080009;S
20240208;124739;7295.000000000;10;9566080010;S
20240208;124739;7295.000000000;10;9566080011;S
20240208;124739;7295.000000000;20;9566080012;S
20240208;124739;7294.500000000;1;9566080013;S
20240208;124739;7294.500000000;20;9566080014;S
20240208;124752;7298.000000000;1;9566081827;B
20240208;124752;7299.000000000;13;9566081828;B
20240208;124752;7299.000000000;8;9566081829;B
20240208;124756;7296.000000000;21;9566082258;S
20240208;124756;7295.500000000;13;9566082259;S
20240208;124756;7294.500000000;7;9566082260;S
20240208;124756;7294.500000000;8;9566082261;S
20240208;124813;7300.000000000;1;9566084234;B
20240208;124813;7300.000000000;22;9566084256;B
20240208;124833;7299.500000000;4;9566087309;B
20240208;124834;7300.000000000;22;9566087555;B
20240208;124839;7300.000000000;1;9566088132;B
20240208;124840;7300.000000000;1;9566088315;B
20240208;124841;7299.000000000;5;9566088484;S
20240208;124844;7298.500000000;5;9566088977;S
20240208;124853;7300.000000000;20;9566090479;B
20240208;124853;7300.000000000;2;9566090490;B
20240208;124855;7300.000000000;22;9566090811;B
20240208;124902;7299.500000000;7;9566091608;S
20240208;124908;7300.000000000;8;9566092285;B
20240208;124916;7300.000000000;22;9566093395;B
20240208;124922;7299.000000000;10;9566094228;S
20240208;124933;7300.000000000;1;9566095617;B
20240208;124937;7300.000000000;22;9566096002;B
20240208;124939;7300.000000000;100;9566096262;B
20240208;124943;7300.000000000;1;9566096788;B
20240208;124943;7300.000000000;10;9566096789;B
20240208;124946;7300.000000000;1;9566097175;B
20240208;124946;7300.000000000;41;9566097256;B
20240208;124948;7300.000000000;14;9566097432;B
20240208;124948;7300.000000000;27;9566097449;B
20240208;124958;7300.000000000;6;9566098829;B
20240208;124958;7300.000000000;1;9566098830;B
20240208;124958;7300.000000000;10;9566098831;B
20240208;124958;7300.000000000;5;9566098832;B
20240208;124959;7300.000000000;1;9566098973;B
20240208;125001;7300.000000000;1;9566099142;B
20240208;125009;7300.000000000;13;9566100203;B
20240208;125009;7300.000000000;1;9566100204;B
20240208;125019;7300.000000000;2;9566101479;B
20240208;125019;7300.500000000;19;9566101540;B
20240208;125019;7300.500000000;1;9566101541;B
20240208;125019;7301.500000000;2;9566101542;B
20240208;125019;7303.000000000;13;9566101543;B
20240208;125040;7302.500000000;7;9566103693;B
20240208;125040;7303.000000000;15;9566103694;B
20240208;125044;7299.500000000;5;9566104223;S
20240208;125101;7302.500000000;6;9566106203;B
20240208;125101;7302.500000000;13;9566106204;B
20240208;125101;7303.000000000;3;9566106205;B
20240208;125102;7303.000000000;7;9566106351;B
20240208;125105;7303.000000000;5;9566106752;B
20240208;125107;7303.000000000;4;9566106994;B
20240208;125122;7303.000000000;22;9566108973;B
20240208;125124;7303.000000000;1;9566109246;B
20240208;125124;7302.000000000;1;9566109273;S
20240208;125126;7302.000000000;7;9566109446;S
20240208;125126;7300.000000000;6;9566109447;B
20240208;125126;7297.500000000;5;9566109529;S
20240208;125126;7297.000000000;2;9566109530;S
20240208;125128;7297.000000000;4;9566109715;B
20240208;125128;7297.000000000;9;9566109716;B
20240208;125134;7299.500000000;2;9566110417;B
20240208;125135;7297.000000000;1;9566110544;S
20240208;125139;7297.000000000;3;9566110986;S
20240208;125139;7296.500000000;11;9566110987;S
20240208;125142;7299.000000000;22;9566111439;B
20240208;125147;7299.000000000;1;9566112031;B
20240208;125151;7296.500000000;21;9566112465;S
20240208;125151;7296.000000000;9;9566112466;S
20240208;125156;7299.000000000;1;9566113052;B
20240208;125203;7298.500000000;12;9566114092;B
20240208;125203;7299.000000000;2;9566114093;B
20240208;125203;7299.000000000;3;9566114094;B
20240208;125203;7299.000000000;5;9566114095;B
20240208;125212;7299.500000000;6;9566114969;B
20240208;125213;7299.000000000;1;9566115023;S
20240208;125223;7299.000000000;1;9566116186;S
20240208;125224;7299.500000000;12;9566116322;B
20240208;125224;7300.000000000;10;9566116323;B
20240208;125239;7299.000000000;3;9566117789;S
20240208;125239;7298.500000000;1;9566117790;S
20240208;125245;7300.000000000;22;9566119060;B
20240208;125306;7300.000000000;22;9566121791;B
20240208;125308;7300.000000000;8;9566121987;B
20240208;125309;7300.000000000;2;9566122097;B
20240208;125322;7299.000000000;1;9566123722;S
20240208;125327;7300.000000000;22;9566124325;B
20240208;125347;7298.500000000;19;9566126533;S
20240208;125348;7300.000000000;22;9566126664;B
20240208;125351;7300.000000000;1;9566127177;B
20240208;125405;7299.000000000;2;9566128901;S
20240208;125407;7298.500000000;5;9566129138;S
20240208;125409;7299.500000000;1;9566129288;B
20240208;125409;7300.000000000;21;9566129289;B
20240208;125412;7298.000000000;5;9566129643;S
20240208;125423;7298.000000000;1;9566131043;S
20240208;125430;7299.000000000;22;9566131790;B
20240208;125430;7299.000000000;1;9566131845;B
20240208;125433;7299.000000000;12;9566132074;B
20240208;125447;7300.000000000;107;9566134116;B
20240208;125451;7300.000000000;22;9566134674;B
20240208;125452;7299.000000000;13;9566134856;S
20240208;125452;7298.500000000;21;9566134857;S
20240208;125452;7298.500000000;34;9566134858;S
20240208;125452;7298.000000000;9;9566134859;S
20240208;125452;7298.000000000;1;9566134860;S
20240208;125452;7298.000000000;50;9566134861;S
20240208;125452;7297.000000000;3;9566134862;S
20240208;125452;7297.000000000;10;9566134863;S
20240208;125452;7296.500000000;11;9566134864;S
20240208;125454;7299.500000000;1;9566135037;B
20240208;125459;7298.000000000;5;9566135589;S
20240208;125459;7300.000000000;15;9566135601;B
20240208;125503;7300.000000000;1;9566135935;B
20240208;125505;7297.500000000;3;9566136225;S
20240208;125505;7297.500000000;2;9566136226;S
20240208;125507;7298.000000000;8;9566136595;B
20240208;125512;7298.000000000;22;9566137406;B
20240208;125518;7296.500000000;5;9566138188;B
20240208;125528;7297.500000000;2;9566139518;B
20240208;125529;7297.500000000;1;9566139618;B
20240208;125529;7298.000000000;13;9566139619;B
20240208;125529;7298.000000000;7;9566139621;B
20240208;125529;7298.500000000;4;9566139683;B
20240208;125532;7298.500000000;5;9566139927;B
20240208;125532;7298.500000000;4;9566139928;B
20240208;125532;7298.500000000;12;9566139958;B
20240208;125532;7299.500000000;10;9566139959;B
20240208;125532;7300.000000000;2;9566139962;B
20240208;125542;7298.000000000;10;9566140975;S
20240208;125547;7299.500000000;4;9566141624;S
20240208;125547;7299.500000000;1;9566141625;S
20240208;125547;7299.500000000;9;9566141664;S
20240208;125553;7300.000000000;22;9566142305;B
20240208;125555;7299.500000000;1;9566142496;S
20240208;125604;7297.000000000;5;9566143625;B
20240208;125604;7297.000000000;1;9566143649;B
20240208;125608;7296.500000000;4;9566144099;S
20240208;125609;7296.500000000;1;9566144195;S
20240208;125609;7296.500000000;4;9566144200;S
20240208;125614;7297.000000000;7;9566144767;B
20240208;125614;7298.500000000;13;9566144768;B
20240208;125614;7299.000000000;2;9566144769;B
20240208;125616;7299.000000000;18;9566144973;B
20240208;125617;7297.500000000;4;9566145066;S
20240208;125617;7297.500000000;4;9566145067;B
20240208;125619;7297.500000000;11;9566145413;S
20240208;125619;7297.000000000;21;9566145414;S
20240208;125619;7296.500000000;16;9566145415;S
20240208;125619;7296.500000000;2;9566145416;S
20240208;125623;7296.500000000;1;9566146105;S
20240208;125623;7296.000000000;30;9566146106;S
20240208;125623;7296.000000000;2;9566146107;S
20240208;125623;7296.000000000;13;9566146108;S
20240208;125623;7296.000000000;4;9566146109;B
20240208;125623;7298.500000000;13;9566146110;B
20240208;125623;7298.500000000;2;9566146111;S
20240208;125624;7299.000000000;15;9566146126;B
20240208;125627;7296.000000000;70;9566146575;B
20240208;125627;7296.500000000;13;9566146576;B
20240208;125627;7299.000000000;20;9566146577;B
20240208;125627;7299.500000000;11;9566146578;B
20240208;125627;7300.000000000;188;9566146579;B
20240208;125627;7300.000000000;1;9566146580;B
20240208;125627;7300.000000000;2;9566146581;B
20240208;125627;7300.000000000;1;9566146582;B
20240208;125627;7300.000000000;5;9566146583;B
20240208;125627;7300.000000000;10;9566146584;B
20240208;125627;7301.500000000;5;9566146585;B
20240208;125627;7301.500000000;5;9566146586;B
20240208;125627;7302.000000000;2;9566146587;B
20240208;125627;7303.000000000;10;9566146588;B
20240208;125634;7302.500000000;1;9566147444;B
20240208;125635;7302.500000000;20;9566147522;B
20240208;125635;7303.000000000;2;9566147523;B
20240208;125636;7301.500000000;5;9566147608;B
20240208;125637;7301.000000000;2;9566147719;S
20240208;125640;7301.500000000;1;9566147972;S
20240208;125650;7302.000000000;2;9566149169;S
20240208;125651;7302.000000000;5;9566149292;S
20240208;125655;7302.000000000;2;9566149694;S
20240208;125656;7303.000000000;9;9566149755;B
20240208;125656;7303.000000000;5;9566149756;B
20240208;125656;7303.000000000;1;9566149757;B
20240208;125656;7303.000000000;1;9566149758;B
20240208;125656;7303.000000000;1;9566149759;B
20240208;125656;7303.000000000;1;9566149760;B
20240208;125656;7303.000000000;4;9566149761;B
20240208;125700;7302.000000000;1;9566150063;S
20240208;125700;7301.500000000;4;9566150064;S
20240208;125708;7303.000000000;4;9566150977;B
20240208;125709;7302.500000000;5;9566151103;S
20240208;125715;7302.500000000;3;9566151900;S
20240208;125715;7301.000000000;2;9566151901;S
20240208;125715;7301.500000000;3;9566151918;B
20240208;125717;7301.000000000;6;9566152112;B
20240208;125717;7303.000000000;2;9566152113;B
20240208;125717;7304.000000000;12;9566152114;B
20240208;125717;7304.000000000;1;9566152115;B
20240208;125717;7304.500000000;1;9566152116;B
20240208;125718;7304.000000000;1;9566152189;B
20240208;125718;7304.000000000;5;9566152252;B
20240208;125719;7300.500000000;5;9566152298;S
20240208;125733;7300.500000000;2;9566153535;S
20240208;125733;7300.500000000;2;9566153536;S
20240208;125733;7300.000000000;1;9566153537;S
20240208;125736;7300.500000000;5;9566153803;S
20240208;125738;7303.000000000;21;9566154031;B
20240208;125738;7303.500000000;1;9566154032;B
20240208;125741;7300.500000000;1;9566154286;S
20240208;125741;7300.500000000;3;9566154287;S
20240208;125741;7300.000000000;1;9566154288;S
20240208;125746;7301.000000000;1;9566154967;S
20240208;125746;7300.500000000;3;9566154968;S
20240208;125746;7300.500000000;1;9566154969;S
20240208;125750;7300.500000000;2;9566155413;S
20240208;125750;7300.000000000;3;9566155414;S
20240208;125753;7303.500000000;1;9566155655;B
20240208;125753;7304.000000000;4;9566155656;B
20240208;125753;7304.000000000;21;9566155657;B
20240208;125753;7304.000000000;12;9566155658;B
20240208;125753;7304.500000000;2;9566155659;B
20240208;125755;7301.000000000;1;9566155840;S
20240208;125755;7301.000000000;4;9566155841;S
20240208;125759;7303.000000000;1;9566156224;B
20240208;125759;7304.000000000;12;9566156225;B
20240208;125759;7304.000000000;8;9566156226;B
20240208;125759;7304.500000000;1;9566156227;B
20240208;125759;7301.500000000;1;9566156264;S
20240208;125759;7300.500000000;1;9566156265;S
20240208;125759;7300.500000000;3;9566156266;S
20240208;125804;7301.500000000;1;9566156664;S
20240208;125804;7301.500000000;4;9566156665;S
20240208;125807;7301.500000000;5;9566156987;S
20240208;125818;7302.000000000;15;9566158297;B
20240208;125818;7302.000000000;40;9566158298;B
20240208;125820;7303.000000000;1;9566158486;B
20240208;125820;7303.000000000;5;9566158487;B
20240208;125820;7303.500000000;1;9566158488;B
20240208;125820;7303.500000000;12;9566158489;B
20240208;125820;7304.000000000;1;9566158490;B
20240208;125820;7304.500000000;1;9566158491;B
20240208;125820;7304.500000000;1;9566158492;B
20240208;125820;7302.000000000;5;9566158563;S
20240208;125828;7302.500000000;4;9566159542;S
20240208;125828;7302.000000000;1;9566159543;S
20240208;125833;7304.500000000;2;9566160127;B
20240208;125834;7304.500000000;1;9566160152;B
20240208;125841;7304.500000000;1;9566160899;B
20240208;125841;7304.500000000;3;9566160900;B
20240208;125841;7304.500000000;18;9566160901;B
20240208;125843;7305.000000000;1;9566161218;B
20240208;125847;7302.500000000;1;9566161645;S
20240208;125856;7304.500000000;13;9566162637;B
20240208;125901;7305.000000000;9;9566163098;B
20240208;125901;7305.000000000;10;9566163099;B
20240208;125901;7305.000000000;1;9566163100;B
20240208;125901;7305.500000000;2;9566163101;B
20240208;125907;7307.000000000;9;9566163735;B
20240208;125907;7307.500000000;6;9566163736;B
20240208;125907;7307.500000000;5;9566163737;B
20240208;125907;7307.500000000;9;9566163738;B
20240208;125907;7307.500000000;1;9566163739;B
20240208;125916;7306.500000000;1;9566164810;S
20240208;125918;7307.500000000;1;9566164931;B
20240208;125922;7308.000000000;22;9566165437;B
20240208;125923;7308.000000000;82;9566165490;B
20240208;125934;7308.000000000;2;9566166488;B
20240208;125935;7308.000000000;12;9566166516;B
20240208;125937;7308.000000000;1;9566166694;B
20240208;125943;7308.000000000;22;9566167506;B
20240208;125947;7307.000000000;1;9566168025;S
20240208;125952;7307.000000000;2;9566168617;S
20240208;125952;7306.500000000;6;9566168618;S
20240208;125952;7306.500000000;2;9566168619;S
20240208;125954;7306.500000000;1;9566168770;S
20240208;130000;7306.500000000;1;9566169324;S
20240208;130000;7306.000000000;4;9566169325;S
20240208;130000;7305.500000000;4;9566169326;S
20240208;130000;7307.500000000;13;9566169351;B
20240208;130000;7307.500000000;10;9566169352;B
20240208;130004;7308.000000000;22;9566170019;B
20240208;130006;7308.000000000;3;9566170321;B
20240208;130025;7306.500000000;1;9566172291;B
20240208;130025;7307.000000000;1;9566172292;B
20240208;130025;7307.500000000;11;9566172293;B
20240208;130025;7308.000000000;9;9566172294;B
20240208;130027;7308.000000000;5;9566172536;B
20240208;130030;7306.000000000;7;9566172797;S
20240208;130030;7305.500000000;8;9566172798;S
20240208;130045;7305.000000000;10;9566174307;S
20240208;130046;7305.500000000;15;9566174374;B
20240208;130046;7305.500000000;7;9566174375;B
20240208;130047;7308.000000000;37;9566174533;B
20240208;130055;7306.000000000;21;9566175305;S
20240208;130059;7306.000000000;1;9566176091;B
20240208;130101;7305.000000000;50;9566176565;S
20240208;130101;7305.000000000;5;9566176566;S
20240208;130101;7304.000000000;1;9566176600;S
20240208;130101;7304.000000000;5;9566176651;S
20240208;130102;7305.500000000;11;9566176824;B
20240208;130102;7305.500000000;10;9566176825;B
20240208;130102;7306.000000000;12;9566176826;B
20240208;130102;7306.500000000;20;9566176827;B
20240208;130102;7307.000000000;10;9566176828;B
20240208;130102;7307.500000000;21;9566176829;B
20240208;130102;7307.500000000;10;9566176830;B
20240208;130102;7308.000000000;6;9566176831;B
20240208;130103;7304.000000000;5;9566177104;S
20240208;130104;7304.000000000;39;9566177277;S
20240208;130107;7303.500000000;11;9566177564;B
20240208;130107;7304.000000000;1;9566177565;B
20240208;130107;7304.500000000;10;9566177566;B
20240208;130108;7303.500000000;2;9566177645;S
20240208;130117;7304.000000000;4;9566178932;B
20240208;130117;7305.000000000;11;9566178933;B
20240208;130117;7305.500000000;20;9566178934;B
20240208;130117;7306.000000000;2;9566178935;B
20240208;130117;7306.500000000;21;9566178936;B
20240208;130117;7306.500000000;27;9566178937;B
20240208;130117;7307.000000000;4;9566178938;B
20240208;130117;7307.500000000;10;9566178939;B
20240208;130117;7308.000000000;24;9566178940;B
20240208;130128;7305.500000000;5;9566180101;S
20240208;130128;7306.500000000;2;9566180127;B
20240208;130128;7307.000000000;11;9566180128;B
20240208;130128;7307.500000000;9;9566180129;B
20240208;130132;7307.500000000;18;9566180476;B
20240208;130132;7308.000000000;39;9566180477;B
20240208;130132;7308.000000000;3;9566180478;B
20240208;130132;7308.000000000;1;9566180479;B
20240208;130132;7308.000000000;2;9566180480;B
20240208;130132;7308.000000000;1;9566180481;B
20240208;130132;7308.000000000;11;9566180482;B
20240208;130132;7309.000000000;20;9566180483;B
20240208;130132;7310.000000000;20;9566180484;B
20240208;130132;7310.000000000;1;9566180485;B
20240208;130132;7310.000000000;1;9566180486;B
20240208;130132;7310.000000000;8;9566180487;B
20240208;130132;7310.000000000;1;9566180488;B
20240208;130132;7310.000000000;10;9566180489;B
20240208;130132;7310.000000000;10;9566180490;B
20240208;130132;7311.500000000;10;9566180491;B
20240208;130132;7311.500000000;20;9566180492;B
20240208;130132;7312.500000000;1;9566180493;B
20240208;130132;7312.500000000;5;9566180494;B
20240208;130132;7313.000000000;5;9566180495;B
20240208;130132;7313.000000000;58;9566180496;B
20240208;130132;7313.000000000;58;9566180497;B
20240208;130132;7313.500000000;20;9566180498;B
20240208;130132;7314.000000000;2;9566180499;B
20240208;130132;7314.000000000;40;9566180500;B
20240208;130132;7314.500000000;40;9566180501;B
20240208;130132;7315.000000000;15;9566180502;B
20240208;130132;7312.500000000;15;9566180505;B
20240208;130132;7312.500000000;10;9566180531;B
20240208;130133;7309.500000000;21;9566180609;S
20240208;130133;7309.500000000;20;9566180610;S
20240208;130133;7309.000000000;11;9566180611;S
20240208;130133;7307.500000000;20;9566180612;S
20240208;130133;7307.000000000;11;9566180613;S
20240208;130133;7306.500000000;20;9566180614;S
20240208;130133;7306.000000000;58;9566180615;S
20240208;130133;7305.500000000;90;9566180616;S
20240208;130133;7305.000000000;20;9566180617;S
20240208;130133;7304.500000000;40;9566180618;S
20240208;130133;7304.500000000;10;9566180619;S
20240208;130133;7304.500000000;40;9566180620;S
20240208;130133;7304.000000000;50;9566180621;S
20240208;130133;7304.000000000;15;9566180622;S
20240208;130133;7304.000000000;20;9566180623;S
20240208;130133;7304.000000000;40;9566180624;S
20240208;130133;7303.500000000;6;9566180625;S
20240208;130133;7303.500000000;8;9566180626;S
20240208;130135;7309.500000000;3;9566180791;B
20240208;130135;7310.000000000;5;9566180792;B
20240208;130135;7309.500000000;2;9566180794;B
20240208;130143;7309.500000000;1;9566181657;B
20240208;130143;7309.500000000;10;9566181672;B
20240208;130147;7309.500000000;6;9566181998;S
20240208;130149;7311.000000000;10;9566182181;B
20240208;130149;7311.000000000;12;9566182182;B
20240208;130150;7310.000000000;4;9566182393;B
20240208;130151;7310.000000000;15;9566182517;B
20240208;130155;7312.000000000;3;9566182946;B
20240208;130155;7310.000000000;2;9566182976;S
20240208;130159;7309.500000000;10;9566183385;S
20240208;130207;7309.500000000;9;9566184038;S
20240208;130207;7309.500000000;1;9566184039;S
20240208;130210;7310.000000000;22;9566184285;B
20240208;130211;7309.500000000;9;9566184474;S
20240208;130213;7309.500000000;1;9566184745;S
20240208;130213;7307.000000000;1;9566184746;S
20240208;130213;7306.500000000;7;9566184808;B
20240208;130215;7308.000000000;6;9566185233;B
20240208;130215;7309.500000000;10;9566185234;B
20240208;130215;7309.500000000;20;9566185235;B
20240208;130215;7310.000000000;1;9566185236;B
20240208;130215;7311.500000000;8;9566185237;B
20240208;130215;7312.000000000;2;9566185238;B
20240208;130215;7312.000000000;21;9566185239;B
20240208;130215;7312.000000000;27;9566185240;B
20240208;130215;7312.500000000;41;9566185241;B
20240208;130217;7311.000000000;15;9566185504;B
20240208;130218;7311.000000000;3;9566185587;B
20240208;130224;7308.500000000;4;9566186191;B
20240208;130231;7308.500000000;6;9566186907;B
20240208;130231;7309.000000000;10;9566186908;B
20240208;130231;7310.000000000;5;9566186909;B
20240208;130231;7310.500000000;1;9566186910;B
20240208;130236;7311.500000000;1;9566187461;B
20240208;130251;7309.000000000;3;9566189036;B
20240208;130251;7310.000000000;10;9566189037;B
20240208;130251;7310.500000000;4;9566189038;B
20240208;130251;7311.000000000;5;9566189039;B
20240208;130253;7309.500000000;1;9566189214;B
20240208;130253;7311.500000000;9;9566189215;B
20240208;130253;7309.000000000;1;9566189216;S
20240208;130256;7309.000000000;1;9566189417;S
20240208;130307;7309.500000000;8;9566190419;B
20240208;130310;7309.000000000;27;9566190645;S
20240208;130312;7309.500000000;7;9566190980;B
20240208;130312;7310.500000000;10;9566190981;B
20240208;130312;7311.000000000;5;9566190982;B
20240208;130322;7309.500000000;1;9566192190;S
20240208;130322;7309.500000000;2;9566192251;S
20240208;130322;7309.500000000;3;9566192252;S
20240208;130322;7309.000000000;11;9566192253;S
20240208;130322;7308.500000000;10;9566192254;S
20240208;130323;7308.000000000;1;9566192333;B
20240208;130333;7308.000000000;12;9566193200;B
20240208;130333;7308.500000000;10;9566193201;B
20240208;130338;7306.500000000;1;9566193581;S
20240208;130338;7306.500000000;15;9566193582;S
20240208;130338;7306.500000000;9;9566193583;S
20240208;130338;7306.000000000;25;9566193584;S
20240208;130345;7307.000000000;1;9566194335;S
20240208;130345;7306.000000000;9;9566194336;S
20240208;130345;7306.000000000;10;9566194337;S
20240208;130347;7305.500000000;1;9566194494;S
20240208;130347;7305.500000000;12;9566194495;S
20240208;130347;7305.000000000;1;9566194496;S
20240208;130347;7305.000000000;25;9566194497;S
20240208;130347;7304.500000000;1;9566194498;S
20240208;130347;7304.500000000;9;9566194499;S
20240208;130347;7304.500000000;1;9566194500;S
20240208;130350;7304.500000000;6;9566194839;S
20240208;130350;7304.500000000;9;9566194840;S
20240208;130350;7304.500000000;43;9566194841;S
20240208;130350;7304.000000000;32;9566194842;S
20240208;130350;7304.000000000;19;9566194843;S
20240208;130354;7306.000000000;1;9566195317;B
20240208;130354;7306.000000000;1;9566195318;B
20240208;130354;7307.500000000;7;9566195319;B
20240208;130354;7307.500000000;9;9566195320;B
20240208;130354;7308.000000000;4;9566195321;B
20240208;130357;7306.500000000;1;9566195772;S
20240208;130357;7305.500000000;9;9566195773;S
20240208;130357;7305.500000000;3;9566195774;S
20240208;130357;7305.000000000;1;9566195775;S
20240208;130357;7305.000000000;25;9566195776;S
20240208;130357;7304.500000000;21;9566195777;S
20240208;130359;7304.500000000;3;9566196000;S
20240208;130401;7307.500000000;1;9566196179;B
20240208;130406;7305.000000000;8;9566196794;B
20240208;130410;7306.500000000;1;9566197252;B
20240208;130415;7306.500000000;20;9566197856;B
20240208;130415;7307.000000000;2;9566197857;B
20240208;130418;7304.500000000;1;9566198183;S
20240208;130418;7304.500000000;4;9566198184;S
20240208;130418;7304.000000000;60;9566198185;S
20240208;130418;7304.000000000;9;9566198186;S
20240208;130418;7304.000000000;25;9566198187;S
20240208;130418;7303.500000000;1;9566198188;S
20240208;130419;7304.000000000;1;9566198273;S
20240208;130419;7303.500000000;1;9566198274;S
20240208;130419;7303.500000000;17;9566198275;S
20240208;130422;7303.500000000;75;9566198555;S
20240208;130423;7303.500000000;100;9566198697;S
20240208;130428;7303.500000000;5;9566199057;S
20240208;130430;7303.500000000;35;9566199261;S
20240208;130430;7303.000000000;9;9566199262;S
20240208;130430;7303.000000000;25;9566199263;S
20240208;130430;7302.000000000;31;9566199264;S
20240208;130430;7302.000000000;2;9566199288;S
20240208;130436;7302.500000000;3;9566199706;B
20240208;130436;7303.500000000;3;9566199707;B
20240208;130436;7303.500000000;1;9566199708;B
20240208;130436;7303.500000000;9;9566199709;B
20240208;130436;7304.500000000;6;9566199710;B
20240208;130445;7302.500000000;2;9566200561;S
20240208;130447;7302.500000000;1;9566200846;S
20240208;130447;7302.500000000;9;9566200847;S
20240208;130447;7302.000000000;30;9566200848;S
20240208;130447;7302.000000000;5;9566200849;S
20240208;130447;7301.500000000;10;9566200850;S
20240208;130447;7301.500000000;25;9566200851;S
20240208;130447;7301.000000000;50;9566200852;S
20240208;130447;7300.500000000;5;9566200853;S
20240208;130447;7300.500000000;9;9566200854;S
20240208;130448;7300.500000000;23;9566200944;S
20240208;130448;7300.500000000;25;9566200945;S
20240208;130448;7300.500000000;2;9566200946;S
20240208;130448;7300.000000000;50;9566200947;S
20240208;130457;7304.000000000;9;9566201734;B
20240208;130457;7305.000000000;2;9566201735;B
20240208;130457;7305.000000000;11;9566201736;B
20240208;130507;7305.000000000;30;9566202830;B
20240208;130507;7305.000000000;9;9566202831;B
20240208;130507;7305.500000000;10;9566202832;B
20240208;130507;7306.500000000;20;9566202833;B
20240208;130507;7307.000000000;2;9566202834;B
20240208;130507;7307.000000000;6;9566202835;B
20240208;130507;7307.000000000;10;9566202836;B
20240208;130518;7307.000000000;22;9566204035;B
20240208;130523;7305.500000000;8;9566204757;S
20240208;130523;7305.500000000;21;9566204758;S
20240208;130523;7305.000000000;9;9566204759;S
20240208;130523;7305.000000000;10;9566204760;S
20240208;130523;7304.500000000;23;9566204761;S
20240208;130523;7303.000000000;20;9566204762;S
20240208;130523;7302.000000000;9;9566204763;S
20240208;130523;7305.000000000;1;9566204808;S
20240208;130532;7302.500000000;1;9566205522;S
20240208;130539;7306.000000000;8;9566206092;B
20240208;130539;7306.500000000;9;9566206093;B
20240208;130539;7306.500000000;5;9566206094;B
20240208;130541;7304.000000000;1;9566206247;S
20240208;130544;7303.500000000;8;9566206673;S
20240208;130548;7305.000000000;4;9566207210;B
20240208;130548;7305.500000000;1;9566207211;B
20240208;130600;7308.000000000;1;9566208337;B
20240208;130600;7308.000000000;4;9566208338;B
20240208;130600;7308.000000000;2;9566208339;B
20240208;130600;7308.000000000;8;9566208340;B
20240208;130600;7308.500000000;7;9566208341;B
20240208;130611;7307.500000000;1;9566209291;S
20240208;130611;7306.000000000;8;9566209292;S
20240208;130611;7305.500000000;3;9566209293;S
20240208;130611;7305.500000000;1;9566209294;S
20240208;130611;7305.000000000;12;9566209295;S
20240208;130611;7305.000000000;5;9566209296;B
20240208;130611;7305.000000000;1;9566209307;S
20240208;130613;7305.500000000;6;9566209413;B
20240208;130613;7305.500000000;9;9566209414;B
20240208;130621;7308.000000000;8;9566210267;B
20240208;130621;7308.000000000;1;9566210268;B
20240208;130621;7308.500000000;8;9566210269;B
20240208;130621;7309.000000000;5;9566210270;B
20240208;130637;7306.000000000;1;9566212004;S
20240208;130641;7308.500000000;4;9566212648;B
20240208;130641;7308.500000000;8;9566212649;B
20240208;130641;7308.500000000;10;9566212650;B
20240208;130655;7306.000000000;8;9566213868;S
20240208;130702;7306.000000000;5;9566214484;B
20240208;130702;7308.000000000;8;9566214485;B
20240208;130702;7308.500000000;9;9566214486;B
20240208;130705;7305.500000000;8;9566214667;S
20240208;130705;7305.000000000;1;9566214668;S
20240208;130705;7305.000000000;5;9566214669;S
20240208;130709;7307.000000000;8;9566215026;S
20240208;130717;7304.500000000;3;9566215661;S
20240208;130723;7303.000000000;1;9566216274;S
20240208;130723;7302.000000000;1;9566216275;S
20240208;130723;7302.000000000;4;9566216276;S
20240208;130723;7304.000000000;1;9566216367;B
20240208;130723;7304.000000000;1;9566216368;B
20240208;130723;7304.500000000;12;9566216369;B
20240208;130723;7304.500000000;8;9566216370;B
20240208;130733;7301.500000000;1;9566217312;S
20240208;130733;7301.500000000;6;9566217392;S
20240208;130733;7301.500000000;1;9566217515;S
20240208;130733;7301.500000000;2;9566217623;S
20240208;130734;7301.500000000;3;9566217825;S
20240208;130734;7301.500000000;1;9566217949;S
20240208;130734;7301.500000000;7;9566218006;S
20240208;130734;7301.500000000;1;9566218085;S
20240208;130736;7301.500000000;6;9566218568;S
20240208;130736;7301.500000000;22;9566218569;S
20240208;130736;7301.000000000;4;9566218580;S
20240208;130736;7301.000000000;5;9566218581;S
20240208;130736;7300.000000000;124;9566218585;S
20240208;130736;7300.000000000;21;9566218586;S
20240208;130736;7300.000000000;1;9566218587;S
20240208;130736;7300.000000000;5;9566218588;S
20240208;130736;7300.000000000;10;9566218589;S
20240208;130736;7300.000000000;10;9566218590;S
20240208;130736;7300.000000000;100;9566218591;S
20240208;130736;7300.000000000;130;9566218592;S
20240208;130736;7300.000000000;15;9566218593;S
20240208;130736;7300.000000000;1;9566218594;S
20240208;130736;7300.000000000;21;9566218595;S
20240208;130736;7300.000000000;21;9566218596;S
20240208;130736;7300.000000000;21;9566218597;S
20240208;130736;7300.000000000;21;9566218599;S
20240208;130736;7300.000000000;21;9566218600;S
20240208;130736;7300.000000000;21;9566218601;S
20240208;130736;7300.000000000;21;9566218602;S
20240208;130736;7300.000000000;21;9566218603;S
20240208;130736;7300.000000000;21;9566218604;S
20240208;130736;7300.000000000;21;9566218605;S
20240208;130736;7300.000000000;21;9566218606;S
20240208;130736;7300.000000000;21;9566218607;S
20240208;130736;7300.000000000;21;9566218608;S
20240208;130736;7300.000000000;21;9566218609;S
20240208;130736;7300.000000000;21;9566218610;S
20240208;130736;7300.000000000;21;9566218611;S
20240208;130736;7300.000000000;21;9566218612;S
20240208;130736;7300.000000000;25;9566218613;S
20240208;130736;7300.000000000;21;9566218614;S
20240208;130736;7300.000000000;21;9566218615;S
20240208;130736;7300.000000000;21;9566218616;S
20240208;130736;7300.000000000;21;9566218617;S
20240208;130736;7300.000000000;21;9566218618;S
20240208;130736;7300.000000000;21;9566218619;S
20240208;130736;7300.000000000;21;9566218620;S
20240208;130736;7300.000000000;21;9566218621;S
20240208;130736;7300.000000000;21;9566218622;S
20240208;130736;7300.000000000;21;9566218623;S
20240208;130736;7300.000000000;21;9566218624;S
20240208;130736;7300.000000000;21;9566218625;S
20240208;130736;7300.000000000;21;9566218626;S
20240208;130736;7300.000000000;21;9566218627;S
20240208;130736;7300.000000000;21;9566218628;S
20240208;130736;7300.000000000;21;9566218629;S
20240208;130736;7300.000000000;21;9566218630;S
20240208;130736;7300.000000000;21;9566218631;S
20240208;130736;7300.000000000;17;9566218632;S
20240208;130736;7300.000000000;17;9566218633;S
20240208;130736;7300.000000000;17;9566218634;S
20240208;130736;7300.000000000;17;9566218635;S
20240208;130736;7300.000000000;17;9566218636;S
20240208;130736;7300.000000000;17;9566218637;S
20240208;130736;7300.000000000;17;9566218638;S
20240208;130736;7300.000000000;17;9566218639;S
20240208;130736;7300.000000000;17;9566218640;S
20240208;130736;7300.000000000;17;9566218641;S
20240208;130736;7300.000000000;17;9566218642;S
20240208;130736;7300.000000000;17;9566218643;S
20240208;130736;7300.000000000;17;9566218644;S
20240208;130736;7300.000000000;17;9566218645;S
20240208;130736;7300.000000000;17;9566218646;S
20240208;130736;7300.000000000;17;9566218647;S
20240208;130736;7300.000000000;17;9566218648;S
20240208;130736;7300.000000000;21;9566218649;S
20240208;130736;7300.000000000;21;9566218650;S
20240208;130736;7300.000000000;4;9566218651;S
20240208;130736;7300.000000000;47;9566218652;S
20240208;130736;7300.000000000;8;9566218653;S
20240208;130736;7300.000000000;16;9566218654;S
20240208;130736;7300.000000000;20;9566218655;S
20240208;130736;7300.000000000;20;9566218656;S
20240208;130736;7300.000000000;7;9566218657;S
20240208;130736;7300.000000000;11;9566218658;S
20240208;130736;7300.000000000;15;9566218659;S
20240208;130736;7300.000000000;19;9566218660;S
20240208;130736;7300.000000000;2;9566218661;S
20240208;130736;7300.000000000;6;9566218662;S
20240208;130736;7300.000000000;10;9566218663;S
20240208;130736;7300.000000000;14;9566218664;S
20240208;130736;7300.000000000;14;9566218665;S
20240208;130736;7300.000000000;1;9566218666;S
20240208;130736;7300.000000000;1;9566218667;S
20240208;130736;7300.000000000;1;9566218668;S
20240208;130736;7300.000000000;18;9566218669;S
20240208;130736;7300.000000000;13;9566218670;S
20240208;130736;7300.000000000;10;9566218671;S
20240208;130736;7300.000000000;11;9566218672;S
20240208;130736;7300.000000000;12;9566218673;S
20240208;130736;7300.000000000;5;9566218674;S
20240208;130736;7300.000000000;15;9566218675;S
20240208;130736;7300.000000000;21;9566218676;S
20240208;130736;7300.000000000;2;9566218677;S
20240208;130736;7300.000000000;21;9566218678;S
20240208;130736;7300.000000000;15;9566218679;S
20240208;130736;7300.000000000;5;9566218680;S
20240208;130736;7300.000000000;12;9566218681;S
20240208;130736;7300.000000000;19;9566218682;S
20240208;130736;7300.000000000;18;9566218683;S
20240208;130736;7300.000000000;17;9566218684;S
20240208;130736;7300.000000000;16;9566218685;S
20240208;130736;7300.000000000;16;9566218686;S
20240208;130736;7300.000000000;6;9566218687;S
20240208;130736;7300.000000000;6;9566218688;S
20240208;130736;7300.000000000;6;9566218689;S
20240208;130736;7300.000000000;15;9566218690;S
20240208;130736;7300.000000000;10;9566218691;S
20240208;130736;7300.000000000;16;9566218692;S
20240208;130736;7300.000000000;16;9566218693;S
20240208;130736;7300.000000000;16;9566218694;S
20240208;130736;7300.000000000;14;9566218695;S
20240208;130736;7300.000000000;20;9566218696;S
20240208;130736;7300.000000000;15;9566218697;S
20240208;130736;7300.000000000;3;9566218698;S
20240208;130736;7300.000000000;5;9566218699;S
20240208;130736;7300.000000000;8;9566218700;S
20240208;130736;7300.000000000;12;9566218701;S
20240208;130736;7300.000000000;17;9566218702;S
20240208;130736;7300.000000000;1;9566218703;S
20240208;130736;7300.000000000;16;9566218704;S
20240208;130736;7300.000000000;10;9566218705;S
20240208;130736;7300.000000000;10;9566218706;S
20240208;130736;7300.000000000;10;9566218710;S
20240208;130736;7300.000000000;21;9566218711;S
20240208;130736;7300.000000000;21;9566218712;S
20240208;130736;7300.000000000;10;9566218713;S
20240208;130736;7300.000000000;15;9566218714;S
20240208;130736;7300.000000000;1;9566218715;S
20240208;130736;7300.000000000;2;9566218716;S
20240208;130736;7300.000000000;8;9566218717;S
20240208;130736;7300.000000000;5;9566218718;S
20240208;130736;7300.000000000;21;9566218719;S
20240208;130736;7300.000000000;13;9566218720;S
20240208;130736;7300.000000000;1;9566218721;S
20240208;130736;7300.000000000;5;9566218722;S
20240208;130736;7300.000000000;4;9566218723;S
20240208;130736;7300.000000000;9;9566218724;S
20240208;130736;7300.000000000;20;9566218725;S
20240208;130736;7300.000000000;10;9566218726;S
20240208;130736;7300.000000000;10;9566218727;S
20240208;130736;7300.000000000;21;9566218728;S
20240208;130736;7300.000000000;21;9566218729;S
20240208;130736;7300.000000000;11;9566218730;S
20240208;130736;7300.000000000;17;9566218731;S
20240208;130736;7300.000000000;16;9566218732;S
20240208;130736;7300.000000000;14;9566218733;S
20240208;130736;7300.000000000;6;9566218734;S
20240208;130736;7300.000000000;1;9566218735;S
20240208;130736;7300.000000000;1;9566218736;S
20240208;130736;7300.000000000;9;9566218737;S
20240208;130736;7300.000000000;1;9566218738;S
20240208;130736;7299.500000000;10;9566218740;S
20240208;130736;7299.000000000;1;9566218741;S
20240208;130738;7299.500000000;1;9566219562;B
20240208;130738;7298.500000000;10;9566219630;S
20240208;130744;7295.500000000;19;9566221037;B
20240208;130744;7296.000000000;3;9566221038;B
20240208;130745;7295.000000000;1;9566221102;S
20240208;130745;7295.000000000;2;9566221103;S
20240208;130745;7295.000000000;2;9566221104;S
20240208;130745;7294.500000000;5;9566221105;S
20240208;130745;7296.500000000;8;9566221119;B
20240208;130745;7294.000000000;1;9566221135;S
20240208;130745;7293.500000000;7;9566221136;S
20240208;130745;7293.500000000;2;9566221137;S
20240208;130745;7295.500000000;1;9566221259;S
20240208;130746;7293.500000000;11;9566221424;S
20240208;130746;7293.500000000;8;9566221425;S
20240208;130746;7293.000000000;11;9566221426;S
20240208;130751;7293.000000000;2;9566222329;S
20240208;130751;7293.000000000;2;9566222330;S
20240208;130751;7292.500000000;8;9566222331;S
20240208;130751;7292.000000000;21;9566222332;S
20240208;130751;7291.500000000;3;9566222333;S
20240208;130751;7291.500000000;1;9566222334;S
20240208;130751;7291.500000000;17;9566222335;S
20240208;130751;7291.500000000;5;9566222336;S
20240208;130751;7291.000000000;16;9566222337;S
20240208;130752;7291.000000000;5;9566222371;S
20240208;130805;7295.000000000;2;9566224299;B
20240208;130805;7295.500000000;20;9566224300;B
20240208;130812;7294.000000000;2;9566225152;B
20240208;130814;7292.000000000;1;9566225415;S
20240208;130814;7292.000000000;1;9566225416;S
20240208;130814;7291.500000000;8;9566225417;S
20240208;130814;7291.500000000;11;9566225418;S
20240208;130814;7291.500000000;2;9566225419;S
20240208;130814;7291.000000000;19;9566225420;S
20240208;130814;7291.000000000;33;9566225421;S
20240208;130826;7293.500000000;4;9566227019;B
20240208;130826;7294.000000000;1;9566227020;B
20240208;130826;7294.000000000;2;9566227021;B
20240208;130826;7294.000000000;8;9566227022;B
20240208;130826;7294.500000000;7;9566227023;B
20240208;130831;7294.000000000;1;9566227517;S
20240208;130831;7293.500000000;6;9566227518;S
20240208;130831;7293.500000000;8;9566227519;S
20240208;130831;7293.000000000;2;9566227520;S
20240208;130831;7293.000000000;14;9566227521;S
20240208;130831;7292.500000000;4;9566227522;S
20240208;130831;7292.000000000;1;9566227523;S
20240208;130831;7291.500000000;8;9566227524;S
20240208;130831;7291.500000000;21;9566227525;S
20240208;130831;7291.000000000;22;9566227526;S
20240208;130847;7294.000000000;8;9566229791;B
20240208;130847;7294.000000000;4;9566229792;B
20240208;130847;7294.500000000;1;9566229793;B
20240208;130847;7294.500000000;8;9566229794;B
20240208;130847;7294.500000000;1;9566229795;B
20240208;130848;7293.000000000;3;9566229923;S
20240208;130848;7293.000000000;1;9566229924;S
20240208;130848;7293.000000000;4;9566229925;S
20240208;130848;7292.500000000;8;9566229926;S
20240208;130848;7292.500000000;9;9566229927;S
20240208;130848;7292.500000000;2;9566229928;S
20240208;130855;7292.500000000;3;9566230714;S
20240208;130857;7292.500000000;1;9566230987;S
20240208;130859;7294.500000000;1;9566231491;B
20240208;130859;7294.500000000;4;9566231492;B
20240208;130859;7294.500000000;1;9566231493;B
20240208;130859;7295.000000000;7;9566231494;B
20240208;130859;7295.500000000;28;9566231495;B
20240208;130859;7295.500000000;9;9566231496;B
20240208;130908;7294.500000000;7;9566233788;B
20240208;130908;7295.000000000;6;9566233789;B
20240208;130908;7295.000000000;1;9566233790;B
20240208;130908;7295.000000000;8;9566233791;B
20240208;130910;7295.000000000;4;9566233954;B
20240208;130910;7295.000000000;1;9566233955;B
20240208;130914;7295.500000000;29;9566234670;B
20240208;130919;7295.000000000;14;9566235414;S
20240208;130929;7295.500000000;22;9566236544;B
20240208;130930;7295.000000000;75;9566236648;S
20240208;130931;7295.000000000;5;9566236733;S
20240208;130938;7295.500000000;9;9566237661;B
20240208;130942;7295.000000000;1;9566238281;S
20240208;130942;7295.000000000;1;9566238282;S
20240208;130942;7295.000000000;5;9566238283;S
20240208;130944;7295.000000000;4;9566238425;B
20240208;130944;7295.000000000;62;9566238449;B
20240208;130947;7295.000000000;4;9566238823;S
20240208;130950;7295.500000000;22;9566239068;B
20240208;130956;7295.500000000;1;9566239810;B
20240208;131011;7295.500000000;22;9566241466;B
20240208;131011;7295.500000000;28;9566241467;B
20240208;131011;7295.500000000;43;9566241468;B
20240208;131011;7295.500000000;65;9566241469;B
20240208;131016;7297.500000000;1;9566242109;B
20240208;131016;7298.000000000;5;9566242110;B
20240208;131016;7298.000000000;70;9566242111;B
20240208;131018;7299.000000000;5;9566242457;S
20240208;131023;7300.000000000;3;9566242969;B
20240208;131025;7300.000000000;1;9566243101;S
20240208;131029;7302.000000000;5;9566243626;S
20240208;131029;7302.000000000;4;9566243627;S
20240208;131029;7301.500000000;8;9566243628;S
20240208;131031;7302.500000000;8;9566243865;B
20240208;131031;7303.000000000;4;9566243866;B
20240208;131031;7303.000000000;6;9566243867;B
20240208;131031;7303.500000000;4;9566243868;B
20240208;131033;7300.500000000;21;9566244074;S
20240208;131033;7300.000000000;8;9566244075;S
20240208;131033;7300.000000000;8;9566244076;S
20240208;131033;7300.000000000;13;9566244077;S
20240208;131033;7299.000000000;6;9566244078;B
20240208;131033;7299.000000000;27;9566244079;B
20240208;131033;7299.000000000;50;9566244080;B
20240208;131033;7299.000000000;50;9566244081;B
20240208;131033;7299.000000000;44;9566244082;B
20240208;131033;7299.000000000;17;9566244083;B
20240208;131033;7299.000000000;67;9566244084;B
20240208;131033;7299.000000000;67;9566244085;B
20240208;131033;7299.000000000;17;9566244086;B
20240208;131033;7299.000000000;17;9566244087;B
20240208;131033;7299.000000000;17;9566244088;B
20240208;131033;7299.000000000;17;9566244089;B
20240208;131033;7299.000000000;17;9566244090;B
20240208;131033;7299.000000000;73;9566244091;B
20240208;131047;7300.500000000;1;9566245518;S
20240208;131052;7300.000000000;22;9566246149;B
20240208;131054;7299.500000000;2;9566246323;S
20240208;131105;7299.000000000;2;9566247354;S
20240208;131108;7300.000000000;8;9566247587;B
20240208;131109;7300.000000000;8;9566247704;B
20240208;131113;7300.000000000;17;9566248104;B
20240208;131113;7300.000000000;1;9566248105;B
20240208;131113;7300.500000000;4;9566248106;B
20240208;131125;7300.000000000;1;9566249311;S
20240208;131125;7300.000000000;2;9566249312;S
20240208;131125;7300.000000000;2;9566249313;S
20240208;131131;7302.000000000;1;9566249943;B
20240208;131134;7302.000000000;7;9566250253;B
20240208;131134;7302.000000000;2;9566250254;B
20240208;131134;7302.000000000;2;9566250255;B
20240208;131134;7302.000000000;2;9566250256;B
20240208;131134;7302.000000000;2;9566250257;B
20240208;131134;7302.000000000;1;9566250258;B
20240208;131134;7302.000000000;1;9566250259;B
20240208;131134;7302.500000000;5;9566250260;B
20240208;131139;7302.500000000;2;9566250646;B
20240208;131141;7303.000000000;3;9566250916;B
20240208;131141;7303.000000000;1;9566250925;S
20240208;131148;7303.500000000;10;9566251704;B
20240208;131154;7303.500000000;6;9566253277;B
20240208;131155;7303.500000000;9;9566253398;B
20240208;131155;7303.500000000;2;9566253399;B
20240208;131155;7304.000000000;7;9566253400;B
20240208;131155;7304.000000000;4;9566253401;B
20240208;131202;7303.500000000;1;9566254071;B
20240208;131202;7303.500000000;4;9566254072;B
20240208;131204;7303.000000000;1;9566254271;S
20240208;131205;7303.000000000;2;9566254360;S
20240208;131210;7303.500000000;1;9566254827;B
20240208;131210;7303.500000000;1;9566254828;B
20240208;131214;7303.000000000;1;9566255320;S
20240208;131216;7303.500000000;20;9566255537;B
20240208;131216;7304.000000000;2;9566255538;B
20240208;131218;7303.000000000;2;9566255886;S
20240208;131227;7303.000000000;116;9566256978;B
20240208;131236;7303.000000000;1;9566258128;B
20240208;131236;7303.000000000;1;9566258129;B
20240208;131237;7304.000000000;10;9566258175;B
20240208;131237;7304.000000000;12;9566258176;B
20240208;131238;7304.000000000;4;9566258303;B
20240208;131238;7304.000000000;4;9566258304;B
20240208;131238;7304.500000000;1;9566258305;B
20240208;131238;7304.500000000;3;9566258306;B
20240208;131239;7303.500000000;7;9566258454;S
20240208;131239;7303.500000000;21;9566258455;S
20240208;131239;7303.000000000;14;9566258456;S
20240208;131239;7303.000000000;9;9566258457;S
20240208;131246;7303.500000000;21;9566259213;S
20240208;131246;7303.500000000;7;9566259214;S
20240208;131246;7303.000000000;112;9566259215;S
20240208;131246;7302.500000000;19;9566259216;S
20240208;131246;7301.000000000;1;9566259217;S
20240208;131246;7301.000000000;20;9566259218;S
20240208;131246;7300.000000000;1;9566259219;S
20240208;131251;7300.000000000;1;9566259817;B
20240208;131258;7299.000000000;5;9566260502;S
20240208;131258;7299.000000000;10;9566260503;S
20240208;131258;7299.000000000;8;9566260506;B
20240208;131258;7299.500000000;1;9566260507;B
20240208;131258;7299.500000000;13;9566260508;B
20240208;131303;7295.500000000;6;9566261218;S
20240208;131309;7299.000000000;1;9566262271;B
20240208;131311;7298.000000000;12;9566262788;B
20240208;131319;7299.000000000;6;9566264139;B
20240208;131319;7299.000000000;2;9566264140;B
20240208;131319;7299.500000000;3;9566264141;B
20240208;131319;7300.000000000;11;9566264142;B
20240208;131319;7298.000000000;1;9566264162;S
20240208;131322;7298.500000000;8;9566264553;S
20240208;131322;7298.000000000;5;9566264554;S
20240208;131322;7297.500000000;8;9566264555;S
20240208;131322;7296.500000000;20;9566264556;S
20240208;131322;7295.500000000;58;9566264557;S
20240208;131322;7295.500000000;21;9566264558;S
20240208;131322;7295.000000000;2;9566264559;S
20240208;131322;7295.000000000;10;9566264560;S
20240208;131322;7295.000000000;27;9566264561;S
20240208;131322;7294.500000000;20;9566264562;S
20240208;131322;7293.500000000;10;9566264563;S
20240208;131322;7293.500000000;11;9566264564;S
20240208;131332;7296.000000000;1;9566266203;B
20240208;131332;7296.000000000;4;9566266204;B
20240208;131335;7296.000000000;8;9566266569;S
20240208;131335;7295.500000000;10;9566266570;S
20240208;131335;7295.000000000;10;9566266571;S
20240208;131335;7295.000000000;3;9566266572;S
20240208;131340;7297.500000000;1;9566267194;B
20240208;131340;7298.000000000;21;9566267195;B
20240208;131356;7297.500000000;21;9566269348;B
20240208;131356;7297.500000000;43;9566269408;S
20240208;131356;7297.000000000;7;9566269409;S
20240208;131400;7294.000000000;1;9566269754;S
20240208;131400;7294.000000000;8;9566269755;S
20240208;131400;7294.000000000;7;9566269756;S
20240208;131400;7293.500000000;4;9566269757;S
20240208;131400;7296.000000000;21;9566269838;B
20240208;131400;7296.500000000;1;9566269839;B
20240208;131409;7296.000000000;2;9566270869;B
20240208;131409;7293.000000000;7;9566270927;S
20240208;131409;7292.500000000;1;9566270928;S
20240208;131409;7292.500000000;4;9566270929;S
20240208;131415;7292.500000000;6;9566271688;S
20240208;131415;7292.500000000;7;9566271689;S
20240208;131415;7292.000000000;1;9566271690;S
20240208;131415;7292.000000000;3;9566271691;S
20240208;131415;7292.000000000;2;9566271692;S
20240208;131415;7292.000000000;2;9566271693;S
20240208;131415;7291.500000000;10;9566271694;S
20240208;131415;7291.500000000;20;9566271695;S
20240208;131415;7291.000000000;10;9566271696;S
20240208;131415;7291.000000000;50;9566271697;S
20240208;131415;7290.500000000;10;9566271698;S
20240208;131415;7290.500000000;1;9566271699;S
20240208;131415;7290.500000000;27;9566271700;S
20240208;131415;7290.000000000;51;9566271701;S
20240208;131417;7291.000000000;3;9566271885;B
20240208;131417;7291.000000000;2;9566271886;B
20240208;131421;7291.000000000;7;9566272432;S
20240208;131421;7291.000000000;2;9566272433;S
20240208;131421;7291.000000000;2;9566272434;S
20240208;131421;7290.500000000;4;9566272435;S
20240208;131421;7293.000000000;3;9566272469;B
20240208;131421;7293.500000000;1;9566272470;B
20240208;131421;7294.000000000;1;9566272471;B
20240208;131421;7294.500000000;17;9566272472;B
20240208;131421;7290.500000000;16;9566272476;S
20240208;131421;7290.500000000;4;9566272477;S
20240208;131421;7290.500000000;61;9566272478;S
20240208;131421;7290.500000000;10;9566272479;S
20240208;131421;7290.000000000;49;9566272480;S
20240208;131421;7290.000000000;1;9566272481;S
20240208;131421;7290.000000000;1;9566272482;S
20240208;131421;7290.000000000;1;9566272483;S
20240208;131421;7290.000000000;2;9566272484;S
20240208;131421;7290.000000000;2;9566272485;S
20240208;131421;7290.000000000;7;9566272486;S
20240208;131421;7290.000000000;1;9566272487;S
20240208;131421;7290.000000000;2;9566272488;S
20240208;131421;7290.000000000;2;9566272489;S
20240208;131421;7290.000000000;7;9566272490;S
20240208;131421;7289.500000000;4;9566272491;B
20240208;131422;7289.500000000;9;9566272498;B
20240208;131422;7289.000000000;1;9566272500;S
20240208;131422;7289.000000000;23;9566272501;S
20240208;131424;7289.500000000;1;9566272796;B
20240208;131424;7289.500000000;5;9566272797;B
20240208;131424;7289.500000000;3;9566272798;B
20240208;131424;7289.500000000;2;9566272856;B
20240208;131425;7289.500000000;6;9566273062;B
20240208;131432;7292.000000000;8;9566274603;S
20240208;131432;7292.000000000;10;9566274604;S
20240208;131432;7291.000000000;6;9566274605;S
20240208;131432;7290.500000000;21;9566274606;S
20240208;131432;7290.000000000;10;9566274607;S
20240208;131432;7289.500000000;20;9566274608;S
20240208;131432;7289.500000000;8;9566274609;S
20240208;131432;7289.500000000;20;9566274610;S
20240208;131432;7289.000000000;1;9566274611;B
20240208;131432;7289.000000000;4;9566274612;B
20240208;131432;7289.000000000;611;9566274613;B
20240208;131432;7293.000000000;1;9566274614;B
20240208;131433;7290.500000000;21;9566274691;S
20240208;131433;7290.000000000;149;9566274692;S
20240208;131433;7289.500000000;20;9566274693;S
20240208;131433;7289.500000000;8;9566274694;S
20240208;131433;7289.000000000;2;9566274695;S
20240208;131433;7289.000000000;10;9566274703;S
20240208;131433;7289.000000000;20;9566274704;S
20240208;131437;7293.000000000;1;9566275476;B
20240208;131442;7291.000000000;1;9566276292;S
20240208;131442;7290.500000000;3;9566276293;S
20240208;131442;7293.000000000;2;9566276328;B
20240208;131442;7294.500000000;8;9566276329;B
20240208;131442;7295.000000000;9;9566276330;B
20240208;131442;7295.500000000;3;9566276331;B
20240208;131454;7292.000000000;21;9566278611;S
20240208;131454;7291.500000000;8;9566278612;S
20240208;131454;7291.000000000;20;9566278613;S
20240208;131454;7290.500000000;2;9566278614;S
20240208;131454;7290.000000000;3;9566278615;S
20240208;131454;7290.000000000;146;9566278616;B
20240208;131456;7290.000000000;10;9566278998;S
20240208;131503;7294.500000000;5;9566280438;B
20240208;131503;7294.500000000;2;9566280439;B
20240208;131503;7295.000000000;15;9566280440;B
20240208;131507;7291.500000000;4;9566280960;S
20240208;131524;7294.500000000;2;9566283539;B
20240208;131524;7294.500000000;7;9566283540;B
20240208;131524;7295.000000000;10;9566283541;B
20240208;131524;7296.000000000;2;9566283542;B
20240208;131524;7296.500000000;1;9566283543;B
20240208;131540;7293.500000000;8;9566285517;S
20240208;131543;7296.500000000;1;9566285910;B
20240208;131545;7296.500000000;22;9566286186;B
20240208;131546;7294.500000000;7;9566286279;B
20240208;131548;7294.000000000;8;9566286624;S
20240208;131548;7293.500000000;12;9566286625;S
20240208;131548;7293.500000000;10;9566286626;B
20240208;131558;7296.500000000;2;9566288121;B
20240208;131558;7296.500000000;2;9566288176;B
20240208;131559;7296.500000000;40;9566288192;B
20240208;131603;7296.500000000;57;9566288772;B
20240208;131606;7298.500000000;8;9566289034;B
20240208;131606;7299.000000000;5;9566289035;B
20240208;131606;7299.000000000;9;9566289036;B
20240208;131621;7299.000000000;1;9566290754;B
20240208;131627;7299.000000000;22;9566291329;B
20240208;131641;7298.000000000;5;9566292752;S
20240208;131641;7297.500000000;16;9566292753;S
20240208;131641;7297.500000000;7;9566292754;S
20240208;131641;7297.500000000;22;9566292755;B
20240208;131648;7299.000000000;18;9566293766;B
20240208;131648;7299.500000000;4;9566293767;B
20240208;131652;7300.000000000;3;9566294563;B
20240208;131652;7300.000000000;1;9566294564;B
20240208;131652;7300.000000000;25;9566294565;B
20240208;131652;7301.500000000;20;9566294566;B
20240208;131652;7301.500000000;1;9566294567;S
20240208;131658;7299.000000000;2;9566295718;S
20240208;131658;7298.500000000;7;9566295719;S
20240208;131658;7298.500000000;2;9566295720;S
20240208;131658;7297.500000000;5;9566295721;S
20240208;131708;7301.500000000;7;9566297225;B
20240208;131708;7301.500000000;1;9566297226;S
20240208;131709;7302.000000000;5;9566297349;B
20240208;131709;7302.000000000;4;9566297350;B
20240208;131709;7302.000000000;13;9566297351;B
20240208;131729;7300.000000000;1;9566300660;S
20240208;131729;7300.000000000;6;9566300661;S
20240208;131729;7300.000000000;7;9566300662;B
20240208;131730;7302.000000000;6;9566300762;B
20240208;131730;7302.500000000;16;9566300763;B
20240208;131736;7302.000000000;1;9566301841;S
20240208;131750;7302.500000000;11;9566304102;B
20240208;131750;7302.500000000;6;9566304103;B
20240208;131750;7303.500000000;5;9566304104;B
20240208;131805;7302.500000000;1;9566306476;S
20240208;131806;7302.500000000;1;9566306568;S
20240208;131806;7302.000000000;4;9566306569;S
20240208;131811;7302.500000000;5;9566307313;B
20240208;131811;7303.000000000;3;9566307314;B
20240208;131811;7303.500000000;14;9566307315;B
20240208;131822;7303.500000000;47;9566308648;B
20240208;131822;7303.500000000;1;9566308651;B
20240208;131832;7303.500000000;2;9566309861;B
20240208;131832;7303.500000000;1;9566309862;B
20240208;131832;7303.500000000;1;9566309863;B
20240208;131832;7304.000000000;10;9566309864;B
20240208;131832;7304.000000000;2;9566309865;B
20240208;131832;7304.000000000;6;9566309866;B
20240208;131836;7304.000000000;1;9566310317;B
20240208;131836;7304.500000000;1;9566310318;B
20240208;131839;7305.000000000;1;9566310677;B
20240208;131843;7304.500000000;2;9566313555;B
20240208;131843;7305.000000000;9;9566313556;B
20240208;131843;7305.000000000;35;9566313557;B
20240208;131845;7305.500000000;1;9566315659;B
20240208;131847;7305.000000000;4;9566317256;S
20240208;131853;7305.500000000;19;9566322140;B
20240208;131853;7305.500000000;3;9566322141;B
20240208;131855;7305.500000000;7;9566323219;B
20240208;131855;7306.000000000;58;9566323220;B
20240208;131857;7306.000000000;11;9566325570;B
20240208;131908;7305.500000000;21;9566333630;S
20240208;131908;7305.000000000;19;9566333631;S
20240208;131908;7306.000000000;8;9566333641;B
20240208;131909;7306.000000000;1;9566334344;B
20240208;131913;7305.500000000;1;9566336869;S
20240208;131914;7306.000000000;14;9566338172;B
20240208;131914;7306.000000000;8;9566338173;B
20240208;131919;7305.500000000;15;9566342085;S
20240208;131925;7305.500000000;5;9566346948;S
20240208;131926;7305.500000000;1;9566347533;B
20240208;131934;7305.500000000;24;9566353443;B
20240208;131935;7305.500000000;9;9566353723;B
20240208;131935;7306.500000000;13;9566353724;B
20240208;131944;7306.500000000;1;9566359715;B
20240208;131944;7307.000000000;1;9566359716;B
20240208;131944;7307.000000000;26;9566359717;B
20240208;131944;7307.000000000;5;9566359718;B
20240208;131944;7307.000000000;3;9566359719;B
20240208;131944;7307.500000000;5;9566359720;B
20240208;131944;7307.500000000;2;9566359721;B
20240208;131944;7307.500000000;3;9566359722;B
20240208;131944;7307.500000000;7;9566359731;B
20240208;131944;7307.500000000;1;9566359732;B
20240208;131956;7309.000000000;10;9566368519;B
20240208;131956;7309.000000000;12;9566368520;B
20240208;132005;7308.000000000;1;9566374649;S
20240208;132015;7306.000000000;1;9566381000;B
20240208;132015;7306.500000000;5;9566381001;B
20240208;132015;7306.500000000;5;9566381002;B
20240208;132015;7307.000000000;16;9566381003;B
20240208;132015;7307.000000000;10;9566381004;B
20240208;132017;7306.500000000;1;9566381982;B
20240208;132017;7307.000000000;20;9566381983;B
20240208;132017;7307.000000000;1;9566381984;B
20240208;132025;7307.500000000;20;9566387636;B
20240208;132025;7308.000000000;1;9566387637;B
20240208;132025;7308.000000000;11;9566387638;B
20240208;132025;7308.000000000;6;9566387639;B
20240208;132025;7309.000000000;10;9566387640;B
20240208;132025;7309.000000000;44;9566387641;B
20240208;132025;7309.500000000;1;9566387642;B
20240208;132025;7309.500000000;7;9566387643;B
20240208;132026;7306.000000000;1;9566388275;S
20240208;132029;7307.000000000;10;9566389729;B
20240208;132029;7307.500000000;5;9566389774;S
20240208;132034;7309.500000000;1;9566393142;B
20240208;132038;7309.000000000;10;9566396468;B
20240208;132038;7309.500000000;4;9566396469;B
20240208;132038;7309.500000000;8;9566396470;B
20240208;132044;7307.500000000;12;9566400499;S
20240208;132059;7309.000000000;2;9566411850;B
20240208;132059;7309.500000000;10;9566411851;B
20240208;132059;7310.000000000;10;9566411852;B
20240208;132107;7308.500000000;1;9566418052;S
20240208;132107;7309.000000000;7;9566418056;B
20240208;132107;7309.000000000;1;9566418057;B
20240208;132108;7309.000000000;2;9566418767;B
20240208;132112;7308.500000000;7;9566419233;S
20240208;132120;7309.000000000;1;9566420047;B
20240208;132120;7309.000000000;6;9566420048;B
20240208;132120;7309.500000000;6;9566420049;B
20240208;132120;7310.000000000;9;9566420050;B
20240208;132122;7310.000000000;7;9566420376;B
20240208;132123;7309.000000000;1;9566420450;S
20240208;132136;7309.500000000;1;9566421695;B
20240208;132136;7309.500000000;6;9566421696;B
20240208;132136;7310.000000000;43;9566421697;B
20240208;132137;7310.000000000;2;9566421796;B
20240208;132140;7310.000000000;22;9566422174;B
20240208;132158;7310.000000000;1;9566424189;B
20240208;132201;7310.000000000;6;9566424468;B
20240208;132201;7310.000000000;1;9566424469;B
20240208;132201;7310.000000000;3;9566424470;B
20240208;132201;7310.000000000;5;9566424471;B
20240208;132201;7310.000000000;1;9566424472;B
20240208;132201;7310.000000000;3;9566424473;B
20240208;132201;7310.000000000;3;9566424474;B
20240208;132216;7309.500000000;15;9566426109;B
20240208;132216;7309.500000000;1;9566426110;B
20240208;132222;7309.500000000;13;9566426805;B
20240208;132222;7309.500000000;6;9566426806;B
20240208;132222;7310.000000000;3;9566426807;B
20240208;132231;7310.000000000;1;9566427874;B
20240208;132238;7310.000000000;10;9566428655;B
20240208;132238;7310.500000000;6;9566428656;B
20240208;132238;7311.000000000;10;9566428657;B
20240208;132238;7311.500000000;24;9566428658;B
20240208;132243;7310.000000000;6;9566429132;B
20240208;132243;7311.000000000;6;9566429133;B
20240208;132243;7311.500000000;10;9566429134;B
20240208;132244;7311.500000000;2;9566429224;B
20240208;132304;7311.000000000;12;9566431262;B
20240208;132304;7311.500000000;2;9566431263;B
20240208;132304;7311.500000000;8;9566431264;B
20240208;132310;7310.500000000;1;9566431936;S
20240208;132325;7311.500000000;6;9566433350;B
20240208;132325;7312.000000000;16;9566433351;B
20240208;132346;7311.500000000;17;9566435354;B
20240208;132346;7311.500000000;5;9566435355;B
20240208;132351;7312.000000000;2;9566435928;B
20240208;132407;7311.500000000;5;9566437497;B
20240208;132407;7312.000000000;17;9566437498;B
20240208;132423;7311.000000000;6;9566439140;B
20240208;132428;7311.000000000;5;9566439569;B
20240208;132428;7311.000000000;6;9566439570;B
20240208;132428;7311.000000000;1;9566439571;B
20240208;132428;7311.500000000;7;9566439572;B
20240208;132428;7312.000000000;3;9566439573;B
20240208;132430;7311.500000000;1;9566439785;B
20240208;132430;7312.000000000;19;9566439786;B
20240208;132449;7311.500000000;1;9566441522;B
20240208;132449;7311.500000000;6;9566441523;B
20240208;132449;7312.000000000;15;9566441524;B
20240208;132506;7310.500000000;7;9566443431;S
20240208;132506;7310.500000000;3;9566443432;S
20240208;132509;7311.500000000;3;9566443685;B
20240208;132509;7312.000000000;10;9566443752;B
20240208;132510;7312.000000000;22;9566443766;B
20240208;132521;7310.500000000;6;9566444896;S
20240208;132530;7312.000000000;22;9566445947;B
20240208;132533;7311.500000000;6;9566446193;S
20240208;132533;7311.000000000;5;9566446194;S
20240208;132534;7312.000000000;3;9566446254;B
20240208;132535;7312.000000000;21;9566446359;B
20240208;132535;7312.000000000;1;9566446360;B
20240208;132537;7313.500000000;47;9566446617;B
20240208;132541;7312.500000000;1;9566447093;B
20240208;132551;7312.500000000;8;9566448263;B
20240208;132551;7313.500000000;14;9566448264;B
20240208;132552;7312.000000000;21;9566448353;S
20240208;132552;7311.500000000;15;9566448354;S
20240208;132552;7311.500000000;6;9566448355;S
20240208;132552;7311.500000000;24;9566448356;S
20240208;132555;7311.500000000;2;9566448814;B
20240208;132556;7311.500000000;1;9566448878;B
20240208;132559;7311.000000000;4;9566449250;S
20240208;132559;7311.500000000;9;9566449251;B
20240208;132604;7313.000000000;10;9566449719;B
20240208;132604;7313.500000000;51;9566449720;B
20240208;132610;7313.500000000;238;9566450387;B
20240208;132612;7313.500000000;22;9566450577;B
20240208;132612;7313.500000000;20;9566450579;B
20240208;132614;7313.500000000;7;9566450757;B
20240208;132615;7313.000000000;1;9566450853;B
20240208;132616;7313.500000000;7;9566450875;B
20240208;132618;7313.500000000;7;9566451121;B
20240208;132623;7313.500000000;5;9566451594;B
20240208;132628;7313.500000000;2;9566451977;B
20240208;132633;7313.500000000;22;9566452553;B
20240208;132635;7313.000000000;76;9566452791;S
20240208;132640;7313.000000000;10;9566453424;B
20240208;132643;7313.000000000;1;9566454184;B
20240208;132644;7313.000000000;40;9566454412;B
20240208;132654;7313.000000000;22;9566455671;B
20240208;132702;7312.500000000;7;9566456540;S
20240208;132706;7312.500000000;4;9566457016;B
20240208;132707;7312.500000000;8;9566457109;B
20240208;132709;7312.500000000;2;9566457220;B
20240208;132711;7312.000000000;10;9566457454;S
20240208;132711;7312.000000000;2;9566457481;S
20240208;132715;7312.500000000;22;9566458096;B
20240208;132716;7312.000000000;23;9566458176;S
20240208;132716;7312.000000000;1;9566458178;S
20240208;132721;7312.500000000;3;9566458690;B
20240208;132723;7312.000000000;6;9566458888;S
20240208;132728;7312.000000000;1;9566459346;S
20240208;132728;7312.000000000;26;9566459350;S
20240208;132732;7312.000000000;5;9566459843;S
20240208;132733;7312.500000000;1;9566459866;B
20240208;132735;7312.000000000;20;9566460103;S
20240208;132736;7312.500000000;22;9566460183;B
20240208;132742;7312.000000000;3;9566460854;S
20240208;132743;7312.500000000;1;9566460911;B
20240208;132744;7312.000000000;6;9566461029;S
20240208;132751;7312.000000000;1;9566461634;S
20240208;132752;7312.000000000;30;9566461744;S
20240208;132757;7312.500000000;22;9566462246;B
20240208;132812;7312.000000000;2;9566463927;S
20240208;132814;7310.500000000;15;9566464141;B
20240208;132818;7310.500000000;1;9566464507;B
20240208;132818;7311.500000000;5;9566464508;B
20240208;132818;7312.000000000;10;9566464509;B
20240208;132818;7312.000000000;6;9566464510;B
20240208;132823;7310.000000000;6;9566465072;S
20240208;132823;7310.000000000;1;9566465075;S
20240208;132826;7310.000000000;1;9566465256;S
20240208;132831;7310.000000000;10;9566465774;S
20240208;132831;7310.000000000;12;9566465775;S
20240208;132839;7309.000000000;21;9566466511;B
20240208;132839;7309.500000000;1;9566466512;B
20240208;132843;7309.500000000;1;9566466878;B
20240208;132858;7310.000000000;1;9566468422;B
20240208;132859;7307.000000000;1;9566468481;S
20240208;132859;7310.000000000;21;9566468511;B
20240208;132859;7310.500000000;1;9566468512;B
20240208;132904;7307.500000000;1;9566468894;S
20240208;132904;7310.000000000;1;9566468943;B
20240208;132904;7310.500000000;2;9566468944;B
20240208;132908;7309.500000000;1;9566469367;S
20240208;132910;7309.500000000;1;9566469539;S
20240208;132920;7310.500000000;1;9566470396;B
20240208;132920;7311.000000000;21;9566470397;B
20240208;132921;7309.500000000;6;9566470489;S
20240208;132921;7309.500000000;7;9566470490;S
20240208;132921;7309.000000000;19;9566470491;S
20240208;132921;7308.000000000;21;9566470492;S
20240208;132921;7307.500000000;1;9566470493;S
20240208;132921;7307.500000000;1;9566470494;S
20240208;132934;7310.000000000;1;9566471571;S
20240208;132937;7310.000000000;3;9566471830;S
20240208;132940;7310.000000000;1;9566472086;S
20240208;132941;7310.500000000;1;9566472174;B
20240208;132941;7311.000000000;8;9566472175;B
20240208;132941;7311.000000000;7;9566472176;B
20240208;132941;7312.000000000;6;9566472177;B
20240208;132943;7312.000000000;1;9566472307;B
20240208;133002;7311.000000000;1;9566473845;B
20240208;133002;7311.500000000;7;9566473846;B
20240208;133002;7312.000000000;13;9566473847;B
20240208;133002;7312.500000000;1;9566473848;B
20240208;133017;7310.500000000;7;9566475166;S
20240208;133017;7310.000000000;10;9566475167;S
20240208;133017;7310.000000000;10;9566475168;S
20240208;133017;7309.500000000;19;9566475169;S
20240208;133017;7308.500000000;2;9566475170;S
20240208;133017;7308.500000000;10;9566475171;S
20240208;133017;7308.000000000;20;9566475172;S
20240208;133017;7307.000000000;20;9566475173;S
20240208;133017;7306.500000000;2;9566475174;S
20240208;133023;7310.500000000;5;9566475684;B
20240208;133023;7310.500000000;2;9566475685;B
20240208;133023;7310.500000000;14;9566475686;B
20240208;133023;7311.000000000;1;9566475687;B
20240208;133024;7311.000000000;2;9566475765;B
20240208;133025;7307.500000000;7;9566475895;B
20240208;133032;7311.000000000;5;9566476541;B
20240208;133032;7312.000000000;9;9566476542;B
20240208;133032;7312.000000000;50;9566476543;B
20240208;133032;7312.000000000;5;9566476544;B
20240208;133032;7312.500000000;55;9566476545;B
20240208;133044;7312.500000000;22;9566477589;B
20240208;133046;7310.000000000;5;9566477748;S
20240208;133046;7312.000000000;1;9566477754;B
20240208;133046;7312.500000000;1;9566477755;B
20240208;133046;7312.500000000;24;9566477756;B
20240208;133046;7312.500000000;1;9566477757;B
20240208;133050;7312.500000000;29;9566478205;S
20240208;133105;7313.000000000;22;9566479700;B
20240208;133108;7313.000000000;8;9566479909;B
20240208;133108;7312.500000000;3;9566479957;S
20240208;133109;7312.500000000;2;9566479979;S
20240208;133111;7313.000000000;2;9566480215;B
20240208;133115;7313.000000000;19;9566480539;B
20240208;133115;7313.500000000;1;9566480540;B
20240208;133126;7313.500000000;22;9566481454;B
20240208;133126;7313.500000000;35;9566481455;B
20240208;133129;7313.500000000;1;9566481708;S
20240208;133145;7313.500000000;1;9566482994;S
20240208;133147;7314.000000000;5;9566483169;B
20240208;133147;7314.000000000;5;9566483170;B
20240208;133147;7314.000000000;1;9566483171;B
20240208;133147;7314.000000000;1;9566483172;B
20240208;133147;7314.000000000;4;9566483173;B
20240208;133147;7314.000000000;1;9566483174;B
20240208;133147;7314.500000000;4;9566483175;B
20240208;133147;7315.000000000;1;9566483176;B
20240208;133208;7315.000000000;4;9566485107;B
20240208;133208;7315.000000000;1;9566485108;B
20240208;133208;7315.000000000;17;9566485109;B
20240208;133217;7314.000000000;5;9566485816;S
20240208;133228;7313.000000000;7;9566486796;B
20240208;133228;7313.000000000;1;9566486797;B
20240208;133228;7313.000000000;4;9566486798;B
20240208;133229;7313.000000000;1;9566486810;B
20240208;133229;7313.500000000;21;9566486811;B
20240208;133229;7313.500000000;38;9566486812;B
20240208;133229;7314.000000000;15;9566486813;B
20240208;133229;7313.500000000;21;9566486816;B
20240208;133229;7314.000000000;1;9566486817;B
20240208;133232;7312.500000000;50;9566487259;S
20240208;133236;7312.000000000;1;9566487882;B
20240208;133237;7309.000000000;4;9566487949;S
20240208;133237;7308.500000000;4;9566487950;S
20240208;133239;7311.500000000;1;9566488109;B
20240208;133244;7308.000000000;1;9566488643;S
20240208;133249;7311.000000000;21;9566489076;B
20240208;133249;7311.500000000;1;9566489077;B
20240208;133254;7308.000000000;13;9566489519;S
20240208;133307;7308.500000000;6;9566490658;S
20240208;133307;7308.500000000;1;9566490659;S
20240208;133310;7310.000000000;1;9566490940;B
20240208;133310;7310.000000000;1;9566490941;B
20240208;133310;7310.500000000;1;9566490942;B
20240208;133310;7311.500000000;4;9566490943;B
20240208;133310;7311.500000000;15;9566490944;B
20240208;133313;7311.000000000;1;9566491118;B
20240208;133325;7310.500000000;6;9566492131;S
20240208;133325;7310.500000000;6;9566492132;S
20240208;133330;7310.000000000;200;9566492560;S
20240208;133330;7310.000000000;10;9566492561;S
20240208;133330;7309.500000000;6;9566492562;S
20240208;133330;7308.500000000;1;9566492563;S
20240208;133330;7308.000000000;20;9566492564;S
20240208;133330;7307.000000000;42;9566492565;S
20240208;133330;7307.000000000;20;9566492566;S
20240208;133330;7306.000000000;20;9566492567;S
20240208;133330;7305.000000000;20;9566492568;S
20240208;133330;7304.500000000;10;9566492569;S
20240208;133330;7304.000000000;58;9566492570;S
20240208;133330;7304.000000000;4;9566492571;S
20240208;133330;7304.000000000;21;9566492572;S
20240208;133330;7303.500000000;20;9566492573;S
20240208;133330;7303.500000000;6;9566492574;S
20240208;133330;7303.500000000;27;9566492575;S
20240208;133330;7302.500000000;3;9566492576;S
20240208;133330;7302.000000000;30;9566492577;S
20240208;133330;7302.000000000;10;9566492578;S
20240208;133330;7302.000000000;10;9566492579;S
20240208;133330;7301.500000000;3;9566492580;S
20240208;133330;7301.500000000;10;9566492581;S
20240208;133330;7301.500000000;10;9566492582;S
20240208;133330;7301.500000000;4;9566492583;S
20240208;133330;7301.500000000;20;9566492584;S
20240208;133330;7301.500000000;4;9566492585;S
20240208;133330;7301.000000000;5;9566492586;S
20240208;133331;7308.500000000;22;9566492689;B
20240208;133352;7309.000000000;2;9566494461;B
20240208;133352;7309.000000000;5;9566494462;B
20240208;133352;7309.500000000;1;9566494463;B
20240208;133352;7309.500000000;5;9566494464;B
20240208;133352;7310.000000000;5;9566494465;B
20240208;133352;7310.000000000;4;9566494466;B
20240208;133356;7310.500000000;6;9566494818;B
20240208;133356;7311.000000000;44;9566494819;B
20240208;133357;7309.000000000;1;9566494939;S
20240208;133357;7307.500000000;4;9566494940;S
20240208;133408;7309.500000000;1;9566495912;S
20240208;133408;7309.000000000;1;9566495913;S
20240208;133413;7310.500000000;5;9566496461;B
20240208;133413;7310.500000000;7;9566496462;B
20240208;133413;7310.500000000;10;9566496463;B
20240208;133415;7309.500000000;1;9566496785;S
20240208;133424;7310.000000000;1;9566497542;S
20240208;133424;7310.000000000;1;9566497543;S
20240208;133424;7310.000000000;1;9566497544;S
20240208;133427;7309.500000000;1;9566497760;S
20240208;133428;7308.500000000;1;9566497818;S
20240208;133434;7309.000000000;2;9566498345;B
20240208;133434;7309.500000000;5;9566498346;B
20240208;133434;7310.000000000;12;9566498347;B
20240208;133434;7310.500000000;3;9566498348;B
20240208;133439;7309.000000000;1;9566498761;B
20240208;133444;7309.000000000;1;9566499263;B
20240208;133450;7308.500000000;1;9566499828;S
20240208;133450;7308.500000000;12;9566499829;S
20240208;133450;7309.000000000;1;9566499830;B
20240208;133450;7309.000000000;5;9566499840;S
20240208;133450;7308.000000000;1;9566499856;S
20240208;133455;7308.500000000;22;9566500281;B
20240208;133504;7308.000000000;1;9566501157;S
20240208;133505;7308.000000000;27;9566501263;S
20240208;133505;7307.500000000;5;9566501264;S
20240208;133505;7306.000000000;1;9566501265;S
20240208;133505;7305.000000000;1;9566501266;S
20240208;133505;7305.000000000;1;9566501267;S
20240208;133505;7304.500000000;10;9566501268;S
20240208;133505;7304.000000000;8;9566501269;S
20240208;133505;7304.000000000;2;9566501270;S
20240208;133505;7303.500000000;1;9566501271;S
20240208;133505;7303.500000000;4;9566501272;S
20240208;133505;7303.500000000;35;9566501273;S
20240208;133505;7303.000000000;10;9566501274;S
20240208;133505;7303.000000000;20;9566501275;S
20240208;133505;7303.000000000;27;9566501276;S
20240208;133505;7302.500000000;21;9566501277;S
20240208;133505;7302.000000000;16;9566501278;S
20240208;133505;7302.000000000;1;9566501279;S
20240208;133505;7302.000000000;4;9566501280;S
20240208;133505;7302.000000000;4;9566501281;S
20240208;133505;7302.000000000;10;9566501282;S
20240208;133505;7301.500000000;10;9566501283;S
20240208;133505;7301.500000000;10;9566501284;S
20240208;133505;7301.500000000;1;9566501285;S
20240208;133505;7301.000000000;5;9566501286;S
20240208;133505;7301.000000000;20;9566501287;S
20240208;133505;7301.000000000;2;9566501288;S
20240208;133505;7301.000000000;1;9566501289;S
20240208;133505;7301.000000000;1;9566501290;S
20240208;133505;7301.000000000;1;9566501291;S
20240208;133505;7301.000000000;3;9566501292;S
20240208;133505;7301.000000000;4;9566501293;S
20240208;133505;7301.000000000;1;9566501294;S
20240208;133505;7300.500000000;2;9566501295;S
20240208;133505;7300.500000000;10;9566501296;S
20240208;133505;7300.500000000;5;9566501297;S
20240208;133505;7300.500000000;1;9566501298;S
20240208;133505;7300.500000000;20;9566501299;S
20240208;133505;7300.500000000;10;9566501300;S
20240208;133505;7300.500000000;12;9566501301;S
20240208;133505;7300.500000000;8;9566501302;S
20240208;133505;7300.500000000;77;9566501303;S
20240208;133505;7300.500000000;40;9566501304;S
20240208;133505;7300.500000000;2;9566501305;S
20240208;133505;7300.500000000;20;9566501306;S
20240208;133505;7300.500000000;10;9566501307;S
20240208;133505;7300.500000000;2;9566501308;S
20240208;133505;7300.500000000;20;9566501309;S
20240208;133505;7300.500000000;2;9566501310;S
20240208;133505;7300.000000000;13;9566501311;S
20240208;133506;7305.500000000;3;9566501335;B
20240208;133508;7301.500000000;2;9566501613;S
20240208;133514;7303.000000000;1;9566502211;B
20240208;133516;7303.000000000;4;9566502393;B
20240208;133516;7303.500000000;2;9566502394;B
20240208;133516;7303.500000000;1;9566502395;B
20240208;133516;7304.000000000;5;9566502396;B
20240208;133516;7304.000000000;3;9566502397;B
20240208;133516;7304.000000000;2;9566502398;B
20240208;133516;7304.500000000;4;9566502399;B
20240208;133516;7304.500000000;1;9566502400;B
20240208;133533;7303.500000000;1;9566504121;S
20240208;133537;7305.000000000;16;9566504505;B
20240208;133537;7305.000000000;5;9566504506;B
20240208;133537;7305.500000000;1;9566504507;B
20240208;133555;7304.500000000;4;9566506303;B
20240208;133558;7304.500000000;11;9566506635;B
20240208;133558;7304.500000000;11;9566506636;B
20240208;133611;7304.500000000;2;9566507958;B
20240208;133611;7304.500000000;5;9566507959;B
20240208;133618;7305.000000000;4;9566508505;B
20240208;133618;7305.000000000;1;9566508506;B
20240208;133618;7305.000000000;5;9566508507;B
20240208;133618;7305.000000000;15;9566508508;B
20240208;133618;7305.500000000;1;9566508509;B
20240208;133618;7305.500000000;1;9566508510;B
20240208;133618;7305.500000000;72;9566508511;B
20240208;133618;7306.500000000;5;9566508512;B
20240208;133618;7306.500000000;1;9566508513;B
20240208;133619;7307.500000000;8;9566508594;B
20240208;133619;7307.500000000;1;9566508595;B
20240208;133619;7307.500000000;13;9566508596;B
20240208;133625;7306.000000000;5;9566509206;S
20240208;133625;7306.000000000;3;9566509207;S
20240208;133625;7306.000000000;226;9566509208;B
20240208;133628;7306.000000000;1;9566509502;S
20240208;133633;7308.000000000;5;9566509978;B
20240208;133633;7308.000000000;5;9566509979;B
20240208;133633;7309.000000000;5;9566509980;B
20240208;133633;7309.000000000;5;9566509981;B
20240208;133633;7309.000000000;1;9566509983;S
20240208;133635;7309.500000000;1;9566510162;B
20240208;133639;7309.500000000;22;9566510492;B
20240208;133639;7309.500000000;5;9566510493;B
20240208;133639;7309.500000000;5;9566510494;B
20240208;133639;7310.000000000;18;9566510495;B
20240208;133639;7310.000000000;2;9566510551;B
20240208;133639;7310.500000000;5;9566510552;B
20240208;133639;7311.000000000;1;9566510553;B
20240208;133639;7311.000000000;2;9566510554;B
20240208;133639;7311.000000000;5;9566510555;B
20240208;133639;7311.000000000;5;9566510556;B
20240208;133639;7311.500000000;1;9566510557;B
20240208;133639;7312.500000000;1;9566510558;B
20240208;133648;7309.000000000;3;9566511252;S
20240208;133648;7309.000000000;1;9566511304;S
20240208;133648;7308.000000000;1;9566511305;S
20240208;133654;7312.000000000;5;9566511847;B
20240208;133654;7312.000000000;5;9566511848;B
20240208;133654;7312.000000000;10;9566511849;B
20240208;133654;7312.500000000;5;9566511850;B
20240208;133654;7312.500000000;5;9566511851;B
20240208;133654;7312.500000000;10;9566511852;B
20240208;133700;7313.000000000;2;9566512548;B
20240208;133700;7313.000000000;5;9566512549;B
20240208;133700;7313.500000000;15;9566512550;B
20240208;133703;7313.500000000;1;9566512795;B
20240208;133703;7314.000000000;3;9566512796;B
20240208;133703;7314.000000000;11;9566512797;B
20240208;133703;7314.500000000;20;9566512798;B
20240208;133703;7314.500000000;58;9566512799;B
20240208;133703;7314.500000000;5;9566512800;B
20240208;133703;7315.000000000;83;9566512801;B
20240208;133703;7315.000000000;85;9566512802;B
20240208;133703;7315.000000000;1;9566512803;B
20240208;133703;7315.000000000;1;9566512804;B
20240208;133703;7315.000000000;20;9566512805;B
20240208;133703;7315.000000000;2;9566512806;B
20240208;133703;7315.500000000;1;9566512807;B
20240208;133703;7315.500000000;15;9566512808;B
20240208;133703;7315.500000000;3;9566512809;B
20240208;133703;7315.500000000;10;9566512810;B
20240208;133703;7316.000000000;6;9566512811;B
20240208;133703;7316.000000000;80;9566512812;B
20240208;133703;7316.000000000;1;9566512813;B
20240208;133703;7316.000000000;5;9566512814;B
20240208;133703;7317.000000000;20;9566512815;B
20240208;133703;7317.500000000;10;9566512816;B
20240208;133703;7318.000000000;3;9566512817;B
20240208;133703;7318.000000000;5;9566512818;B
20240208;133703;7318.000000000;5;9566512819;B
20240208;133703;7318.000000000;120;9566512820;B
20240208;133703;7318.500000000;5;9566512821;B
20240208;133703;7318.500000000;19;9566512822;B
20240208;133703;7317.000000000;11;9566512826;B
20240208;133703;7317.500000000;5;9566512827;B
20240208;133703;7317.500000000;17;9566512828;B
20240208;133703;7318.000000000;20;9566512829;B
20240208;133703;7318.000000000;11;9566512830;B
20240208;133704;7318.000000000;2;9566512846;S
20240208;133704;7318.000000000;60;9566512878;S
20240208;133704;7318.000000000;6;9566512909;S
20240208;133715;7318.000000000;1;9566513960;S
20240208;133721;7318.500000000;22;9566514457;B
20240208;133726;7318.000000000;1;9566514886;S
20240208;133732;7318.000000000;2;9566515407;S
20240208;133737;7318.500000000;28;9566515888;B
20240208;133737;7318.500000000;5;9566515889;B
20240208;133737;7318.500000000;1;9566515890;B
20240208;133737;7318.500000000;1;9566515891;B
20240208;133737;7318.500000000;5;9566515892;B
20240208;133737;7318.500000000;1;9566515893;S
20240208;133742;7319.000000000;22;9566516335;B
20240208;133743;7318.500000000;1;9566516427;S
20240208;133752;7319.000000000;1;9566517153;B
20240208;133758;7319.000000000;3;9566517892;B
20240208;133758;7319.000000000;10;9566517893;B
20240208;133758;7319.000000000;5;9566517894;B
20240208;133758;7319.000000000;2;9566517895;B
20240208;133758;7319.500000000;40;9566517896;B
20240208;133758;7319.500000000;5;9566517897;B
20240208;133758;7320.000000000;3;9566517898;B
20240208;133758;7320.000000000;8;9566517899;B
20240208;133758;7320.000000000;5;9566517900;B
20240208;133758;7320.000000000;1;9566517901;B
20240208;133758;7320.000000000;15;9566517902;B
20240208;133758;7320.000000000;1;9566517903;B
20240208;133758;7320.000000000;3;9566517904;B
20240208;133758;7320.000000000;1;9566517905;B
20240208;133758;7320.000000000;2;9566517906;B
20240208;133758;7320.000000000;1;9566517907;B
20240208;133758;7320.000000000;1;9566517908;B
20240208;133758;7320.000000000;1;9566517909;B
20240208;133758;7320.000000000;1;9566517910;B
20240208;133758;7320.000000000;1;9566517911;B
20240208;133758;7320.000000000;5;9566517912;B
20240208;133758;7320.000000000;1;9566517913;B
20240208;133758;7320.000000000;5;9566517914;B
20240208;133758;7320.000000000;1;9566517915;B
20240208;133758;7320.000000000;20;9566517916;B
20240208;133758;7320.000000000;1;9566517917;B
20240208;133758;7320.000000000;5;9566517918;B
20240208;133758;7320.500000000;4;9566517919;B
20240208;133758;7321.000000000;5;9566517920;B
20240208;133758;7321.000000000;1;9566517921;B
20240208;133758;7321.500000000;5;9566517922;B
20240208;133758;7321.500000000;20;9566517923;B
20240208;133758;7322.000000000;3;9566517924;B
20240208;133758;7322.000000000;15;9566517925;B
20240208;133758;7321.500000000;1;9566518003;B
20240208;133759;7321.500000000;13;9566518048;B
20240208;133759;7322.000000000;1;9566518049;B
20240208;133759;7320.000000000;1;9566518062;B
20240208;133759;7320.000000000;1;9566518065;S
20240208;133800;7322.000000000;34;9566518137;B
20240208;133800;7322.000000000;5;9566518138;B
20240208;133800;7322.000000000;1;9566518139;B
20240208;133800;7322.500000000;5;9566518140;B
20240208;133800;7323.000000000;2;9566518141;B
20240208;133800;7323.000000000;50;9566518142;B
20240208;133800;7323.000000000;5;9566518143;B
20240208;133800;7323.500000000;5;9566518144;B
20240208;133800;7323.500000000;20;9566518145;B
20240208;133800;7324.000000000;5;9566518146;B
20240208;133800;7324.500000000;5;9566518147;B
20240208;133800;7324.500000000;13;9566518148;B
20240208;133800;7324.500000000;5;9566518149;B
20240208;133800;7324.500000000;2;9566518150;B
20240208;133800;7325.000000000;100;9566518151;B
20240208;133800;7325.000000000;1;9566518152;B
20240208;133800;7325.000000000;20;9566518153;B
20240208;133800;7325.000000000;3;9566518154;B
20240208;133800;7325.000000000;1;9566518155;B
20240208;133800;7325.000000000;1;9566518156;B
20240208;133800;7325.000000000;8;9566518157;B
20240208;133800;7325.000000000;25;9566518158;B
20240208;133800;7325.000000000;5;9566518159;B
20240208;133800;7325.000000000;67;9566518160;B
20240208;133800;7325.000000000;5;9566518161;B
20240208;133800;7325.000000000;27;9566518162;B
20240208;133800;7326.000000000;50;9566518163;B
20240208;133800;7326.000000000;5;9566518164;B
20240208;133800;7326.000000000;20;9566518165;B
20240208;133800;7326.000000000;10;9566518166;B
20240208;133800;7326.500000000;1;9566518167;B
20240208;133800;7326.500000000;5;9566518168;B
20240208;133800;7327.000000000;1;9566518169;B
20240208;133800;7327.000000000;9;9566518170;B
20240208;133800;7325.000000000;3;9566518248;B
20240208;133803;7325.000000000;3;9566518478;B
20240208;133803;7325.000000000;2;9566518479;B
20240208;133803;7325.000000000;17;9566518480;B
20240208;133803;7324.000000000;2;9566518509;S
20240208;133803;7322.500000000;1;9566518510;S
20240208;133805;7321.000000000;10;9566518851;S
20240208;133821;7320.500000000;1;9566520700;S
20240208;133824;7323.000000000;1;9566520987;B
20240208;133824;7323.500000000;4;9566520988;B
20240208;133824;7324.000000000;5;9566520989;B
20240208;133824;7324.000000000;12;9566520990;B
20240208;133824;7320.500000000;5;9566520997;S
20240208;133829;7323.000000000;20;9566521380;B
20240208;133836;7322.000000000;1;9566522104;S
20240208;133841;7321.500000000;5;9566522476;S
20240208;133845;7323.000000000;1;9566523140;B
20240208;133845;7323.500000000;5;9566523141;B
20240208;133845;7324.000000000;3;9566523142;B
20240208;133845;7324.000000000;1;9566523143;B
20240208;133845;7324.500000000;12;9566523144;B
20240208;133847;7322.500000000;1;9566523787;B
20240208;133853;7322.000000000;8;9566524680;S
20240208;133854;7321.500000000;1;9566524839;S
20240208;133903;7321.000000000;1;9566525545;B
20240208;133906;7321.500000000;21;9566525761;B
20240208;133906;7322.000000000;1;9566525762;B
20240208;133907;7320.500000000;5;9566525869;S
20240208;133907;7320.000000000;10;9566525870;S
20240208;133907;7320.000000000;7;9566525871;S
20240208;133914;7322.000000000;45;9566526450;B
20240208;133918;7320.500000000;5;9566526987;S
20240208;133918;7320.500000000;21;9566526988;S
20240208;133918;7320.000000000;4;9566526989;S
20240208;133921;7320.000000000;1;9566527241;S
20240208;133925;7322.000000000;1;9566527681;B
20240208;133927;7320.500000000;6;9566527851;B
20240208;133927;7321.000000000;1;9566527852;B
20240208;133927;7322.000000000;15;9566527853;B
20240208;133929;7320.500000000;1;9566528081;B
20240208;133934;7320.000000000;1;9566528465;S
20240208;133934;7320.000000000;14;9566528503;S
20240208;133934;7319.500000000;5;9566528504;S
20240208;133934;7319.500000000;12;9566528505;S
20240208;133934;7319.000000000;20;9566528506;S
20240208;133934;7318.500000000;8;9566528507;S
20240208;133934;7318.000000000;51;9566528508;S
20240208;133934;7318.000000000;1;9566528524;S
20240208;133938;7319.000000000;1;9566528843;B
20240208;133938;7318.500000000;1;9566528894;S
20240208;133939;7319.000000000;1;9566529035;B
20240208;133948;7320.500000000;1;9566529863;B
20240208;133948;7321.000000000;4;9566529864;B
20240208;133948;7321.500000000;7;9566529865;B
20240208;133948;7321.500000000;10;9566529866;B
20240208;133958;7319.000000000;2;9566530948;B
20240208;134000;7318.500000000;4;9566531201;S
20240208;134002;7319.000000000;4;9566531294;B
20240208;134008;7319.500000000;4;9566532052;B
20240208;134008;7319.500000000;4;9566532053;B
20240208;134008;7322.000000000;14;9566532054;B
20240208;134026;7321.500000000;20;9566533516;B
20240208;134026;7322.000000000;10;9566533517;B
20240208;134026;7319.500000000;2;9566533574;B
20240208;134029;7322.000000000;6;9566533817;B
20240208;134029;7322.000000000;16;9566533818;B
20240208;134030;7319.500000000;1;9566533993;S
20240208;134037;7321.000000000;4;9566534571;S
20240208;134050;7322.000000000;22;9566535727;B
20240208;134111;7320.500000000;21;9566537532;B
20240208;134111;7321.000000000;1;9566537533;B
20240208;134117;7319.000000000;1;9566538032;S
20240208;134120;7319.000000000;2;9566538298;S
20240208;134124;7319.500000000;1;9566538670;B
20240208;134132;7320.500000000;5;9566539424;B
20240208;134132;7321.000000000;17;9566539425;B
20240208;134148;7319.000000000;5;9566540845;S
20240208;134148;7318.000000000;1;9566540846;S
20240208;134153;7318.500000000;9;9566541425;B
20240208;134153;7318.500000000;4;9566541426;B
20240208;134153;7318.500000000;1;9566541466;B
20240208;134153;7320.000000000;4;9566541467;B
20240208;134153;7320.000000000;5;9566541468;B
20240208;134153;7320.500000000;12;9566541469;B
20240208;134153;7318.500000000;3;9566541481;S
20240208;134156;7320.000000000;1;9566541780;S
20240208;134214;7320.000000000;1;9566543394;S
20240208;134214;7320.500000000;22;9566543401;B
20240208;134217;7320.500000000;53;9566543653;B
20240208;134217;7320.500000000;5;9566543654;B
20240208;134223;7321.000000000;1;9566544179;B
20240208;134226;7320.500000000;4;9566544407;S
20240208;134235;7321.000000000;1;9566545192;B
20240208;134235;7321.000000000;21;9566545193;B
20240208;134238;7321.000000000;5;9566545482;B
20240208;134242;7321.000000000;1;9566545816;B
20240208;134244;7321.000000000;54;9566545974;B
20240208;134244;7321.000000000;5;9566545975;B
20240208;134249;7321.500000000;3;9566546416;B
20240208;134249;7322.000000000;10;9566546417;B
20240208;134249;7322.000000000;3;9566546456;B
20240208;134256;7322.000000000;15;9566547039;B
20240208;134256;7322.000000000;1;9566547040;B
20240208;134256;7322.000000000;1;9566547041;B
20240208;134256;7322.000000000;5;9566547042;B
20240208;134305;7322.000000000;1;9566547990;B
20240208;134308;7322.000000000;2;9566548205;B
20240208;134309;7321.500000000;11;9566548325;S
20240208;134313;7321.500000000;1;9566548766;S
20240208;134317;7322.000000000;22;9566549146;B
20240208;134323;7322.000000000;14;9566549640;B
20240208;134324;7321.500000000;1;9566549883;S
20240208;134327;7321.500000000;1;9566550173;S
20240208;134330;7321.500000000;4;9566550475;S
20240208;134330;7321.500000000;4;9566550476;S
20240208;134338;7321.500000000;9;9566551057;B
20240208;134338;7321.500000000;1;9566551058;B
20240208;134338;7321.500000000;2;9566551059;B
20240208;134338;7322.000000000;10;9566551060;B
20240208;134346;7321.500000000;3;9566551821;S
20240208;134358;7321.500000000;1;9566552951;B
20240208;134358;7322.000000000;21;9566552952;B
20240208;134402;7321.500000000;5;9566553388;S
20240208;134403;7322.000000000;1;9566553479;B
20240208;134419;7322.000000000;22;9566555346;B
20240208;134423;7321.500000000;2;9566555632;S
20240208;134430;7322.000000000;14;9566556277;B
20240208;134430;7322.000000000;10;9566556278;B
20240208;134430;7322.000000000;1;9566556279;B
20240208;134430;7323.500000000;2;9566556285;B
20240208;134432;7323.500000000;2;9566556595;B
20240208;134440;7324.000000000;1;9566557634;B
20240208;134440;7325.000000000;21;9566557635;B
20240208;134441;7325.000000000;1;9566557667;B
20240208;134443;7324.500000000;21;9566557889;S
20240208;134443;7324.000000000;6;9566557890;S
20240208;134443;7324.000000000;18;9566557891;S
20240208;134501;7325.000000000;2;9566559650;B
20240208;134501;7325.000000000;22;9566559716;B
20240208;134505;7325.000000000;7;9566560121;B
20240208;134505;7325.000000000;20;9566560122;B
20240208;134505;7325.000000000;5;9566560123;B
20240208;134505;7325.000000000;2;9566560124;B
20240208;134505;7325.000000000;5;9566560125;B
20240208;134505;7325.500000000;10;9566560126;B
20240208;134506;7325.000000000;18;9566560344;B
20240208;134506;7326.000000000;1;9566560345;B
20240208;134506;7326.000000000;10;9566560346;B
20240208;134506;7326.000000000;3;9566560347;B
20240208;134506;7326.500000000;1;9566560348;B
20240208;134506;7326.500000000;2;9566560349;B
20240208;134508;7326.000000000;15;9566560578;S
20240208;134513;7325.000000000;3;9566561200;S
20240208;134522;7325.000000000;6;9566562183;B
20240208;134522;7325.500000000;16;9566562184;B
20240208;134529;7323.500000000;4;9566562886;S
20240208;134529;7323.000000000;1;9566562887;S
20240208;134529;7323.000000000;6;9566562888;S
20240208;134529;7322.500000000;16;9566562889;S
20240208;134529;7322.500000000;9;9566562890;S
20240208;134529;7322.500000000;15;9566562891;S
20240208;134529;7322.000000000;58;9566562892;S
20240208;134529;7321.500000000;391;9566562893;S
20240208;134538;7322.000000000;5;9566563725;S
20240208;134538;7322.000000000;2;9566563726;S
20240208;134538;7322.000000000;4;9566563727;S
20240208;134538;7321.500000000;30;9566563728;S
20240208;134543;7323.500000000;21;9566564242;B
20240208;134543;7324.000000000;1;9566564243;B
20240208;134544;7322.000000000;7;9566564293;S
20240208;134604;7323.000000000;7;9566566097;B
20240208;134604;7323.000000000;6;9566566098;B
20240208;134604;7323.000000000;9;9566566099;B
20240208;134606;7322.000000000;10;9566566241;S
20240208;134620;7322.000000000;1;9566567545;S
20240208;134625;7322.500000000;2;9566567993;B
20240208;134625;7323.000000000;11;9566567994;B
20240208;134625;7323.500000000;6;9566567995;B
20240208;134625;7324.000000000;3;9566567996;B
20240208;134637;7322.500000000;2;9566569055;S
20240208;134637;7322.500000000;8;9566569056;S
20240208;134642;7324.000000000;1;9566569411;B
20240208;134642;7324.000000000;6;9566569412;B
20240208;134642;7324.500000000;1;9566569441;S
20240208;134644;7324.500000000;1;9566569611;S
20240208;134646;7325.000000000;1;9566569772;B
20240208;134646;7325.000000000;9;9566569773;B
20240208;134646;7325.000000000;12;9566569774;B
20240208;134647;7324.500000000;1;9566569826;S
20240208;134649;7324.500000000;5;9566570050;S
20240208;134650;7325.000000000;6;9566570201;B
20240208;134652;7325.000000000;2;9566570499;B
20240208;134653;7325.000000000;50;9566570559;S
20240208;134657;7325.500000000;1;9566570906;B
20240208;134707;7325.500000000;22;9566571677;B
20240208;134710;7325.500000000;1;9566572080;B
20240208;134713;7325.000000000;1;9566572263;S
20240208;134720;7325.000000000;5;9566572856;S
20240208;134728;7325.500000000;10;9566573558;B
20240208;134728;7326.000000000;17;9566573559;B
20240208;134728;7326.000000000;2;9566573560;B
20240208;134728;7326.000000000;10;9566573561;B
20240208;134728;7326.000000000;4;9566573562;B
20240208;134728;7326.500000000;8;9566573563;B
20240208;134728;7326.500000000;1;9566573564;B
20240208;134728;7326.500000000;100;9566573565;B
20240208;134728;7326.500000000;1;9566573566;B
20240208;134728;7326.500000000;27;9566573567;B
20240208;134728;7327.000000000;22;9566573570;B
20240208;134728;7326.500000000;1;9566573597;S
20240208;134731;7326.500000000;5;9566573848;S
20240208;134731;7326.500000000;3;9566573866;S
20240208;134744;7327.000000000;1;9566574995;B
20240208;134748;7327.000000000;22;9566575394;B
20240208;134749;7326.500000000;7;9566575414;S
20240208;134751;7326.500000000;30;9566575568;B
20240208;134754;7326.500000000;4;9566575812;B
20240208;134754;7327.000000000;6;9566575813;B
20240208;134759;7327.000000000;15;9566576312;B
20240208;134801;7326.500000000;9;9566576412;S
20240208;134801;7327.000000000;7;9566576425;B
20240208;134803;7327.000000000;5;9566576598;B
20240208;134808;7326.500000000;6;9566577265;S
20240208;134809;7326.500000000;22;9566577364;B
20240208;134814;7326.500000000;20;9566577803;B
20240208;134814;7326.500000000;32;9566577804;B
20240208;134814;7326.500000000;2;9566577805;B
20240208;134814;7327.000000000;63;9566577809;B
20240208;134814;7327.000000000;400;9566577810;B
20240208;134814;7327.000000000;2;9566577811;B
20240208;134814;7327.000000000;3;9566577812;B
20240208;134814;7327.000000000;2;9566577813;B
20240208;134814;7327.000000000;1;9566577814;B
20240208;134814;7328.500000000;1;9566577815;B
20240208;134814;7329.000000000;2;9566577817;B
20240208;134814;7329.000000000;2;9566577818;B
20240208;134814;7329.000000000;8;9566577819;B
20240208;134814;7329.500000000;1;9566577829;B
20240208;134814;7329.500000000;1;9566577830;B
20240208;134814;7329.500000000;12;9566577831;B
20240208;134814;7329.000000000;2;9566577838;S
20240208;134814;7330.000000000;12;9566577839;B
20240208;134814;7330.000000000;1;9566577840;B
20240208;134814;7330.000000000;1;9566577841;B
20240208;134814;7330.000000000;10;9566577842;B
20240208;134814;7330.000000000;6;9566577843;B
20240208;134814;7330.000000000;2;9566577844;B
20240208;134814;7330.000000000;1;9566577845;B
20240208;134814;7330.000000000;5;9566577846;B
20240208;134814;7330.000000000;1;9566577847;B
20240208;134814;7330.000000000;2;9566577848;B
20240208;134814;7330.000000000;7;9566577849;B
20240208;134814;7330.000000000;1;9566577850;B
20240208;134814;7330.000000000;1;9566577851;B
20240208;134814;7330.000000000;4;9566577852;B
20240208;134814;7330.000000000;10;9566577853;B
20240208;134814;7330.000000000;5;9566577854;B
20240208;134814;7330.000000000;1;9566577855;B
20240208;134814;7330.000000000;20;9566577856;B
20240208;134814;7330.000000000;100;9566577857;B
20240208;134814;7330.000000000;40;9566577858;B
20240208;134814;7330.000000000;1;9566577859;B
20240208;134814;7330.000000000;3;9566577860;B
20240208;134814;7330.000000000;5;9566577861;B
20240208;134814;7330.000000000;5;9566577862;B
20240208;134814;7330.500000000;5;9566577863;B
20240208;134814;7331.000000000;35;9566577871;B
20240208;134814;7331.000000000;32;9566577872;B
20240208;134814;7331.500000000;1;9566577879;B
20240208;134814;7331.500000000;5;9566577880;B
20240208;134814;7332.000000000;1;9566577889;B
20240208;134814;7332.000000000;9;9566577890;B
20240208;134814;7332.000000000;1;9566577891;B
20240208;134814;7332.000000000;2;9566577892;B
20240208;134814;7332.000000000;16;9566577893;B
20240208;134815;7332.000000000;14;9566577978;B
20240208;134815;7332.500000000;27;9566577979;B
20240208;134815;7332.500000000;8;9566577980;B
20240208;134815;7333.000000000;807;9566577981;B
20240208;134815;7333.000000000;27;9566577982;B
20240208;134815;7333.000000000;2;9566577983;B
20240208;134815;7333.000000000;20;9566577989;B
20240208;134815;7333.000000000;27;9566578000;B
20240208;134816;7332.000000000;15;9566578023;B
20240208;134816;7333.000000000;1;9566578060;B
20240208;134816;7333.000000000;34;9566578082;B
20240208;134818;7333.000000000;1;9566578250;B
20240208;134820;7332.500000000;25;9566578456;S
20240208;134820;7332.500000000;20;9566578457;S
20240208;134820;7332.000000000;8;9566578458;S
20240208;134820;7331.000000000;17;9566578459;S
20240208;134820;7329.500000000;20;9566578460;S
20240208;134820;7328.000000000;7;9566578461;S
20240208;134820;7327.500000000;20;9566578462;S
20240208;134820;7327.000000000;21;9566578463;S
20240208;134820;7326.500000000;10;9566578464;S
20240208;134820;7326.500000000;20;9566578465;S
20240208;134820;7326.000000000;1;9566578466;S
20240208;134820;7326.000000000;20;9566578467;S
20240208;134820;7325.500000000;4;9566578468;S
20240208;134820;7325.500000000;30;9566578469;S
20240208;134820;7325.500000000;1;9566578470;S
20240208;134820;7325.500000000;90;9566578471;S
20240208;134820;7325.500000000;20;9566578472;S
20240208;134820;7325.500000000;16;9566578473;S
20240208;134825;7328.000000000;1;9566579032;B
20240208;134826;7328.000000000;5;9566579324;B
20240208;134828;7328.000000000;3;9566579459;B
20240208;134828;7330.000000000;2;9566579460;B
20240208;134828;7331.500000000;2;9566579461;B
20240208;134828;7332.500000000;8;9566579462;B
20240208;134828;7332.500000000;35;9566579463;B
20240208;134829;7332.500000000;2;9566579593;B
20240208;134830;7332.500000000;6;9566579663;B
20240208;134830;7333.000000000;10;9566579664;B
20240208;134830;7333.000000000;6;9566579665;B
20240208;134837;7329.500000000;1;9566580308;B
20240208;134839;7329.000000000;1;9566580585;S
20240208;134839;7328.500000000;4;9566580586;S
20240208;134839;7328.000000000;5;9566580587;S
20240208;134842;7329.000000000;1;9566580835;B
20240208;134844;7329.000000000;1;9566581068;B
20240208;134844;7331.500000000;5;9566581069;B
20240208;134844;7331.500000000;8;9566581070;B
20240208;134844;7331.500000000;2;9566581071;B
20240208;134844;7332.000000000;10;9566581072;B
20240208;134844;7332.500000000;19;9566581073;B
20240208;134844;7329.000000000;3;9566581096;B
20240208;134846;7331.500000000;3;9566581292;B
20240208;134849;7331.500000000;2;9566581599;B
20240208;134849;7331.500000000;8;9566581600;B
20240208;134849;7332.000000000;7;9566581601;B
20240208;134849;7332.500000000;39;9566581602;B
20240208;134849;7332.500000000;2;9566581603;B
20240208;134849;7333.000000000;4;9566581604;B
20240208;134849;7333.000000000;1;9566581605;B
20240208;134849;7333.000000000;100;9566581606;B
20240208;134849;7333.000000000;35;9566581607;B
20240208;134849;7333.500000000;5;9566581608;B
20240208;134849;7333.500000000;20;9566581609;B
20240208;134849;7334.000000000;1;9566581610;B
20240208;134849;7334.000000000;12;9566581611;B
20240208;134849;7334.500000000;2;9566581612;B
20240208;134849;7334.500000000;1;9566581613;B
20240208;134849;7334.500000000;27;9566581614;B
20240208;134849;7334.500000000;20;9566581615;B
20240208;134849;7335.000000000;5;9566581616;B
20240208;134849;7335.000000000;1;9566581617;B
20240208;134849;7335.000000000;1;9566581618;B
20240208;134849;7335.000000000;1;9566581619;B
20240208;134849;7335.000000000;4;9566581620;B
20240208;134849;7335.500000000;10;9566581621;B
20240208;134849;7336.000000000;5;9566581622;B
20240208;134849;7336.000000000;3;9566581623;B
20240208;134849;7336.000000000;20;9566581624;B
20240208;134849;7336.500000000;40;9566581625;B
20240208;134849;7336.500000000;21;9566581626;B
20240208;134849;7337.000000000;1;9566581627;B
20240208;134849;7337.000000000;1;9566581628;B
20240208;134849;7337.000000000;1;9566581629;B
20240208;134849;7337.000000000;1;9566581630;B
20240208;134849;7337.000000000;10;9566581631;B
20240208;134849;7337.000000000;89;9566581632;B
20240208;134850;7335.000000000;6;9566581751;B
20240208;134850;7336.000000000;8;9566581752;B
20240208;134851;7335.000000000;11;9566581853;B
20240208;134851;7335.500000000;7;9566581854;B
20240208;134851;7336.000000000;1;9566581855;B
20240208;134851;7336.000000000;3;9566581856;B
20240208;134854;7332.000000000;4;9566582262;B
20240208;134858;7332.000000000;11;9566582839;B
20240208;134859;7333.500000000;6;9566582895;B
20240208;134859;7335.000000000;7;9566582896;B
20240208;134859;7336.000000000;2;9566582897;B
20240208;134859;7336.000000000;5;9566582898;B
20240208;134859;7336.500000000;27;9566582899;B
20240208;134859;7336.500000000;40;9566582900;B
20240208;134859;7336.500000000;20;9566582901;B
20240208;134859;7336.500000000;20;9566582902;B
20240208;134859;7337.500000000;1;9566582903;B
20240208;134859;7337.500000000;1;9566582904;B
20240208;134859;7337.500000000;1;9566582905;B
20240208;134859;7337.500000000;1;9566582906;B
20240208;134859;7337.500000000;10;9566582907;B
20240208;134859;7338.000000000;109;9566582908;B
20240208;134859;7333.000000000;7;9566582911;S
20240208;134859;7332.500000000;21;9566582912;S
20240208;134859;7332.500000000;25;9566582913;S
20240208;134859;7332.000000000;20;9566582914;S
20240208;134859;7331.500000000;1;9566582915;S
20240208;134859;7331.500000000;1;9566582916;S
20240208;134859;7331.500000000;1;9566582917;S
20240208;134859;7330.000000000;12;9566582918;S
20240208;134859;7330.000000000;20;9566582919;S
20240208;134859;7328.500000000;1;9566582920;S
20240208;134859;7328.500000000;10;9566582921;S
20240208;134859;7328.000000000;58;9566582922;S
20240208;134859;7327.500000000;9;9566582923;S
20240208;134859;7327.500000000;20;9566582924;S
20240208;134859;7327.500000000;100;9566582925;S
20240208;134859;7327.000000000;7;9566582926;S
20240208;134859;7334.500000000;2;9566582954;B
20240208;134859;7335.000000000;15;9566582955;B
20240208;134859;7335.500000000;20;9566582956;B
20240208;134859;7335.500000000;8;9566582957;B
20240208;134907;7331.500000000;1;9566583916;B
20240208;134907;7331.500000000;2;9566583917;B
20240208;134907;7331.500000000;7;9566583918;B
20240208;134907;7331.500000000;7;9566583919;B
20240208;134907;7332.000000000;47;9566583920;B
20240208;134909;7331.000000000;1;9566584181;S
20240208;134909;7331.000000000;1;9566584182;S
20240208;134909;7329.500000000;3;9566584183;S
20240208;134911;7328.500000000;4;9566584540;B
20240208;134912;7328.500000000;6;9566584598;B
20240208;134912;7328.500000000;1;9566584653;B
20240208;134912;7328.500000000;12;9566584654;B
20240208;134912;7330.500000000;7;9566584655;B
20240208;134912;7332.000000000;2;9566584656;B
20240208;134914;7331.500000000;1;9566584846;B
20240208;134917;7328.500000000;21;9566585242;S
20240208;134917;7328.500000000;4;9566585243;S
20240208;134917;7328.000000000;9;9566585244;S
20240208;134917;7328.000000000;7;9566585245;S
20240208;134917;7327.500000000;10;9566585246;S
20240208;134917;7327.500000000;20;9566585247;S
20240208;134917;7327.000000000;64;9566585248;S
20240208;134917;7326.500000000;2;9566585249;S
20240208;134917;7326.500000000;16;9566585250;S
20240208;134917;7326.500000000;20;9566585251;S
20240208;134917;7326.000000000;10;9566585252;S
20240208;134917;7326.000000000;4;9566585253;S
20240208;134923;7326.000000000;1;9566585896;S
20240208;134928;7326.000000000;1;9566586268;S
20240208;134928;7327.000000000;1;9566586313;B
20240208;134928;7327.000000000;1;9566586314;B
20240208;134929;7329.500000000;1;9566586354;B
20240208;134929;7329.500000000;7;9566586355;B
20240208;134929;7330.500000000;2;9566586356;B
20240208;134931;7327.500000000;1;9566586559;B
20240208;134931;7327.000000000;2;9566586591;B
20240208;134931;7326.500000000;4;9566586670;S
20240208;134933;7329.000000000;4;9566587019;B
20240208;134933;7329.500000000;18;9566587020;B
20240208;134936;7329.500000000;7;9566587424;B
20240208;134936;7329.500000000;5;9566587425;B
20240208;134936;7330.500000000;20;9566587426;B
20240208;134936;7331.000000000;8;9566587427;B
20240208;134936;7331.500000000;4;9566587428;B
20240208;134936;7331.500000000;21;9566587429;B
20240208;134936;7332.000000000;63;9566587430;B
20240208;134936;7333.000000000;10;9566587431;B
20240208;134936;7333.500000000;36;9566587432;B
20240208;134936;7333.500000000;20;9566587433;B
20240208;134936;7333.500000000;10;9566587434;B
20240208;134936;7334.500000000;58;9566587435;B
20240208;134936;7335.000000000;88;9566587436;B
20240208;134940;7330.000000000;1;9566588027;B
20240208;134953;7327.500000000;8;9566589210;S
20240208;134953;7327.500000000;2;9566589211;S
20240208;134953;7327.000000000;20;9566589212;S
20240208;134953;7327.000000000;20;9566589213;S
20240208;134954;7330.000000000;9;9566589324;B
20240208;134954;7331.000000000;7;9566589325;B
20240208;134954;7331.000000000;5;9566589326;B
20240208;134954;7331.500000000;1;9566589327;B
20240208;134958;7329.000000000;3;9566589686;S
20240208;135011;7328.500000000;1;9566591006;S
20240208;135013;7329.500000000;1;9566591106;B
20240208;135013;7330.000000000;7;9566591107;B
20240208;135013;7331.000000000;2;9566591108;B
20240208;135013;7331.000000000;3;9566591109;B
20240208;135015;7330.500000000;21;9566591343;B
20240208;135015;7330.500000000;1;9566591344;B
20240208;135036;7331.000000000;13;9566593654;B
20240208;135036;7331.000000000;9;9566593655;B
20240208;135053;7330.000000000;1;9566595253;S
20240208;135053;7329.500000000;1;9566595258;S
20240208;135053;7329.000000000;1;9566595259;S
20240208;135053;7329.000000000;6;9566595260;S
20240208;135053;7327.500000000;4;9566595261;S
20240208;135053;7327.500000000;12;9566595262;B
20240208;135053;7327.500000000;14;9566595263;B
20240208;135054;7327.000000000;10;9566595279;S
20240208;135057;7329.500000000;1;9566595615;B
20240208;135057;7330.000000000;14;9566595616;B
20240208;135057;7330.500000000;7;9566595617;B
20240208;135058;7327.500000000;1;9566595711;S
20240208;135058;7329.500000000;1;9566595750;B
20240208;135058;7331.000000000;11;9566595751;B
20240208;135105;7330.000000000;1;9566596277;B
20240208;135105;7330.000000000;2;9566596278;B
20240208;135105;7330.500000000;5;9566596279;B
20240208;135105;7330.500000000;2;9566596280;B
20240208;135118;7329.000000000;1;9566597483;B
20240208;135118;7330.000000000;5;9566597484;B
20240208;135118;7330.500000000;1;9566597485;B
20240208;135118;7330.500000000;7;9566597486;B
20240208;135118;7331.000000000;8;9566597487;B
20240208;135124;7328.000000000;6;9566598070;S
20240208;135124;7327.500000000;13;9566598071;S
20240208;135133;7330.000000000;13;9566598815;B
20240208;135138;7330.000000000;2;9566599258;B
20240208;135138;7330.500000000;7;9566599259;B
20240208;135138;7331.000000000;2;9566599260;B
20240208;135138;7331.000000000;11;9566599261;B
20240208;135159;7331.000000000;22;9566601098;B
20240208;135206;7330.000000000;1;9566601579;S
20240208;135211;7330.000000000;5;9566601995;B
20240208;135211;7330.000000000;4;9566602040;B
20240208;135220;7330.000000000;4;9566602787;B
20240208;135220;7330.000000000;12;9566602788;B
20240208;135220;7330.500000000;6;9566602789;B
20240208;135232;7329.500000000;6;9566603843;B
20240208;135232;7329.500000000;7;9566603844;B
20240208;135232;7330.000000000;7;9566603845;B
20240208;135237;7330.000000000;2;9566604179;B
20240208;135241;7330.000000000;22;9566604538;B
20240208;135241;7330.000000000;1;9566604546;B
20240208;135259;7329.000000000;1;9566606467;S
20240208;135301;7329.500000000;3;9566606584;B
20240208;135301;7330.000000000;230;9566606585;B
20240208;135301;7330.000000000;17;9566606586;B
20240208;135302;7330.000000000;22;9566606681;B
20240208;135302;7330.000000000;6;9566606682;B
20240208;135302;7330.000000000;6;9566606683;B
20240208;135302;7330.000000000;6;9566606684;B
20240208;135302;7330.000000000;6;9566606685;B
20240208;135302;7330.000000000;6;9566606686;B
20240208;135302;7330.000000000;6;9566606687;B
20240208;135302;7330.000000000;10;9566606688;B
20240208;135302;7330.000000000;4;9566606689;B
20240208;135302;7330.000000000;4;9566606690;B
20240208;135302;7330.000000000;8;9566606691;B
20240208;135302;7330.000000000;2;9566606692;B
20240208;135302;7330.000000000;2;9566606693;B
20240208;135302;7330.000000000;2;9566606694;B
20240208;135302;7330.000000000;8;9566606711;B
20240208;135304;7330.000000000;10;9566606858;B
20240208;135304;7330.000000000;2;9566606864;B
20240208;135304;7330.000000000;250;9566606946;B
20240208;135304;7330.000000000;8;9566606947;B
20240208;135308;7330.000000000;4;9566607302;B
20240208;135309;7329.500000000;1;9566607315;S
20240208;135309;7330.000000000;6;9566607316;B
20240208;135309;7330.000000000;1;9566607317;B
20240208;135314;7330.000000000;1;9566607824;B
20240208;135322;7329.500000000;4;9566608535;B
20240208;135323;7330.000000000;21;9566608618;B
20240208;135323;7330.000000000;1;9566608619;B
20240208;135324;7329.500000000;1;9566608694;B
20240208;135325;7329.000000000;1;9566608775;S
20240208;135329;7329.500000000;1;9566609072;B
20240208;135344;7330.000000000;8;9566610244;B
20240208;135344;7330.000000000;4;9566610245;B
20240208;135344;7330.000000000;10;9566610246;B
20240208;135354;7330.000000000;1;9566611092;B
20240208;135354;7330.000000000;4;9566611093;B
20240208;135357;7329.000000000;3;9566611269;B
20240208;135357;7329.500000000;1;9566611307;B
20240208;135402;7330.000000000;11;9566611732;B
20240208;135402;7330.000000000;1;9566611733;B
20240208;135402;7330.000000000;1;9566611734;B
20240208;135402;7330.000000000;9;9566611735;B
20240208;135402;7330.000000000;8;9566611736;B
20240208;135405;7330.000000000;22;9566611987;B
20240208;135407;7330.000000000;2;9566612161;B
20240208;135413;7330.000000000;7;9566612724;B
20240208;135416;7330.000000000;9;9566613113;B
20240208;135417;7330.500000000;5;9566613299;B
20240208;135419;7330.500000000;9;9566613409;B
20240208;135419;7330.500000000;2;9566613410;B
20240208;135422;7330.000000000;1;9566613677;S
20240208;135424;7330.500000000;7;9566613799;B
20240208;135426;7330.500000000;22;9566614042;B
20240208;135428;7330.500000000;4;9566614377;B
20240208;135428;7330.500000000;1;9566614378;B
20240208;135428;7330.500000000;3;9566614379;B
20240208;135428;7331.000000000;29;9566614421;B
20240208;135428;7330.500000000;4;9566614446;B
20240208;135428;7331.000000000;3;9566614447;B
20240208;135431;7331.000000000;15;9566614685;B
20240208;135432;7331.000000000;13;9566614823;B
20240208;135436;7331.000000000;13;9566617237;B
20240208;135443;7330.500000000;1;9566622832;S
20240208;135443;7331.000000000;5;9566622833;B
20240208;135444;7331.000000000;5;9566623276;B
20240208;135446;7331.000000000;7;9566625140;B
20240208;135447;7331.000000000;22;9566625170;B
20240208;135449;7331.000000000;2;9566627429;B
20240208;135451;7331.000000000;1;9566627540;B
20240208;135452;7330.500000000;1;9566629597;S
20240208;135452;7330.000000000;1;9566629598;S
20240208;135456;7330.500000000;1;9566631748;B
20240208;135458;7330.000000000;1;9566634145;S
20240208;135458;7330.000000000;7;9566634150;S
20240208;135506;7329.000000000;1;9566639783;S
20240208;135506;7329.000000000;2;9566639784;S
20240208;135508;7329.500000000;2;9566639902;B
20240208;135508;7329.500000000;2;9566639903;B
20240208;135508;7330.000000000;18;9566639904;B
20240208;135528;7330.000000000;22;9566655867;B
20240208;135528;7330.000000000;1;9566655872;B
20240208;135533;7329.000000000;6;9566658920;S
20240208;135533;7329.000000000;21;9566658921;S
20240208;135533;7329.000000000;50;9566658922;S
20240208;135533;7328.500000000;5;9566658923;S
20240208;135533;7328.500000000;49;9566658924;S
20240208;135533;7328.500000000;7;9566658925;S
20240208;135533;7328.000000000;65;9566658926;S
20240208;135533;7327.500000000;10;9566658927;S
20240208;135533;7327.000000000;4;9566658928;S
20240208;135533;7327.000000000;20;9566658929;S
20240208;135533;7326.500000000;58;9566658930;S
20240208;135533;7326.000000000;70;9566658931;S
20240208;135533;7326.000000000;20;9566658932;S
20240208;135533;7325.500000000;3;9566658933;S
20240208;135533;7325.500000000;75;9566658934;S
20240208;135533;7325.500000000;1;9566658935;S
20240208;135533;7325.500000000;4;9566658936;S
20240208;135533;7325.500000000;4;9566658937;S
20240208;135533;7325.500000000;4;9566658938;S
20240208;135533;7325.000000000;92;9566658939;S
20240208;135533;7325.000000000;5;9566658940;S
20240208;135533;7325.000000000;25;9566658941;S
20240208;135533;7325.000000000;20;9566658942;S
20240208;135533;7324.500000000;898;9566658943;S
20240208;135533;7325.000000000;1;9566658954;S
20240208;135543;7325.000000000;1;9566667141;S
20240208;135549;7327.000000000;1;9566670924;B
20240208;135549;7327.500000000;6;9566670925;B
20240208;135549;7328.000000000;3;9566670926;B
20240208;135549;7328.500000000;12;9566670927;B
20240208;135550;7326.500000000;1;9566671198;S
20240208;135601;7328.500000000;1;9566679449;B
20240208;135601;7328.500000000;1;9566679450;B
20240208;135603;7328.500000000;1;9566681193;B
20240208;135603;7328.500000000;1;9566681194;B
20240208;135603;7328.500000000;1;9566681195;B
20240208;135606;7329.000000000;1;9566683425;B
20240208;135607;7328.500000000;1;9566685019;S
20240208;135607;7328.500000000;1;9566685020;S
20240208;135607;7328.500000000;1;9566685021;S
20240208;135607;7328.500000000;1;9566685022;S
20240208;135607;7328.500000000;1;9566685023;S
20240208;135607;7328.500000000;3;9566685024;S
20240208;135607;7328.000000000;1;9566685025;S
20240208;135607;7328.000000000;1;9566685026;S
20240208;135610;7329.500000000;6;9566685855;B
20240208;135610;7330.000000000;16;9566685856;B
20240208;135614;7330.000000000;1;9566688717;B
20240208;135631;7329.500000000;3;9566698939;B
20240208;135631;7330.000000000;15;9566698940;B
20240208;135631;7330.000000000;1;9566698941;B
20240208;135631;7330.000000000;3;9566698942;B
20240208;135643;7330.000000000;5;9566699957;B
20240208;135645;7329.000000000;20;9566700144;S
20240208;135645;7328.500000000;1;9566700145;S
20240208;135645;7328.500000000;1;9566700146;S
20240208;135645;7328.500000000;1;9566700147;S
20240208;135645;7328.500000000;1;9566700148;S
20240208;135645;7328.500000000;1;9566700149;S
20240208;135645;7328.500000000;1;9566700150;S
20240208;135645;7328.500000000;1;9566700151;S
20240208;135645;7328.500000000;1;9566700152;S
20240208;135645;7328.000000000;1;9566700153;S
20240208;135645;7328.000000000;1;9566700154;S
20240208;135645;7328.000000000;1;9566700155;S
20240208;135645;7328.000000000;1;9566700156;S
20240208;135645;7328.000000000;1;9566700157;S
20240208;135645;7328.000000000;1;9566700158;S
20240208;135645;7328.000000000;1;9566700159;S
20240208;135645;7328.000000000;1;9566700160;S
20240208;135645;7328.000000000;1;9566700161;S
20240208;135645;7327.500000000;1;9566700162;S
20240208;135645;7327.500000000;1;9566700163;S
20240208;135645;7327.000000000;1;9566700164;S
20240208;135645;7327.000000000;1;9566700165;S
20240208;135645;7327.000000000;1;9566700166;S
20240208;135645;7327.000000000;1;9566700167;S
20240208;135645;7327.000000000;1;9566700168;S
20240208;135645;7327.000000000;1;9566700169;S
20240208;135645;7326.500000000;1;9566700170;S
20240208;135645;7326.500000000;1;9566700171;S
20240208;135645;7326.500000000;12;9566700172;S
20240208;135645;7326.500000000;4;9566700173;S
20240208;135645;7326.000000000;21;9566700174;S
20240208;135645;7325.500000000;2;9566700175;S
20240208;135645;7325.500000000;20;9566700176;S
20240208;135645;7325.000000000;8;9566700177;S
20240208;135645;7325.000000000;20;9566700178;S
20240208;135645;7324.500000000;76;9566700179;S
20240208;135646;7326.500000000;1;9566700259;S
20240208;135652;7328.500000000;6;9566700806;B
20240208;135652;7328.500000000;1;9566700807;B
20240208;135652;7329.000000000;15;9566700808;B
20240208;135702;7325.500000000;4;9566701646;S
20240208;135702;7325.000000000;17;9566701647;S
20240208;135705;7325.000000000;6;9566701909;S
20240208;135705;7324.500000000;8;9566701910;S
20240208;135713;7327.000000000;6;9566702522;B
20240208;135713;7327.000000000;16;9566702523;B
20240208;135714;7324.500000000;3;9566702591;S
20240208;135714;7324.500000000;10;9566702592;S
20240208;135724;7326.500000000;1;9566703468;S
20240208;135734;7329.000000000;1;9566704257;B
20240208;135734;7329.500000000;6;9566704258;B
20240208;135734;7330.000000000;1;9566704259;B
20240208;135734;7330.000000000;8;9566704260;B
20240208;135734;7330.000000000;6;9566704261;B
20240208;135738;7327.000000000;6;9566704645;S
20240208;135738;7327.000000000;21;9566704646;S
20240208;135738;7326.500000000;8;9566704647;S
20240208;135738;7326.000000000;10;9566704648;S
20240208;135738;7325.500000000;20;9566704649;S
20240208;135738;7325.000000000;50;9566704650;S
20240208;135738;7325.000000000;9;9566704651;S
20240208;135738;7325.000000000;8;9566704652;S
20240208;135738;7325.000000000;2;9566704669;B
20240208;135745;7324.500000000;2;9566705288;S
20240208;135755;7325.000000000;22;9566705996;B
20240208;135816;7325.000000000;22;9566707765;B
20240208;135822;7325.000000000;8;9566708453;B
20240208;135834;7324.500000000;2;9566709946;S
20240208;135837;7325.000000000;22;9566710302;B
20240208;135838;7324.500000000;2;9566710443;S
20240208;135848;7325.000000000;292;9566711293;B
20240208;135848;7325.000000000;200;9566711294;B
20240208;135848;7325.000000000;1;9566711295;B
20240208;135848;7325.000000000;100;9566711296;B
20240208;135848;7325.000000000;5;9566711297;B
20240208;135855;7326.000000000;1;9566711898;B
20240208;135857;7326.000000000;1;9566712078;B
20240208;135857;7327.500000000;9;9566712079;B
20240208;135857;7328.000000000;8;9566712080;B
20240208;135857;7328.500000000;4;9566712081;B
20240208;135859;7329.000000000;3;9566712210;B
20240208;135904;7326.000000000;2;9566712592;S
20240208;135904;7325.500000000;3;9566712593;S
20240208;135918;7329.000000000;8;9566713690;B
20240208;135918;7329.000000000;9;9566713691;B
20240208;135918;7329.000000000;5;9566713692;B
20240208;135926;7326.000000000;1;9566714404;S
20240208;135926;7326.000000000;1;9566714405;S
20240208;135926;7325.500000000;18;9566714406;S
20240208;135926;7325.500000000;2;9566714407;S
20240208;135926;7329.000000000;1;9566714425;B
20240208;135930;7326.500000000;1;9566714772;S
20240208;135930;7326.000000000;5;9566714814;S
20240208;135939;7326.500000000;21;9566715715;B
20240208;135939;7327.500000000;1;9566715716;B
20240208;140000;7328.000000000;1;9566717737;B
20240208;140000;7328.000000000;9;9566717738;B
20240208;140000;7328.500000000;1;9566717739;B
20240208;140000;7328.500000000;2;9566717740;B
20240208;140000;7329.000000000;9;9566717741;B
20240208;140001;7329.000000000;6;9566717891;B
20240208;140001;7329.500000000;37;9566717892;B
20240208;140007;7329.500000000;1;9566718657;B
20240208;140009;7327.500000000;1;9566718798;S
20240208;140017;7327.500000000;1;9566719462;S
20240208;140021;7328.000000000;1;9566719776;B
20240208;140021;7329.500000000;3;9566719777;B
20240208;140021;7329.500000000;9;9566719778;B
20240208;140021;7329.500000000;3;9566719779;B
20240208;140021;7330.000000000;6;9566719780;B
20240208;140027;7327.500000000;3;9566720284;S
20240208;140027;7327.000000000;1;9566720285;S
20240208;140027;7327.000000000;9;9566720286;S
20240208;140027;7326.500000000;12;9566720287;S
20240208;140027;7326.000000000;1;9566720288;S
20240208;140027;7326.000000000;2;9566720289;S
20240208;140034;7326.000000000;3;9566720980;S
20240208;140041;7328.500000000;3;9566721555;B
20240208;140042;7328.500000000;1;9566721676;B
20240208;140042;7328.500000000;9;9566721677;B
20240208;140042;7329.000000000;6;9566721678;B
20240208;140042;7329.500000000;6;9566721679;B
20240208;140042;7329.500000000;1;9566721684;B
20240208;140042;7330.000000000;4;9566721685;B
20240208;140050;7327.000000000;1;9566722365;S
20240208;140054;7326.000000000;4;9566722875;S
20240208;140101;7326.000000000;6;9566723444;S
20240208;140103;7326.000000000;4;9566723556;B
20240208;140103;7326.500000000;9;9566723557;B
20240208;140103;7327.000000000;9;9566723558;B
20240208;140116;7325.500000000;3;9566725216;S
20240208;140116;7325.500000000;10;9566725217;S
20240208;140116;7325.000000000;12;9566725218;S
20240208;140116;7325.000000000;8;9566725219;S
20240208;140116;7325.000000000;1;9566725220;S
20240208;140116;7325.000000000;2;9566725221;S
20240208;140116;7324.500000000;34;9566725222;S
20240208;140116;7324.500000000;1;9566725223;S
20240208;140116;7324.500000000;929;9566725224;S
20240208;140116;7324.500000000;61;9566725225;S
20240208;140116;7324.500000000;9;9566725226;S
20240208;140116;7324.500000000;11;9566725227;S
20240208;140116;7324.500000000;2;9566725228;S
20240208;140116;7324.500000000;17;9566725229;S
20240208;140123;7326.000000000;2;9566725852;B
20240208;140124;7326.000000000;2;9566725977;B
20240208;140124;7326.000000000;1;9566725978;B
20240208;140124;7326.000000000;1;9566725979;B
20240208;140124;7326.500000000;18;9566725980;B
20240208;140145;7328.000000000;3;9566727620;B
20240208;140145;7328.000000000;9;9566727621;B
20240208;140145;7328.000000000;10;9566727622;B
20240208;140206;7329.000000000;8;9566729568;B
20240208;140206;7329.000000000;1;9566729569;B
20240208;140206;7329.000000000;10;9566729570;B
20240208;140206;7329.000000000;3;9566729571;B
20240208;140217;7327.000000000;3;9566730786;S
20240208;140227;7329.500000000;3;9566732027;B
20240208;140227;7329.500000000;9;9566732028;B
20240208;140227;7329.500000000;5;9566732029;B
20240208;140227;7329.500000000;1;9566732030;B
20240208;140227;7330.000000000;4;9566732031;B
20240208;140229;7327.500000000;1;9566732272;S
20240208;140229;7327.000000000;9;9566732273;S
20240208;140232;7327.500000000;8;9566732779;S
20240208;140240;7328.000000000;3;9566733527;S
20240208;140245;7329.500000000;1;9566733992;B
20240208;140247;7329.500000000;1;9566734353;B
20240208;140247;7329.500000000;3;9566734354;B
20240208;140247;7330.000000000;18;9566734355;B
20240208;140257;7328.000000000;1;9566735854;S
20240208;140302;7330.000000000;10;9566736241;B
20240208;140308;7330.000000000;22;9566736827;B
20240208;140320;7330.000000000;3;9566737900;B
20240208;140329;7329.000000000;2;9566738680;B
20240208;140329;7329.500000000;20;9566738681;B
20240208;140330;7328.000000000;10;9566738801;S
20240208;140330;7327.500000000;1;9566738802;S
20240208;140330;7327.500000000;21;9566738803;S
20240208;140330;7327.000000000;3;9566738804;S
20240208;140339;7327.500000000;21;9566739514;S
20240208;140339;7327.000000000;26;9566739515;S
20240208;140350;7329.000000000;1;9566740561;B
20240208;140350;7329.500000000;20;9566740562;B
20240208;140350;7329.500000000;1;9566740563;B
20240208;140407;7327.500000000;1;9566742115;S
20240208;140409;7329.000000000;1;9566742309;S
20240208;140409;7329.000000000;1;9566742310;S
20240208;140411;7329.000000000;1;9566742550;S
20240208;140411;7329.000000000;1;9566742551;S
20240208;140411;7329.500000000;5;9566742568;B
20240208;140411;7329.500000000;9;9566742569;B
20240208;140411;7329.500000000;1;9566742570;B
20240208;140411;7329.500000000;7;9566742571;B
20240208;140413;7329.000000000;1;9566742795;S
20240208;140413;7329.000000000;7;9566742796;S
20240208;140414;7329.000000000;1;9566742901;S
20240208;140414;7329.000000000;1;9566742902;S
20240208;140415;7329.500000000;1;9566743020;B
20240208;140421;7329.500000000;1;9566743485;S
20240208;140423;7329.500000000;1;9566743709;S
20240208;140425;7330.000000000;443;9566743946;B
20240208;140425;7330.000000000;1;9566743947;B
20240208;140425;7330.000000000;5;9566743948;B
20240208;140425;7330.000000000;1;9566743949;B
20240208;140425;7330.000000000;2;9566743950;B
20240208;140425;7330.000000000;25;9566743951;B
20240208;140425;7330.000000000;5;9566743952;B
20240208;140431;7330.000000000;1;9566744472;S
20240208;140432;7330.500000000;1;9566744562;B
20240208;140432;7330.500000000;20;9566744563;B
20240208;140432;7330.500000000;1;9566744564;B
20240208;140432;7331.000000000;10;9566744573;B
20240208;140433;7330.500000000;21;9566744626;S
20240208;140433;7330.000000000;17;9566744627;S
20240208;140433;7330.000000000;20;9566744628;S
20240208;140439;7330.000000000;232;9566745493;B
20240208;140439;7330.500000000;10;9566745494;B
20240208;140439;7331.000000000;125;9566745495;B
20240208;140439;7331.000000000;10;9566745496;B
20240208;140439;7331.000000000;1;9566745497;B
20240208;140439;7331.000000000;1;9566745498;B
20240208;140439;7332.500000000;1;9566745499;B
20240208;140439;7332.500000000;10;9566745500;B
20240208;140439;7333.000000000;2;9566745501;B
20240208;140439;7333.000000000;2;9566745502;B
20240208;140453;7334.500000000;1;9566747051;B
20240208;140453;7334.500000000;1;9566747052;B
20240208;140453;7334.500000000;10;9566747053;B
20240208;140453;7335.000000000;10;9566747054;B
20240208;140501;7333.000000000;1;9566747854;S
20240208;140502;7333.000000000;5;9566747927;S
20240208;140504;7333.500000000;21;9566748087;B
20240208;140506;7333.500000000;10;9566748383;B
20240208;140514;7333.500000000;18;9566749909;B
20240208;140514;7333.500000000;4;9566749910;B
20240208;140517;7333.000000000;2;9566750242;S
20240208;140535;7333.500000000;22;9566752234;B
20240208;140536;7333.500000000;10;9566752352;B
20240208;140536;7333.500000000;1;9566752394;B
20240208;140547;7333.500000000;3;9566753379;B
20240208;140547;7333.500000000;13;9566753380;B
20240208;140547;7334.000000000;10;9566753381;B
20240208;140547;7335.000000000;2;9566753382;B
20240208;140547;7335.000000000;5;9566753383;B
20240208;140547;7335.000000000;10;9566753384;B
20240208;140547;7335.000000000;4;9566753385;B
20240208;140556;7334.500000000;10;9566754063;B
20240208;140556;7335.000000000;12;9566754064;B
20240208;140602;7333.500000000;1;9566754650;S
20240208;140617;7335.000000000;14;9566755832;B
20240208;140617;7335.000000000;1;9566755833;B
20240208;140617;7335.500000000;7;9566755834;B
20240208;140622;7335.500000000;1;9566756278;B
20240208;140634;7335.000000000;1;9566757211;B
20240208;140637;7335.000000000;2;9566757605;B
20240208;140637;7335.500000000;10;9566757606;B
20240208;140637;7336.000000000;7;9566757607;B
20240208;140637;7336.000000000;3;9566757608;B
20240208;140637;7336.000000000;7;9566757609;B
20240208;140637;7336.500000000;6;9566757610;B
20240208;140637;7336.500000000;1;9566757611;B
20240208;140637;7337.000000000;2;9566757612;B
20240208;140637;7337.000000000;10;9566757613;B
20240208;140637;7337.000000000;1;9566757614;B
20240208;140637;7337.000000000;13;9566757615;B
20240208;140640;7336.500000000;1;9566757798;B
20240208;140640;7336.500000000;4;9566757799;B
20240208;140641;7337.000000000;1;9566757970;B
20240208;140644;7336.500000000;1;9566758184;S
20240208;140645;7336.500000000;1;9566758254;S
20240208;140645;7336.500000000;1;9566758323;S
20240208;140653;7336.500000000;2;9566759023;S
20240208;140655;7335.500000000;1;9566759659;S
20240208;140658;7336.000000000;5;9566760006;B
20240208;140658;7336.500000000;9;9566760007;B
20240208;140658;7337.000000000;4;9566760008;B
20240208;140658;7337.000000000;4;9566760009;B
20240208;140659;7335.500000000;1;9566760028;S
20240208;140719;7337.000000000;16;9566761598;B
20240208;140719;7337.000000000;6;9566761599;B
20240208;140739;7336.000000000;5;9566763167;S
20240208;140739;7334.000000000;14;9566763168;S
20240208;140739;7333.500000000;1;9566763169;S
20240208;140740;7336.000000000;7;9566763293;B
20240208;140740;7336.500000000;9;9566763294;B
20240208;140740;7337.000000000;6;9566763295;B
20240208;140741;7333.000000000;66;9566763422;S
20240208;140742;7337.000000000;1;9566763459;B
20240208;140758;7333.000000000;1;9566764915;S
20240208;140801;7335.500000000;9;9566765184;B
20240208;140801;7336.000000000;3;9566765185;B
20240208;140801;7336.000000000;7;9566765186;B
20240208;140801;7336.500000000;3;9566765187;B
20240208;140818;7333.000000000;1;9566766641;S
20240208;140822;7335.000000000;9;9566767064;B
20240208;140822;7335.500000000;13;9566767065;B
20240208;140833;7333.500000000;1;9566768168;S
20240208;140833;7333.000000000;30;9566768169;S
20240208;140833;7333.000000000;1;9566768170;S
20240208;140833;7333.000000000;22;9566768171;S
20240208;140833;7333.000000000;6;9566768172;S
20240208;140833;7333.000000000;2;9566768173;S
20240208;140834;7333.000000000;10;9566768200;B
20240208;140836;7333.000000000;3;9566768351;B
20240208;140836;7334.500000000;9;9566768352;B
20240208;140836;7334.500000000;1;9566768353;B
20240208;140836;7335.000000000;20;9566768354;B
20240208;140836;7335.000000000;10;9566768355;B
20240208;140836;7335.500000000;2;9566768356;B
20240208;140836;7336.000000000;4;9566768357;B
20240208;140836;7336.000000000;1;9566768444;S
20240208;140840;7336.500000000;2;9566768709;B
20240208;140843;7336.500000000;1;9566768933;B
20240208;140843;7337.000000000;10;9566768934;B
20240208;140843;7337.000000000;11;9566768935;B
20240208;140847;7337.000000000;10;9566769256;B
20240208;140859;7336.500000000;1;9566770145;S
20240208;140904;7337.000000000;16;9566770507;B
20240208;140904;7337.000000000;6;9566770508;B
20240208;140912;7337.500000000;25;9566771184;B
20240208;140912;7338.000000000;91;9566771185;B
20240208;140912;7338.000000000;40;9566771186;B
20240208;140912;7338.000000000;10;9566771187;B
20240208;140912;7339.000000000;1;9566771188;B
20240208;140912;7339.000000000;60;9566771189;B
20240208;140912;7339.000000000;1;9566771190;B
20240208;140912;7339.000000000;10;9566771191;B
20240208;140912;7339.000000000;1;9566771192;B
20240208;140912;7339.000000000;20;9566771193;B
20240208;140912;7339.500000000;1;9566771194;B
20240208;140912;7339.500000000;1;9566771195;B
20240208;140912;7339.500000000;18;9566771196;B
20240208;140912;7339.500000000;1;9566771197;B
20240208;140912;7339.500000000;1;9566771198;B
20240208;140912;7339.500000000;1;9566771199;B
20240208;140912;7339.500000000;1;9566771200;B
20240208;140912;7339.500000000;14;9566771201;B
20240208;140912;7340.000000000;2;9566771202;B
20240208;140912;7340.000000000;1;9566771203;B
20240208;140912;7340.000000000;1;9566771204;B
20240208;140912;7340.000000000;1;9566771205;B
20240208;140912;7340.000000000;1;9566771206;B
20240208;140912;7340.000000000;1;9566771207;B
20240208;140912;7340.000000000;1;9566771208;B
20240208;140912;7340.000000000;3;9566771209;B
20240208;140912;7340.000000000;1;9566771210;B
20240208;140912;7340.000000000;15;9566771211;B
20240208;140912;7340.000000000;1;9566771212;B
20240208;140912;7340.000000000;5;9566771213;B
20240208;140912;7340.000000000;10;9566771214;B
20240208;140912;7340.000000000;1;9566771215;B
20240208;140912;7340.000000000;50;9566771216;B
20240208;140912;7340.000000000;65;9566771217;B
20240208;140912;7340.000000000;1;9566771218;B
20240208;140912;7340.000000000;7;9566771219;B
20240208;140912;7340.000000000;3;9566771220;B
20240208;140912;7340.000000000;5;9566771221;B
20240208;140912;7340.000000000;40;9566771222;B
20240208;140912;7340.000000000;1;9566771223;B
20240208;140912;7340.000000000;5;9566771224;B
20240208;140912;7340.000000000;2;9566771225;B
20240208;140912;7340.000000000;7;9566771226;S
20240208;140912;7340.000000000;40;9566771227;S
20240208;140912;7340.000000000;40;9566771229;S
20240208;140912;7340.000000000;40;9566771230;S
20240208;140912;7340.500000000;1;9566771232;B
20240208;140912;7340.000000000;1;9566771252;S
20240208;140912;7340.000000000;1;9566771258;S
20240208;140912;7340.500000000;1;9566771260;B
20240208;140912;7340.500000000;8;9566771261;B
20240208;140912;7340.500000000;2;9566771263;B
20240208;140912;7340.500000000;1;9566771264;B
20240208;140912;7340.000000000;5;9566771278;S
20240208;140912;7340.000000000;3;9566771288;S
20240208;140913;7340.000000000;3;9566771294;S
20240208;140913;7340.000000000;20;9566771301;S
20240208;140913;7340.500000000;29;9566771302;B
20240208;140913;7341.000000000;10;9566771303;B
20240208;140913;7341.000000000;1;9566771304;B
20240208;140913;7341.000000000;66;9566771305;B
20240208;140913;7340.500000000;10;9566771306;S
20240208;140913;7340.000000000;4;9566771311;S
20240208;140913;7340.500000000;30;9566771343;B
20240208;140913;7341.000000000;34;9566771344;B
20240208;140913;7341.000000000;1;9566771345;B
20240208;140913;7341.000000000;20;9566771346;B
20240208;140913;7341.000000000;50;9566771347;B
20240208;140913;7341.000000000;3;9566771348;B
20240208;140913;7341.000000000;14;9566771349;B
20240208;140913;7341.500000000;10;9566771350;B
20240208;140913;7342.000000000;7;9566771351;B
20240208;140913;7342.000000000;5;9566771352;B
20240208;140913;7342.000000000;200;9566771353;B
20240208;140913;7342.000000000;26;9566771354;B
20240208;140913;7341.500000000;40;9566771362;B
20240208;140913;7342.000000000;17;9566771363;B
20240208;140913;7341.500000000;1;9566771366;S
20240208;140913;7341.500000000;1;9566771367;S
20240208;140914;7341.500000000;5;9566771408;B
20240208;140914;7342.000000000;15;9566771409;B
20240208;140914;7342.000000000;9;9566771450;B
20240208;140917;7342.000000000;5;9566771710;B
20240208;140917;7342.000000000;8;9566771715;B
20240208;140917;7342.000000000;1;9566771716;B
20240208;140917;7342.000000000;5;9566771717;B
20240208;140917;7342.000000000;1;9566771718;B
20240208;140917;7342.000000000;1;9566771719;B
20240208;140917;7342.000000000;5;9566771720;B
20240208;140923;7341.000000000;3;9566772218;S
20240208;140925;7342.000000000;5;9566772388;B
20240208;140925;7342.000000000;2;9566772389;B
20240208;140925;7342.000000000;2;9566772390;B
20240208;140925;7342.000000000;2;9566772391;B
20240208;140925;7342.500000000;5;9566772392;B
20240208;140925;7342.500000000;6;9566772393;B
20240208;140929;7341.000000000;3;9566772743;S
20240208;140932;7342.500000000;14;9566773012;B
20240208;140932;7341.000000000;21;9566773024;S
20240208;140932;7340.500000000;12;9566773025;S
20240208;140932;7340.500000000;20;9566773026;S
20240208;140932;7340.000000000;87;9566773027;S
20240208;140946;7341.000000000;1;9566774123;B
20240208;140946;7341.500000000;10;9566774124;B
20240208;140946;7342.000000000;5;9566774125;B
20240208;140946;7342.500000000;6;9566774126;B
20240208;140950;7342.000000000;7;9566774452;B
20240208;140950;7342.500000000;6;9566774453;B
20240208;140950;7342.500000000;7;9566774454;B
20240208;140951;7343.000000000;1;9566774501;B
20240208;140952;7340.000000000;3;9566774599;S
20240208;140955;7342.000000000;21;9566774830;B
20240208;140955;7342.500000000;4;9566774831;B
20240208;140955;7342.500000000;11;9566774832;B
20240208;140955;7342.500000000;2;9566774833;B
20240208;140955;7342.500000000;1;9566774834;S
20240208;140956;7342.500000000;2;9566774924;S
20240208;140956;7342.500000000;1;9566774954;S
20240208;140957;7343.000000000;2;9566775046;B
20240208;140958;7342.500000000;1;9566775105;S
20240208;141001;7342.500000000;1;9566775300;S
20240208;141005;7342.500000000;1;9566775618;S
20240208;141007;7343.000000000;1;9566775676;B
20240208;141007;7343.000000000;2;9566775677;B
20240208;141007;7343.000000000;5;9566775678;B
20240208;141007;7343.000000000;5;9566775679;B
20240208;141007;7343.000000000;7;9566775680;B
20240208;141007;7343.000000000;2;9566775681;B
20240208;141009;7343.000000000;18;9566775972;B
20240208;141009;7343.000000000;4;9566775973;B
20240208;141009;7343.000000000;25;9566775974;B
20240208;141009;7343.500000000;5;9566775975;B
20240208;141009;7343.500000000;11;9566775976;B
20240208;141009;7343.500000000;2;9566775977;B
20240208;141009;7344.000000000;1;9566775978;B
20240208;141009;7344.000000000;1;9566775979;B
20240208;141009;7344.000000000;200;9566775980;B
20240208;141009;7344.000000000;1;9566775981;B
20240208;141009;7344.500000000;1;9566775982;B
20240208;141009;7344.500000000;5;9566775983;B
20240208;141009;7344.500000000;21;9566775984;B
20240208;141009;7344.500000000;1;9566775985;S
20240208;141010;7344.500000000;1;9566776062;S
20240208;141011;7344.500000000;1;9566776151;S
20240208;141012;7345.000000000;21;9566776188;B
20240208;141012;7345.000000000;10;9566776189;B
20240208;141012;7345.000000000;5;9566776190;B
20240208;141012;7345.000000000;1;9566776191;B
20240208;141012;7345.000000000;90;9566776192;B
20240208;141012;7345.000000000;3;9566776193;B
20240208;141012;7345.000000000;2;9566776194;B
20240208;141012;7345.000000000;3;9566776195;B
20240208;141012;7345.000000000;25;9566776196;B
20240208;141013;7345.500000000;2;9566776282;B
20240208;141015;7345.500000000;3;9566776392;B
20240208;141015;7345.500000000;7;9566776393;B
20240208;141016;7345.500000000;2;9566776476;B
20240208;141016;7346.000000000;5;9566776477;B
20240208;141016;7346.000000000;2;9566776478;B
20240208;141016;7346.000000000;2;9566776479;B
20240208;141016;7346.000000000;1;9566776480;B
20240208;141016;7346.000000000;38;9566776481;B
20240208;141016;7345.500000000;1;9566776482;S
20240208;141018;7345.500000000;10;9566776716;S
20240208;141024;7345.500000000;10;9566777152;S
20240208;141025;7345.000000000;8;9566777248;S
20240208;141027;7345.500000000;2;9566777431;B
20240208;141027;7346.000000000;22;9566777443;B
20240208;141028;7346.000000000;3;9566777482;B
20240208;141028;7346.000000000;2;9566777483;B
20240208;141028;7346.000000000;1;9566777484;B
20240208;141028;7346.000000000;5;9566777485;B
20240208;141028;7346.000000000;1;9566777486;B
20240208;141028;7346.000000000;2;9566777487;B
20240208;141028;7346.000000000;5;9566777488;B
20240208;141028;7346.000000000;20;9566777489;B
20240208;141028;7346.500000000;1;9566777490;B
20240208;141028;7346.500000000;5;9566777491;B
20240208;141028;7346.500000000;40;9566777492;B
20240208;141028;7346.500000000;27;9566777493;B
20240208;141028;7346.500000000;1;9566777494;B
20240208;141028;7346.500000000;11;9566777495;B
20240208;141028;7347.000000000;1;9566777496;B
20240208;141028;7347.000000000;1;9566777497;B
20240208;141028;7347.000000000;16;9566777498;B
20240208;141028;7347.000000000;6;9566777499;B
20240208;141028;7347.000000000;1;9566777500;B
20240208;141028;7347.000000000;1;9566777501;B
20240208;141028;7347.000000000;5;9566777502;B
20240208;141028;7347.000000000;189;9566777503;B
20240208;141028;7347.000000000;1;9566777504;B
20240208;141028;7347.500000000;1;9566777505;B
20240208;141028;7347.500000000;3;9566777506;B
20240208;141028;7347.500000000;5;9566777507;B
20240208;141028;7347.500000000;20;9566777508;B
20240208;141028;7347.500000000;10;9566777509;B
20240208;141028;7348.000000000;1;9566777510;B
20240208;141028;7348.000000000;1;9566777511;B
20240208;141028;7348.000000000;20;9566777512;B
20240208;141028;7348.000000000;2;9566777513;B
20240208;141028;7348.000000000;2;9566777514;B
20240208;141028;7348.000000000;20;9566777515;B
20240208;141028;7348.000000000;1;9566777516;B
20240208;141028;7348.000000000;5;9566777517;B
20240208;141028;7348.000000000;5;9566777518;B
20240208;141028;7348.000000000;20;9566777519;B
20240208;141028;7348.000000000;10;9566777520;B
20240208;141028;7348.000000000;1;9566777521;B
20240208;141028;7348.000000000;10;9566777522;B
20240208;141028;7348.000000000;20;9566777523;B
20240208;141028;7348.500000000;8;9566777524;B
20240208;141028;7348.500000000;10;9566777525;B
20240208;141028;7348.500000000;3;9566777526;B
20240208;141028;7348.500000000;7;9566777527;B
20240208;141028;7348.500000000;1;9566777528;B
20240208;141028;7348.500000000;1;9566777529;B
20240208;141028;7348.500000000;40;9566777530;B
20240208;141028;7348.500000000;1;9566777531;B
20240208;141028;7348.500000000;50;9566777532;B
20240208;141028;7348.500000000;1;9566777533;B
20240208;141028;7349.000000000;20;9566777534;B
20240208;141028;7349.000000000;1;9566777535;B
20240208;141028;7349.000000000;1;9566777536;B
20240208;141028;7349.000000000;1;9566777537;B
20240208;141028;7349.000000000;1;9566777538;B
20240208;141028;7349.000000000;10;9566777539;B
20240208;141028;7349.000000000;3;9566777540;B
20240208;141028;7349.000000000;1;9566777541;B
20240208;141028;7349.000000000;1;9566777542;B
20240208;141028;7349.000000000;2;9566777543;B
20240208;141028;7349.000000000;10;9566777544;B
20240208;141028;7349.000000000;3325;9566777545;B
20240208;141028;7346.500000000;30;9566777553;S
20240208;141035;7348.000000000;1;9566778065;S
20240208;141035;7348.000000000;6;9566778066;S
20240208;141035;7348.000000000;1;9566778067;S
20240208;141035;7347.000000000;1;9566778075;B
20240208;141035;7347.000000000;1;9566778089;B
20240208;141035;7346.500000000;1;9566778090;S
20240208;141035;7347.000000000;1;9566778091;B
20240208;141036;7346.500000000;1;9566778122;S
20240208;141036;7346.000000000;5;9566778163;S
20240208;141037;7346.500000000;11;9566778185;B
20240208;141037;7346.500000000;4;9566778186;B
20240208;141038;7346.500000000;1;9566778242;B
20240208;141038;7346.000000000;1;9566778281;S
20240208;141038;7346.000000000;12;9566778282;S
20240208;141047;7346.500000000;5;9566779478;B
20240208;141047;7346.500000000;11;9566779510;B
20240208;141048;7347.000000000;20;9566779566;B
20240208;141048;7347.000000000;1;9566779567;B
20240208;141048;7347.500000000;1;9566779568;B
20240208;141049;7346.500000000;1;9566779617;S
20240208;141052;7347.500000000;2;9566779829;B
20240208;141101;7347.500000000;1;9566780458;B
20240208;141101;7347.000000000;1;9566780462;S
20240208;141104;7347.500000000;6;9566780730;B
20240208;141104;7348.000000000;1;9566780731;B
20240208;141104;7348.500000000;2;9566780732;B
20240208;141106;7348.500000000;1;9566780867;S
20240208;141106;7348.500000000;1;9566780868;S
20240208;141109;7349.000000000;22;9566781156;B
20240208;141111;7348.500000000;3;9566781308;S
20240208;141111;7348.500000000;9;9566781309;S
20240208;141111;7348.500000000;18;9566781310;S
20240208;141111;7348.000000000;8;9566781311;S
20240208;141111;7348.000000000;3;9566781312;S
20240208;141112;7347.500000000;1;9566781391;S
20240208;141112;7347.500000000;1;9566781392;S
20240208;141116;7347.500000000;4;9566781761;S
20240208;141118;7347.000000000;3;9566781973;S
20240208;141118;7347.000000000;1;9566781982;S
20240208;141124;7347.000000000;2;9566782667;S
20240208;141125;7347.500000000;1;9566782952;B
20240208;141125;7347.500000000;14;9566782953;B
20240208;141130;7347.000000000;1;9566783992;S
20240208;141130;7347.000000000;2;9566784074;S
20240208;141130;7347.500000000;22;9566784079;B
20240208;141131;7347.000000000;7;9566784303;S
20240208;141133;7347.500000000;2;9566784541;B
20240208;141133;7348.000000000;11;9566784542;B
20240208;141133;7348.000000000;10;9566784543;B
20240208;141133;7349.000000000;79;9566784544;B
20240208;141135;7348.000000000;1;9566785105;B
20240208;141135;7348.500000000;5;9566785106;B
20240208;141135;7348.500000000;1;9566785107;B
20240208;141135;7349.000000000;3;9566785108;B
20240208;141138;7347.500000000;1;9566785684;S
20240208;141139;7348.500000000;15;9566785803;B
20240208;141143;7348.500000000;1;9566786607;B
20240208;141151;7348.000000000;12;9566787684;B
20240208;141151;7348.000000000;10;9566787685;B
20240208;141153;7348.000000000;10;9566787939;B
20240208;141153;7348.000000000;1;9566787940;B
20240208;141153;7348.500000000;53;9566787941;B
20240208;141159;7349.000000000;3;9566788879;B
20240208;141159;7348.500000000;3;9566788958;S
20240208;141201;7349.000000000;1;9566789186;B
20240208;141202;7348.500000000;1;9566789339;S
20240208;141202;7349.000000000;1;9566789426;B
20240208;141203;7348.500000000;3;9566789534;S
20240208;141207;7348.500000000;1;9566790098;S
20240208;141210;7348.500000000;31;9566790386;S
20240208;141212;7349.000000000;22;9566790666;B
20240208;141213;7349.000000000;1;9566790754;B
20240208;141213;7348.500000000;6;9566790826;S
20240208;141215;7348.500000000;1;9566791092;S
20240208;141217;7348.500000000;10;9566791250;S
20240208;141218;7349.000000000;30;9566791327;B
20240208;141220;7349.000000000;513;9566791574;B
20240208;141220;7349.000000000;1;9566791575;B
20240208;141220;7349.000000000;3;9566791576;B
20240208;141220;7349.000000000;5;9566791577;B
20240208;141220;7349.000000000;5;9566791578;B
20240208;141220;7349.000000000;20;9566791579;B
20240208;141220;7349.000000000;3;9566791580;B
20240208;141220;7349.000000000;5;9566791581;B
20240208;141220;7349.000000000;3;9566791582;B
20240208;141220;7349.000000000;1;9566791583;B
20240208;141220;7349.000000000;1;9566791584;B
20240208;141220;7349.000000000;5;9566791585;B
20240208;141220;7349.000000000;12;9566791586;B
20240208;141220;7349.000000000;21;9566791587;B
20240208;141220;7349.000000000;5;9566791588;B
20240208;141220;7349.500000000;1;9566791589;B
20240208;141220;7349.500000000;1;9566791590;B
20240208;141220;7349.500000000;1;9566791591;B
20240208;141220;7349.500000000;2;9566791592;B
20240208;141220;7349.500000000;20;9566791593;B
20240208;141220;7349.500000000;1;9566791594;B
20240208;141220;7349.500000000;2;9566791595;B
20240208;141220;7349.500000000;1;9566791596;B
20240208;141220;7349.500000000;1;9566791597;B
20240208;141220;7349.500000000;1;9566791598;B
20240208;141220;7349.500000000;1;9566791599;B
20240208;141220;7349.500000000;8;9566791600;B
20240208;141220;7349.500000000;1;9566791601;B
20240208;141220;7349.500000000;3;9566791602;B
20240208;141220;7349.500000000;27;9566791603;B
20240208;141220;7350.000000000;5;9566791604;B
20240208;141220;7350.000000000;1;9566791605;B
20240208;141220;7350.000000000;1;9566791606;B
20240208;141220;7350.000000000;2;9566791607;B
20240208;141220;7350.000000000;3;9566791608;B
20240208;141220;7350.000000000;14;9566791609;B
20240208;141220;7350.000000000;10;9566791610;B
20240208;141220;7350.000000000;1;9566791611;B
20240208;141220;7350.000000000;2;9566791612;B
20240208;141220;7350.000000000;1;9566791613;B
20240208;141220;7350.000000000;1;9566791614;B
20240208;141220;7350.000000000;1;9566791615;B
20240208;141220;7350.000000000;4;9566791616;B
20240208;141220;7350.000000000;3;9566791617;B
20240208;141220;7350.000000000;1;9566791618;B
20240208;141220;7350.000000000;3;9566791619;B
20240208;141220;7350.000000000;1;9566791620;B
20240208;141220;7350.000000000;1;9566791621;B
20240208;141220;7350.000000000;1;9566791622;B
20240208;141220;7350.000000000;1;9566791623;B
20240208;141220;7350.000000000;9;9566791624;B
20240208;141220;7350.000000000;2;9566791625;B
20240208;141220;7350.000000000;7;9566791626;B
20240208;141220;7350.000000000;2;9566791627;B
20240208;141220;7350.000000000;1;9566791628;B
20240208;141220;7350.000000000;2;9566791629;B
20240208;141220;7350.000000000;1;9566791630;B
20240208;141220;7350.000000000;2;9566791631;B
20240208;141220;7350.000000000;1;9566791632;B
20240208;141220;7350.000000000;4;9566791633;B
20240208;141220;7350.000000000;6;9566791634;B
20240208;141220;7350.000000000;1;9566791635;B
20240208;141220;7350.000000000;1;9566791636;B
20240208;141220;7350.000000000;48;9566791637;B
20240208;141220;7350.000000000;1;9566791638;B
20240208;141220;7350.000000000;1;9566791639;B
20240208;141220;7350.000000000;2;9566791640;B
20240208;141220;7350.000000000;1;9566791641;B
20240208;141220;7350.000000000;1;9566791642;B
20240208;141220;7350.000000000;1;9566791643;B
20240208;141220;7350.000000000;1;9566791644;B
20240208;141220;7350.000000000;5;9566791645;B
20240208;141220;7350.000000000;1;9566791646;B
20240208;141220;7350.000000000;7;9566791647;B
20240208;141220;7350.000000000;2;9566791648;B
20240208;141220;7350.000000000;3;9566791649;B
20240208;141220;7350.000000000;30;9566791650;B
20240208;141220;7350.000000000;1;9566791651;B
20240208;141220;7350.000000000;2;9566791652;B
20240208;141220;7350.000000000;1;9566791653;B
20240208;141220;7350.000000000;44;9566791654;B
20240208;141220;7350.000000000;15;9566791655;B
20240208;141220;7350.000000000;1;9566791656;B
20240208;141220;7350.000000000;7;9566791657;B
20240208;141220;7350.000000000;1;9566791658;B
20240208;141220;7350.000000000;2;9566791659;B
20240208;141220;7350.000000000;1;9566791660;B
20240208;141220;7350.000000000;1;9566791661;B
20240208;141220;7350.000000000;1;9566791662;B
20240208;141220;7350.000000000;1;9566791663;B
20240208;141220;7350.000000000;25;9566791664;B
20240208;141220;7350.000000000;1;9566791665;B
20240208;141220;7350.000000000;1;9566791666;B
20240208;141220;7350.000000000;11;9566791667;B
20240208;141220;7350.000000000;4;9566791668;B
20240208;141220;7350.000000000;6;9566791669;B
20240208;141220;7349.500000000;10;9566791674;B
20240208;141220;7349.500000000;1;9566791675;B
20240208;141220;7350.000000000;1;9566791679;B
20240208;141226;7349.500000000;6;9566792293;B
20240208;141226;7349.500000000;2;9566792294;B
20240208;141230;7349.500000000;3;9566792687;B
20240208;141230;7349.500000000;21;9566792688;B
20240208;141230;7349.500000000;14;9566792689;B
20240208;141230;7349.500000000;1;9566792690;B
20240208;141230;7350.000000000;1;9566792691;B
20240208;141230;7350.000000000;30;9566792692;B
20240208;141230;7350.000000000;1;9566792693;B
20240208;141230;7350.000000000;2;9566792694;B
20240208;141230;7350.000000000;1;9566792695;B
20240208;141230;7350.000000000;4;9566792696;B
20240208;141230;7350.000000000;15;9566792697;B
20240208;141230;7350.000000000;1;9566792698;B
20240208;141230;7350.000000000;1;9566792699;B
20240208;141230;7350.000000000;1;9566792700;B
20240208;141230;7350.000000000;1;9566792701;B
20240208;141230;7350.000000000;1;9566792702;B
20240208;141230;7350.000000000;1;9566792703;B
20240208;141230;7350.000000000;1;9566792704;B
20240208;141230;7350.000000000;3;9566792705;B
20240208;141230;7350.000000000;2;9566792706;B
20240208;141230;7350.000000000;10;9566792707;B
20240208;141230;7350.000000000;1;9566792708;B
20240208;141230;7350.000000000;1;9566792709;B
20240208;141230;7350.000000000;1;9566792710;B
20240208;141230;7350.000000000;1;9566792711;B
20240208;141230;7350.000000000;10;9566792712;B
20240208;141230;7350.000000000;2;9566792713;B
20240208;141230;7350.000000000;2;9566792714;B
20240208;141230;7350.000000000;3;9566792715;B
20240208;141230;7350.000000000;7;9566792716;B
20240208;141230;7350.000000000;1;9566792717;B
20240208;141230;7350.000000000;1;9566792718;B
20240208;141230;7350.000000000;15;9566792719;B
20240208;141230;7350.000000000;1;9566792720;B
20240208;141230;7350.000000000;5;9566792721;B
20240208;141230;7350.000000000;50;9566792722;B
20240208;141230;7350.000000000;1;9566792723;B
20240208;141230;7350.000000000;1;9566792724;B
20240208;141230;7350.000000000;1;9566792725;B
20240208;141230;7350.000000000;25;9566792726;B
20240208;141230;7350.000000000;1;9566792727;B
20240208;141230;7350.000000000;2;9566792728;B
20240208;141230;7350.000000000;10;9566792729;B
20240208;141230;7350.000000000;1;9566792730;B
20240208;141230;7350.000000000;35;9566792731;B
20240208;141230;7350.000000000;1;9566792732;B
20240208;141230;7350.000000000;1;9566792733;B
20240208;141230;7350.000000000;1;9566792734;B
20240208;141230;7350.000000000;1;9566792735;B
20240208;141230;7350.000000000;5;9566792736;B
20240208;141230;7350.000000000;1;9566792737;B
20240208;141230;7350.000000000;2;9566792738;B
20240208;141230;7350.000000000;1;9566792739;B
20240208;141230;7350.000000000;70;9566792740;B
20240208;141230;7350.000000000;3;9566792741;B
20240208;141230;7350.000000000;5;9566792742;B
20240208;141230;7350.000000000;1;9566792743;B
20240208;141230;7350.000000000;7;9566792744;B
20240208;141230;7350.000000000;1;9566792745;B
20240208;141230;7350.000000000;1;9566792746;B
20240208;141230;7350.000000000;2;9566792747;B
20240208;141230;7350.000000000;1;9566792748;B
20240208;141230;7350.000000000;132;9566792749;B
20240208;141230;7350.000000000;1;9566792750;B
20240208;141230;7350.000000000;15;9566792751;B
20240208;141230;7350.000000000;2;9566792752;B
20240208;141230;7350.000000000;5;9566792753;B
20240208;141230;7350.000000000;2;9566792754;B
20240208;141230;7350.000000000;100;9566792755;B
20240208;141230;7350.000000000;2;9566792756;B
20240208;141230;7350.000000000;32;9566792757;B
20240208;141230;7350.000000000;2;9566792758;B
20240208;141230;7350.000000000;2;9566792759;B
20240208;141230;7350.000000000;10;9566792760;B
20240208;141230;7350.000000000;1;9566792761;B
20240208;141230;7350.000000000;3;9566792762;B
20240208;141230;7350.000000000;3;9566792763;B
20240208;141230;7350.000000000;1;9566792764;B
20240208;141230;7350.000000000;1;9566792765;B
20240208;141230;7350.000000000;3;9566792766;B
20240208;141230;7350.000000000;1;9566792767;B
20240208;141230;7350.000000000;7;9566792768;B
20240208;141230;7350.000000000;1;9566792769;B
20240208;141230;7350.000000000;20;9566792770;B
20240208;141230;7350.000000000;10;9566792771;B
20240208;141230;7350.000000000;222;9566792772;B
20240208;141230;7350.000000000;4;9566792773;B
20240208;141230;7350.000000000;1;9566792774;B
20240208;141230;7350.000000000;9;9566792775;B
20240208;141230;7350.000000000;1;9566792776;B
20240208;141230;7350.000000000;10;9566792777;B
20240208;141232;7350.000000000;1;9566793106;B
20240208;141232;7350.000000000;2;9566793107;B
20240208;141232;7350.000000000;2;9566793108;B
20240208;141232;7350.000000000;30;9566793146;B
20240208;141232;7350.000000000;1;9566793147;B
20240208;141232;7350.000000000;92;9566793148;B
20240208;141232;7350.000000000;2;9566793149;B
20240208;141232;7350.000000000;1;9566793150;B
20240208;141232;7350.000000000;1;9566793151;B
20240208;141232;7350.000000000;8;9566793152;B
20240208;141232;7350.000000000;2;9566793153;B
20240208;141232;7350.000000000;20;9566793154;B
20240208;141232;7350.000000000;1;9566793155;B
20240208;141232;7350.000000000;25;9566793156;B
20240208;141232;7350.000000000;100;9566793157;B
20240208;141232;7350.000000000;5;9566793158;B
20240208;141232;7350.000000000;1;9566793159;B
20240208;141232;7350.000000000;2;9566793160;B
20240208;141232;7350.000000000;14;9566793161;B
20240208;141232;7350.000000000;5;9566793162;B
20240208;141232;7350.000000000;15;9566793163;B
20240208;141232;7350.000000000;1;9566793164;B
20240208;141232;7350.000000000;3;9566793165;B
20240208;141232;7350.000000000;1;9566793166;B
20240208;141232;7350.000000000;2;9566793167;B
20240208;141232;7350.000000000;10;9566793168;B
20240208;141232;7350.000000000;270;9566793169;B
20240208;141232;7350.000000000;1;9566793170;B
20240208;141232;7350.000000000;10;9566793171;B
20240208;141232;7350.000000000;2;9566793172;B
20240208;141232;7350.000000000;20;9566793173;B
20240208;141232;7350.000000000;2;9566793174;B
20240208;141232;7350.000000000;2;9566793175;B
20240208;141232;7350.000000000;35;9566793176;B
20240208;141232;7350.000000000;2;9566793177;B
20240208;141232;7350.000000000;2;9566793178;B
20240208;141232;7350.000000000;1;9566793179;B
20240208;141232;7350.000000000;5;9566793180;B
20240208;141232;7350.000000000;2;9566793181;B
20240208;141232;7350.000000000;3;9566793182;B
20240208;141232;7350.000000000;17;9566793183;B
20240208;141232;7350.000000000;7;9566793184;B
20240208;141232;7350.000000000;1;9566793185;B
20240208;141232;7350.000000000;1;9566793186;B
20240208;141232;7350.000000000;1;9566793187;B
20240208;141232;7350.000000000;34;9566793188;B
20240208;141232;7350.000000000;7;9566793189;B
20240208;141232;7350.000000000;5;9566793190;B
20240208;141232;7350.000000000;1;9566793191;B
20240208;141232;7350.000000000;6;9566793192;B
20240208;141232;7350.000000000;5;9566793193;B
20240208;141232;7350.000000000;24;9566793194;B
20240208;141232;7350.000000000;1;9566793195;B
20240208;141232;7350.000000000;1;9566793196;B
20240208;141232;7350.000000000;21;9566793197;B
20240208;141232;7350.500000000;1;9566793198;B
20240208;141232;7351.000000000;1;9566793199;B
20240208;141232;7351.000000000;1;9566793200;B
20240208;141232;7351.000000000;2;9566793201;B
20240208;141232;7351.000000000;1;9566793202;B
20240208;141232;7351.000000000;1;9566793203;B
20240208;141232;7351.500000000;1;9566793206;B
20240208;141233;7351.000000000;41;9566793246;B
20240208;141233;7351.000000000;5;9566793248;B
20240208;141233;7351.000000000;4;9566793249;B
20240208;141233;7351.500000000;2;9566793250;B
20240208;141233;7352.000000000;1;9566793262;B
20240208;141233;7352.000000000;1;9566793283;B
20240208;141233;7352.000000000;2;9566793284;B
20240208;141233;7352.000000000;1;9566793285;B
20240208;141233;7352.000000000;2;9566793286;B
20240208;141233;7352.500000000;16;9566793287;B
20240208;141234;7351.500000000;1;9566793368;S
20240208;141234;7351.000000000;9;9566793369;S
20240208;141234;7352.000000000;32;9566793408;S
20240208;141234;7352.500000000;1;9566793427;B
20240208;141238;7352.000000000;1;9566794025;S
20240208;141240;7352.500000000;6;9566794241;B
20240208;141241;7352.500000000;15;9566794336;B
20240208;141241;7352.500000000;15;9566794337;B
20240208;141241;7353.000000000;1;9566794338;B
20240208;141241;7353.000000000;67;9566794339;B
20240208;141241;7353.000000000;50;9566794340;B
20240208;141241;7353.500000000;86;9566794341;B
20240208;141241;7353.500000000;10;9566794342;B
20240208;141241;7353.500000000;1;9566794343;B
20240208;141241;7354.000000000;22;9566794344;B
20240208;141241;7354.000000000;5;9566794345;B
20240208;141241;7354.000000000;10;9566794346;B
20240208;141241;7354.000000000;28;9566794347;B
20240208;141241;7354.000000000;5;9566794348;B
20240208;141241;7354.500000000;1;9566794349;B
20240208;141241;7354.500000000;2;9566794350;B
20240208;141241;7354.500000000;2;9566794351;B
20240208;141241;7354.500000000;10;9566794352;B
20240208;141241;7354.500000000;6;9566794353;B
20240208;141241;7354.500000000;27;9566794354;B
20240208;141241;7355.000000000;10;9566794355;B
20240208;141241;7355.000000000;1;9566794356;B
20240208;141241;7355.000000000;1;9566794357;B
20240208;141241;7355.000000000;1;9566794358;B
20240208;141241;7355.000000000;1;9566794359;B
20240208;141241;7355.000000000;180;9566794360;B
20240208;141241;7355.000000000;2;9566794361;B
20240208;141241;7355.000000000;1;9566794362;B
20240208;141241;7355.000000000;1;9566794363;B
20240208;141241;7355.000000000;10;9566794364;B
20240208;141241;7355.000000000;2;9566794365;S
20240208;141242;7355.000000000;1;9566794403;S
20240208;141242;7355.000000000;377;9566794408;S
20240208;141242;7355.000000000;1;9566794409;S
20240208;141242;7355.000000000;4;9566794410;S
20240208;141242;7355.500000000;1;9566794412;B
20240208;141242;7355.500000000;1;9566794413;B
20240208;141242;7355.500000000;2;9566794414;B
20240208;141242;7355.500000000;2;9566794415;B
20240208;141242;7355.000000000;1;9566794450;S
20240208;141243;7355.500000000;29;9566794485;B
20240208;141243;7355.500000000;106;9566794486;B
20240208;141243;7355.500000000;1;9566794495;B
20240208;141243;7355.000000000;43;9566794503;S
20240208;141243;7354.500000000;7;9566794504;S
20240208;141243;7355.000000000;7;9566794559;B
20240208;141248;7353.500000000;5;9566794925;S
20240208;141249;7353.500000000;3;9566794946;S
20240208;141249;7353.000000000;11;9566794947;S
20240208;141251;7354.500000000;21;9566795145;B
20240208;141251;7355.000000000;15;9566795146;B
20240208;141251;7355.000000000;1;9566795147;B
20240208;141251;7355.000000000;1;9566795148;B
20240208;141252;7355.500000000;2;9566795202;B
20240208;141254;7355.500000000;22;9566795381;B
20240208;141256;7355.000000000;100;9566795511;S
20240208;141256;7355.000000000;1;9566795552;S
20240208;141257;7355.500000000;6;9566795580;B
20240208;141257;7355.000000000;7;9566795627;S
20240208;141257;7355.500000000;1;9566795641;B
20240208;141257;7355.500000000;3;9566795642;B
20240208;141257;7355.500000000;27;9566795643;B
20240208;141257;7355.500000000;1;9566795644;B
20240208;141257;7355.500000000;11;9566795645;B
20240208;141258;7355.000000000;4;9566795688;S
20240208;141258;7355.000000000;2;9566795689;S
20240208;141303;7352.500000000;1;9566796028;S
20240208;141304;7353.500000000;1;9566796147;B
20240208;141304;7354.000000000;15;9566796148;B
20240208;141304;7354.500000000;15;9566796149;B
20240208;141304;7355.000000000;4;9566796150;B
20240208;141304;7355.000000000;10;9566796151;B
20240208;141304;7355.000000000;5;9566796152;B
20240208;141308;7355.000000000;15;9566796490;B
20240208;141308;7355.000000000;100;9566796491;B
20240208;141308;7355.500000000;15;9566796492;B
20240208;141308;7355.500000000;1;9566796493;B
20240208;141308;7356.000000000;4;9566796494;B
20240208;141308;7356.000000000;2;9566796495;B
20240208;141308;7356.000000000;20;9566796496;B
20240208;141308;7356.000000000;1;9566796497;B
20240208;141308;7356.000000000;1;9566796498;B
20240208;141308;7356.500000000;1;9566796499;B
20240208;141308;7356.500000000;9;9566796500;B
20240208;141308;7356.500000000;5;9566796501;B
20240208;141308;7357.000000000;1;9566796502;B
20240208;141308;7357.000000000;2;9566796503;B
20240208;141308;7357.000000000;1;9566796504;B
20240208;141308;7357.000000000;10;9566796505;B
20240208;141308;7357.000000000;2;9566796506;B
20240208;141308;7357.000000000;8;9566796507;B
20240208;141308;7357.000000000;9;9566796508;B
20240208;141308;7357.000000000;6;9566796509;B
20240208;141308;7357.000000000;237;9566796510;B
20240208;141308;7357.000000000;10;9566796526;B
20240208;141315;7354.500000000;21;9566797018;B
20240208;141315;7354.500000000;1;9566797019;B
20240208;141316;7354.000000000;21;9566797064;B
20240208;141316;7354.500000000;15;9566797065;B
20240208;141316;7355.000000000;10;9566797066;B
20240208;141316;7355.000000000;20;9566797067;B
20240208;141316;7355.000000000;2;9566797068;B
20240208;141316;7355.500000000;2;9566797118;B
20240208;141320;7356.000000000;1;9566797461;B
20240208;141321;7355.000000000;5;9566797531;S
20240208;141321;7355.000000000;10;9566797574;S
20240208;141323;7355.000000000;1;9566797865;S
20240208;141323;7355.000000000;1;9566797866;S
20240208;141324;7355.500000000;1;9566797890;B
20240208;141325;7355.500000000;7;9566798054;B
20240208;141325;7355.000000000;1;9566798055;S
20240208;141325;7355.000000000;1;9566798210;S
20240208;141326;7355.000000000;5;9566798435;S
20240208;141327;7355.000000000;1;9566798469;S
20240208;141327;7355.500000000;1;9566798483;B
20240208;141329;7355.000000000;107;9566798720;S
20240208;141330;7355.000000000;3;9566798752;B
20240208;141330;7355.000000000;1;9566798813;B
20240208;141331;7353.000000000;10;9566798854;S
20240208;141331;7353.000000000;20;9566798861;S
20240208;141331;7352.500000000;33;9566798862;S
20240208;141331;7352.500000000;10;9566798863;S
20240208;141331;7352.000000000;37;9566798864;S
20240208;141331;7352.000000000;1;9566798906;S
20240208;141332;7355.000000000;1;9566799136;B
20240208;141332;7355.000000000;4;9566799137;B
20240208;141336;7355.000000000;1;9566799642;B
20240208;141336;7355.000000000;1;9566799643;B
20240208;141336;7355.000000000;14;9566799644;B
20240208;141336;7355.500000000;6;9566799645;B
20240208;141339;7353.500000000;1;9566799966;B
20240208;141339;7353.500000000;14;9566799967;B
20240208;141340;7352.500000000;100;9566800070;S
20240208;141340;7352.500000000;10;9566800071;S
20240208;141340;7352.000000000;129;9566800072;S
20240208;141340;7352.000000000;14;9566800073;S
20240208;141340;7350.500000000;30;9566800074;S
20240208;141340;7350.000000000;169;9566800075;S
20240208;141341;7349.000000000;5;9566800083;S
20240208;141341;7349.000000000;3;9566800084;S
20240208;141341;7348.500000000;42;9566800085;S
20240208;141341;7348.500000000;15;9566800121;S
20240208;141343;7349.000000000;100;9566800265;S
20240208;141343;7348.500000000;300;9566800266;S
20240208;141343;7349.500000000;15;9566800271;B
20240208;141349;7349.500000000;8;9566801175;B
20240208;141349;7349.500000000;1;9566801176;B
20240208;141349;7350.000000000;1;9566801177;B
20240208;141349;7351.000000000;15;9566801178;B
20240208;141352;7350.000000000;1;9566801376;S
20240208;141352;7349.000000000;13;9566801377;S
20240208;141352;7348.500000000;11;9566801378;S
20240208;141352;7351.000000000;7;9566801435;B
20240208;141352;7351.000000000;1;9566801436;B
20240208;141356;7351.500000000;3;9566801692;B
20240208;141356;7351.500000000;1;9566801693;B
20240208;141356;7352.000000000;21;9566801718;B
20240208;141356;7352.500000000;1;9566801719;B
20240208;141406;7348.500000000;2;9566802475;S
20240208;141406;7350.500000000;10;9566802515;B
20240208;141406;7351.000000000;21;9566802516;B
20240208;141406;7351.000000000;9;9566802517;B
20240208;141408;7350.500000000;1;9566802633;B
20240208;141412;7350.000000000;2;9566803062;B
20240208;141412;7350.000000000;5;9566803063;B
20240208;141416;7349.000000000;1;9566803280;S
20240208;141417;7351.000000000;16;9566803399;B
20240208;141417;7351.500000000;6;9566803400;B
20240208;141420;7351.500000000;5;9566803633;B
20240208;141426;7351.000000000;21;9566804092;B
20240208;141426;7351.000000000;16;9566804093;B
20240208;141426;7351.000000000;25;9566804094;B
20240208;141426;7351.500000000;42;9566804095;B
20240208;141426;7351.500000000;17;9566804096;B
20240208;141426;7352.000000000;5;9566804097;B
20240208;141426;7352.000000000;10;9566804098;B
20240208;141426;7352.000000000;10;9566804099;B
20240208;141426;7352.500000000;10;9566804100;B
20240208;141426;7353.500000000;20;9566804101;B
20240208;141426;7354.000000000;1;9566804102;B
20240208;141426;7354.500000000;5;9566804103;B
20240208;141426;7354.500000000;10;9566804104;B
20240208;141426;7354.500000000;8;9566804105;B
20240208;141430;7350.500000000;7;9566804521;S
20240208;141434;7352.000000000;1;9566804848;B
20240208;141438;7353.500000000;1;9566805157;B
20240208;141438;7353.500000000;16;9566805158;B
20240208;141438;7354.000000000;5;9566805159;B
20240208;141445;7354.000000000;4;9566805633;B
20240208;141452;7354.000000000;1;9566806170;B
20240208;141452;7354.000000000;4;9566806171;B
20240208;141454;7354.000000000;1;9566806285;B
20240208;141454;7354.000000000;2;9566806286;B
20240208;141454;7352.500000000;5;9566806287;S
20240208;141459;7354.000000000;5;9566806640;B
20240208;141459;7354.000000000;16;9566806641;B
20240208;141459;7354.000000000;1;9566806642;B
20240208;141502;7352.500000000;5;9566806841;S
20240208;141503;7353.500000000;3;9566806917;S
20240208;141504;7353.500000000;2;9566807015;S
20240208;141508;7353.000000000;7;9566807251;S
20240208;141510;7353.000000000;2;9566807417;S
20240208;141511;7353.500000000;25;9566807514;B
20240208;141512;7353.000000000;2;9566807537;S
20240208;141514;7353.500000000;5;9566807672;B
20240208;141514;7353.500000000;20;9566807673;B
20240208;141516;7353.000000000;100;9566807939;S
20240208;141517;7353.000000000;89;9566808005;S
20240208;141517;7353.000000000;16;9566808006;S
20240208;141518;7352.000000000;200;9566808070;S
20240208;141518;7351.500000000;50;9566808071;S
20240208;141518;7350.500000000;52;9566808072;S
20240208;141518;7350.500000000;41;9566808073;S
20240208;141520;7350.500000000;16;9566808282;B
20240208;141520;7351.000000000;6;9566808283;B
20240208;141520;7350.500000000;3;9566808287;B
20240208;141520;7351.000000000;15;9566808288;B
20240208;141520;7351.000000000;94;9566808289;B
20240208;141520;7351.500000000;388;9566808290;B
20240208;141521;7348.500000000;5;9566808318;S
20240208;141521;7351.000000000;10;9566808342;B
20240208;141521;7348.000000000;2;9566808367;S
20240208;141521;7346.000000000;16;9566808368;S
20240208;141521;7346.000000000;32;9566808369;S
20240208;141522;7348.000000000;32;9566808416;S
20240208;141522;7351.500000000;16;9566808418;B
20240208;141522;7352.500000000;10;9566808451;B
20240208;141525;7348.000000000;45;9566808594;S
20240208;141525;7348.000000000;1;9566808597;S
20240208;141527;7348.000000000;5;9566808801;S
20240208;141527;7347.500000000;6;9566808802;S
20240208;141528;7351.000000000;5;9566808879;B
20240208;141531;7346.000000000;1;9566809114;S
20240208;141534;7350.000000000;5;9566809738;B
20240208;141540;7350.500000000;2;9566810319;B
20240208;141541;7351.000000000;1;9566810365;B
20240208;141541;7351.000000000;1;9566810366;B
20240208;141541;7351.500000000;1;9566810367;B
20240208;141541;7351.500000000;5;9566810368;B
20240208;141541;7352.000000000;1;9566810369;B
20240208;141541;7352.000000000;13;9566810370;B
20240208;141542;7352.500000000;5;9566810399;B
20240208;141542;7353.000000000;1;9566810400;B
20240208;141542;7353.000000000;20;9566810401;B
20240208;141542;7353.000000000;16;9566810402;B
20240208;141542;7353.500000000;8;9566810403;B
20240208;141545;7352.000000000;27;9566810652;B
20240208;141546;7351.000000000;4;9566810670;S
20240208;141547;7350.500000000;5;9566810724;S
20240208;141548;7350.500000000;1;9566810796;S
20240208;141549;7350.500000000;15;9566810871;S
20240208;141549;7350.000000000;150;9566810872;S
20240208;141549;7350.000000000;1;9566810873;S
20240208;141558;7350.000000000;3;9566811463;B
20240208;141600;7349.500000000;21;9566811653;B
20240208;141600;7350.000000000;31;9566811654;B
20240208;141600;7350.000000000;15;9566811655;B
20240208;141600;7350.500000000;1;9566811656;B
20240208;141600;7351.000000000;1;9566811657;B
20240208;141600;7351.000000000;31;9566811658;B
20240208;141602;7349.000000000;15;9566811751;S
20240208;141602;7348.000000000;22;9566811761;B
20240208;141605;7347.500000000;5;9566811978;S
20240208;141606;7348.000000000;5;9566812053;B
20240208;141608;7350.000000000;1;9566812208;B
20240208;141614;7349.000000000;10;9566812684;S
20240208;141618;7350.000000000;10;9566812992;B
20240208;141618;7350.500000000;1;9566812993;B
20240208;141618;7351.000000000;19;9566812994;B
20240208;141618;7351.000000000;15;9566812995;B
20240208;141622;7351.000000000;200;9566813248;S
20240208;141623;7352.000000000;22;9566813391;B
20240208;141623;7351.000000000;5;9566813409;S
20240208;141623;7349.000000000;5;9566813410;S
20240208;141623;7348.500000000;6;9566813411;S
20240208;141625;7349.000000000;1;9566813554;S
20240208;141626;7349.500000000;1;9566813613;S
20240208;141628;7349.000000000;15;9566813797;S
20240208;141628;7349.000000000;5;9566813798;S
20240208;141628;7349.000000000;1;9566813799;S
20240208;141628;7348.500000000;10;9566813800;S
20240208;141628;7348.000000000;112;9566813801;S
20240208;141628;7347.000000000;25;9566813802;S
20240208;141628;7347.000000000;20;9566813803;S
20240208;141628;7347.000000000;3;9566813804;S
20240208;141628;7345.500000000;58;9566813805;S
20240208;141628;7345.000000000;51;9566813806;S
20240208;141629;7345.500000000;39;9566813853;S
20240208;141629;7345.000000000;11;9566813854;S
20240208;141637;7348.000000000;5;9566814611;B
20240208;141639;7345.000000000;1;9566814776;S
20240208;141643;7346.000000000;2;9566815003;B
20240208;141644;7349.000000000;21;9566815075;B
20240208;141644;7349.500000000;1;9566815076;B
20240208;141645;7345.500000000;8;9566815157;S
20240208;141650;7346.500000000;2;9566815624;B
20240208;141650;7348.000000000;8;9566815625;B
20240208;141705;7347.500000000;21;9566816957;B
20240208;141705;7347.500000000;1;9566816958;B
20240208;141706;7345.500000000;5;9566817104;S
20240208;141706;7345.500000000;5;9566817105;B
20240208;141707;7345.500000000;1;9566817186;S
20240208;141707;7345.000000000;9;9566817187;S
20240208;141711;7347.500000000;1;9566817579;B
20240208;141711;7345.500000000;4;9566817582;S
20240208;141711;7345.000000000;1;9566817583;S
20240208;141724;7348.000000000;2;9566818611;B
20240208;141726;7348.000000000;13;9566818815;B
20240208;141726;7348.000000000;5;9566818816;B
20240208;141726;7348.000000000;2;9566818817;B
20240208;141726;7348.500000000;2;9566818818;B
20240208;141733;7348.000000000;5;9566819589;B
20240208;141742;7348.000000000;15;9566820342;B
20240208;141742;7347.500000000;3;9566820348;S
20240208;141742;7346.000000000;2;9566820349;S
20240208;141742;7346.000000000;3;9566820350;S
20240208;141742;7345.500000000;21;9566820351;S
20240208;141742;7345.500000000;8;9566820352;S
20240208;141742;7345.000000000;3;9566820353;S
20240208;141746;7347.000000000;1;9566821011;B
20240208;141746;7348.000000000;5;9566821012;B
20240208;141746;7348.000000000;3;9566821013;B
20240208;141746;7348.000000000;13;9566821014;B
20240208;141752;7349.000000000;3;9566821451;B
20240208;141752;7349.000000000;1;9566821452;S
20240208;141753;7349.000000000;4;9566821530;S
20240208;141754;7349.000000000;1;9566821578;S
20240208;141801;7349.500000000;4;9566822386;B
20240208;141801;7349.500000000;11;9566822387;B
20240208;141801;7349.500000000;21;9566822395;S
20240208;141801;7349.000000000;279;9566822396;S
20240208;141802;7349.000000000;2;9566822448;S
20240208;141804;7349.500000000;10;9566822652;B
20240208;141804;7349.500000000;5;9566822653;B
20240208;141807;7350.000000000;15;9566822988;B
20240208;141807;7350.000000000;5;9566822989;B
20240208;141807;7350.000000000;2;9566822990;B
20240208;141811;7349.500000000;1;9566823333;S
20240208;141811;7349.000000000;10;9566823334;S
20240208;141812;7349.000000000;3;9566823431;S
20240208;141813;7349.000000000;3;9566823481;S
20240208;141816;7350.000000000;3;9566823746;B
20240208;141816;7350.000000000;8;9566823747;B
20240208;141816;7350.000000000;14;9566823748;B
20240208;141816;7350.000000000;100;9566823749;B
20240208;141816;7350.000000000;2;9566823750;B
20240208;141816;7350.500000000;5;9566823751;B
20240208;141816;7350.500000000;10;9566823752;B
20240208;141816;7350.500000000;14;9566823753;B
20240208;141816;7351.000000000;15;9566823754;B
20240208;141816;7351.000000000;92;9566823755;B
20240208;141816;7351.500000000;100;9566823756;B
20240208;141816;7352.000000000;5;9566823757;B
20240208;141816;7352.000000000;10;9566823758;B
20240208;141816;7352.500000000;10;9566823759;B
20240208;141816;7352.500000000;100;9566823760;B
20240208;141816;7353.000000000;227;9566823761;B
20240208;141816;7353.000000000;20;9566823762;B
20240208;141816;7353.000000000;20;9566823763;B
20240208;141816;7353.500000000;2;9566823764;B
20240208;141816;7354.000000000;1;9566823765;B
20240208;141816;7354.000000000;1;9566823766;B
20240208;141816;7354.000000000;1;9566823767;B
20240208;141816;7354.500000000;5;9566823768;B
20240208;141816;7354.500000000;10;9566823769;B
20240208;141816;7354.500000000;58;9566823770;B
20240208;141816;7355.000000000;1;9566823771;B
20240208;141816;7355.000000000;1;9566823772;B
20240208;141816;7355.000000000;1;9566823773;B
20240208;141816;7355.000000000;10;9566823774;B
20240208;141816;7355.000000000;1;9566823775;B
20240208;141816;7355.000000000;1;9566823776;B
20240208;141816;7355.000000000;20;9566823777;B
20240208;141816;7355.000000000;5;9566823778;B
20240208;141816;7355.000000000;1;9566823779;B
20240208;141816;7355.000000000;10;9566823780;B
20240208;141816;7355.000000000;10;9566823781;B
20240208;141816;7355.000000000;60;9566823782;B
20240208;141816;7355.000000000;5;9566823783;B
20240208;141816;7355.000000000;20;9566823784;B
20240208;141816;7355.000000000;21;9566823785;S
20240208;141816;7355.000000000;21;9566823786;S
20240208;141816;7355.000000000;21;9566823787;S
20240208;141816;7355.000000000;21;9566823788;S
20240208;141816;7355.000000000;5;9566823789;S
20240208;141816;7355.000000000;21;9566823790;S
20240208;141816;7355.000000000;21;9566823791;S
20240208;141816;7355.000000000;21;9566823792;S
20240208;141816;7355.000000000;21;9566823793;S
20240208;141816;7355.000000000;19;9566823794;S
20240208;141816;7355.000000000;21;9566823795;S
20240208;141816;7355.000000000;21;9566823796;S
20240208;141816;7355.000000000;21;9566823797;S
20240208;141816;7355.000000000;21;9566823798;S
20240208;141816;7355.000000000;100;9566823799;S
20240208;141816;7355.000000000;58;9566823800;S
20240208;141816;7355.000000000;1;9566823802;S
20240208;141817;7355.000000000;76;9566823909;S
20240208;141817;7355.000000000;6;9566823941;S
20240208;141821;7355.500000000;1;9566824276;B
20240208;141821;7355.500000000;4;9566824277;B
20240208;141822;7355.000000000;4;9566824371;S
20240208;141824;7355.000000000;5;9566824565;S
20240208;141827;7355.500000000;6;9566824870;B
20240208;141827;7355.500000000;2;9566824871;B
20240208;141827;7355.500000000;30;9566824872;B
20240208;141827;7356.000000000;12;9566824873;B
20240208;141827;7356.000000000;200;9566824874;B
20240208;141827;7356.000000000;1;9566824875;B
20240208;141827;7356.500000000;1;9566824876;B
20240208;141827;7357.000000000;295;9566824877;B
20240208;141827;7357.000000000;3;9566824878;B
20240208;141827;7357.000000000;10;9566824879;B
20240208;141827;7357.000000000;200;9566824880;B
20240208;141827;7357.000000000;60;9566824881;B
20240208;141827;7357.500000000;2;9566824882;B
20240208;141827;7357.500000000;20;9566824883;B
20240208;141827;7357.500000000;8;9566824884;B
20240208;141827;7357.500000000;1;9566824923;B
20240208;141828;7357.000000000;1;9566824948;S
20240208;141828;7357.500000000;24;9566824955;B
20240208;141828;7357.500000000;22;9566825001;B
20240208;141832;7356.500000000;6;9566825416;S
20240208;141832;7355.500000000;13;9566825417;S
20240208;141832;7355.500000000;21;9566825418;S
20240208;141832;7355.000000000;159;9566825419;S
20240208;141832;7355.000000000;20;9566825420;S
20240208;141838;7356.500000000;1;9566825954;B
20240208;141838;7357.000000000;10;9566825955;B
20240208;141838;7357.500000000;45;9566825956;B
20240208;141838;7357.500000000;100;9566825957;B
20240208;141838;7357.500000000;2;9566825958;B
20240208;141838;7358.000000000;2;9566825959;B
20240208;141838;7358.000000000;1;9566825960;B
20240208;141838;7358.000000000;5;9566825961;B
20240208;141838;7358.000000000;10;9566825962;B
20240208;141838;7358.000000000;4;9566825963;B
20240208;141838;7358.000000000;25;9566825964;B
20240208;141838;7358.000000000;1;9566825965;B
20240208;141838;7358.000000000;20;9566825966;B
20240208;141838;7358.000000000;5;9566825967;B
20240208;141838;7358.000000000;5;9566825968;B
20240208;141838;7358.000000000;10;9566825969;B
20240208;141838;7358.000000000;1;9566825970;B
20240208;141838;7358.000000000;14;9566825971;B
20240208;141838;7358.500000000;2;9566825972;B
20240208;141838;7358.500000000;1;9566825973;B
20240208;141838;7358.500000000;1;9566825974;B
20240208;141838;7358.500000000;6;9566825975;B
20240208;141838;7358.500000000;6;9566825976;B
20240208;141838;7358.500000000;90;9566825977;B
20240208;141838;7358.500000000;2;9566825978;B
20240208;141838;7358.500000000;1;9566825979;B
20240208;141838;7358.500000000;5;9566825980;B
20240208;141838;7358.500000000;5;9566825981;B
20240208;141838;7358.500000000;55;9566825982;B
20240208;141838;7358.500000000;15;9566825983;B
20240208;141838;7358.500000000;10;9566825984;B
20240208;141838;7358.500000000;1;9566825985;B
20240208;141838;7358.500000000;2;9566825986;B
20240208;141838;7358.500000000;6;9566825987;B
20240208;141838;7358.500000000;1;9566825988;B
20240208;141838;7358.500000000;30;9566825989;B
20240208;141838;7358.500000000;1;9566825990;B
20240208;141838;7358.500000000;20;9566825991;B
20240208;141838;7358.500000000;8;9566825992;B
20240208;141838;7358.500000000;2;9566825993;B
20240208;141838;7359.000000000;1;9566825994;B
20240208;141838;7359.000000000;10;9566825995;B
20240208;141838;7359.000000000;1;9566825996;B
20240208;141838;7359.000000000;1;9566825997;B
20240208;141838;7359.000000000;5;9566825998;B
20240208;141838;7359.000000000;1;9566825999;B
20240208;141838;7359.000000000;1450;9566826000;B
20240208;141838;7357.000000000;2;9566826012;B
20240208;141839;7355.500000000;2;9566826027;S
20240208;141844;7357.000000000;2;9566826438;B
20240208;141846;7356.500000000;10;9566826661;S
20240208;141847;7356.500000000;1;9566826702;S
20240208;141848;7357.000000000;1;9566826824;B
20240208;141848;7357.000000000;2;9566826825;B
20240208;141849;7357.000000000;1;9566826958;S
20240208;141849;7357.500000000;1;9566826960;B
20240208;141849;7358.000000000;15;9566826961;B
20240208;141849;7358.000000000;2;9566826962;B
20240208;141849;7358.000000000;4;9566826963;B
20240208;141850;7357.000000000;2;9566827024;S
20240208;141852;7357.000000000;5;9566827242;S
20240208;141855;7357.000000000;1;9566827457;S
20240208;141858;7357.000000000;13;9566827824;S
20240208;141858;7357.000000000;2;9566827825;S
20240208;141900;7357.000000000;6;9566828075;B
20240208;141902;7356.500000000;3;9566828269;S
20240208;141904;7357.000000000;1;9566828392;B
20240208;141908;7357.000000000;16;9566828840;B
20240208;141908;7357.500000000;5;9566828841;B
20240208;141908;7358.000000000;16;9566828842;B
20240208;141908;7358.000000000;15;9566828843;B
20240208;141908;7358.000000000;2;9566828844;B
20240208;141908;7358.000000000;21;9566828845;B
20240208;141908;7358.500000000;18;9566828846;B
20240208;141908;7358.500000000;6;9566828847;B
20240208;141908;7358.500000000;200;9566828848;B
20240208;141908;7358.500000000;7;9566828849;B
20240208;141908;7358.500000000;1;9566828850;B
20240208;141908;7358.500000000;2;9566828851;B
20240208;141908;7358.500000000;40;9566828852;B
20240208;141908;7359.000000000;2651;9566828853;B
20240208;141908;7357.500000000;5;9566828858;S
20240208;141909;7357.500000000;1;9566828896;B
20240208;141910;7359.000000000;22;9566829016;B
20240208;141911;7357.000000000;9;9566829200;S
20240208;141912;7357.500000000;1;9566829359;S
20240208;141912;7357.000000000;2;9566829360;S
20240208;141912;7357.000000000;1;9566829361;S
20240208;141917;7357.000000000;33;9566829919;B
20240208;141917;7357.000000000;109;9566829920;B
20240208;141917;7357.000000000;5;9566829921;B
20240208;141917;7358.000000000;5;9566829922;B
20240208;141917;7358.000000000;3;9566829923;B
20240208;141917;7358.500000000;5;9566829924;B
20240208;141917;7358.500000000;1;9566829925;B
20240208;141917;7359.000000000;2339;9566829926;B
20240208;141918;7359.000000000;500;9566829998;B
20240208;141918;7359.000000000;98;9566829999;B
20240208;141918;7359.000000000;102;9566830000;B
20240208;141918;7359.000000000;334;9566830001;B
20240208;141918;7359.000000000;8;9566830002;B
20240208;141918;7359.000000000;138;9566830003;B
20240208;141918;7359.000000000;2;9566830004;B
20240208;141918;7358.500000000;35;9566830022;B
20240208;141918;7359.000000000;356;9566830023;B
20240208;141918;7359.000000000;1;9566830024;B
20240208;141918;7359.000000000;10;9566830025;B
20240208;141918;7359.000000000;35;9566830026;B
20240208;141918;7359.000000000;2;9566830027;B
20240208;141918;7359.000000000;4;9566830028;B
20240208;141918;7359.000000000;57;9566830029;B
20240208;141918;7359.000000000;43;9566830039;B
20240208;141918;7359.000000000;1;9566830040;B
20240208;141918;7359.000000000;6;9566830041;B
20240208;141918;7359.000000000;1;9566830085;B
20240208;141918;7359.000000000;6;9566830086;B
20240208;141918;7359.000000000;3;9566830087;B
20240208;141918;7359.000000000;1;9566830122;B
20240208;141918;7359.000000000;14;9566830124;B
20240208;141918;7359.000000000;11;9566830125;B
20240208;141919;7359.000000000;30;9566830128;B
20240208;141919;7359.000000000;9;9566830129;B
20240208;141919;7359.000000000;1;9566830130;B
20240208;141919;7359.000000000;1;9566830131;B
20240208;141919;7359.000000000;1;9566830132;B
20240208;141919;7359.000000000;1;9566830133;B
20240208;141919;7359.000000000;6;9566830134;B
20240208;141919;7359.000000000;1;9566830135;B
20240208;141919;7359.000000000;1;9566830136;B
20240208;141919;7359.000000000;2;9566830137;B
20240208;141919;7359.000000000;1;9566830138;B
20240208;141919;7359.000000000;1;9566830139;B
20240208;141919;7359.500000000;1;9566830140;B
20240208;141919;7359.500000000;1;9566830141;B
20240208;141919;7359.500000000;2;9566830142;B
20240208;141919;7359.500000000;18;9566830143;B
20240208;141919;7359.500000000;1;9566830144;B
20240208;141919;7359.500000000;1;9566830145;B
20240208;141919;7360.000000000;1;9566830146;B
20240208;141919;7360.000000000;10;9566830148;B
20240208;141919;7360.000000000;1;9566830151;B
20240208;141919;7360.000000000;8;9566830157;B
20240208;141919;7360.000000000;1;9566830158;B
20240208;141919;7360.000000000;1;9566830159;B
20240208;141919;7360.000000000;3;9566830160;B
20240208;141919;7360.000000000;2;9566830161;B
20240208;141919;7360.000000000;1;9566830162;B
20240208;141919;7360.000000000;1;9566830163;B
20240208;141919;7360.000000000;35;9566830164;B
20240208;141919;7360.000000000;1;9566830165;B
20240208;141919;7360.000000000;22;9566830166;B
20240208;141919;7358.500000000;1;9566830192;S
20240208;141919;7358.500000000;7;9566830194;S
20240208;141919;7358.500000000;4;9566830195;S
20240208;141919;7358.000000000;4;9566830196;S
20240208;141920;7359.500000000;2;9566830227;B
20240208;141920;7359.500000000;1;9566830229;B
20240208;141922;7359.500000000;2;9566830376;B
20240208;141922;7359.500000000;1;9566830377;B
20240208;141922;7359.500000000;19;9566830378;B
20240208;141923;7358.000000000;20;9566830489;S
20240208;141923;7358.000000000;150;9566830490;S
20240208;141923;7357.500000000;2;9566830491;S
20240208;141923;7357.000000000;100;9566830492;S
20240208;141923;7356.500000000;36;9566830493;S
20240208;141923;7356.500000000;25;9566830494;S
20240208;141923;7356.500000000;11;9566830495;S
20240208;141923;7356.000000000;5;9566830496;S
20240208;141923;7355.500000000;8;9566830497;S
20240208;141923;7355.500000000;1;9566830498;S
20240208;141923;7355.500000000;1;9566830499;S
20240208;141923;7355.000000000;141;9566830500;S
20240208;141923;7358.000000000;1;9566830506;S
20240208;141923;7358.000000000;1;9566830507;S
20240208;141923;7355.000000000;1;9566830510;S
20240208;141923;7357.500000000;3;9566830518;B
20240208;141924;7355.500000000;5;9566830625;B
20240208;141925;7357.500000000;21;9566830766;B
20240208;141925;7358.000000000;16;9566830767;B
20240208;141925;7359.000000000;9;9566830768;B
20240208;141925;7359.500000000;10;9566830769;B
20240208;141925;7359.500000000;14;9566830770;B
20240208;141927;7358.500000000;1;9566831024;B
20240208;141928;7359.000000000;4;9566831089;B
20240208;141928;7359.500000000;1;9566831221;B
20240208;141929;7359.500000000;8;9566831234;B
20240208;141929;7359.500000000;10;9566831235;B
20240208;141929;7359.500000000;1;9566831236;B
20240208;141929;7360.000000000;10;9566831263;B
20240208;141929;7360.000000000;1;9566831302;B
20240208;141930;7360.000000000;2;9566831314;B
20240208;141930;7360.000000000;1;9566831315;B
20240208;141930;7360.000000000;10;9566831316;B
20240208;141930;7360.000000000;20;9566831317;B
20240208;141930;7360.000000000;3;9566831318;B
20240208;141930;7360.000000000;4;9566831319;B
20240208;141930;7360.000000000;7;9566831320;B
20240208;141931;7360.000000000;3;9566831910;B
20240208;141931;7360.000000000;1;9566831911;B
20240208;141931;7360.000000000;1;9566831912;B
20240208;141931;7360.000000000;17;9566831913;B
20240208;141935;7360.000000000;48;9566832475;B
20240208;141935;7360.000000000;1;9566832476;B
20240208;141935;7360.000000000;12;9566832477;B
20240208;141935;7360.000000000;1;9566832478;B
20240208;141935;7360.000000000;1;9566832479;B
20240208;141935;7360.000000000;1;9566832480;B
20240208;141935;7360.000000000;1;9566832481;B
20240208;141935;7360.000000000;55;9566832482;B
20240208;141935;7360.000000000;2000;9566832483;B
20240208;141935;7360.000000000;100;9566832484;B
20240208;141935;7360.000000000;1;9566832485;B
20240208;141935;7360.000000000;3;9566832486;B
20240208;141935;7360.000000000;5;9566832487;B
20240208;141935;7360.000000000;5;9566832488;B
20240208;141935;7360.000000000;1;9566832489;B
20240208;141935;7360.000000000;20;9566832490;B
20240208;141935;7360.000000000;1;9566832491;B
20240208;141935;7360.000000000;1;9566832492;B
20240208;141935;7360.000000000;1;9566832493;B
20240208;141935;7360.000000000;83;9566832494;B
20240208;141935;7360.000000000;1;9566832495;B
20240208;141935;7360.000000000;1;9566832496;B
20240208;141935;7360.000000000;10;9566832497;B
20240208;141935;7360.000000000;1;9566832498;B
20240208;141935;7360.000000000;2;9566832499;B
20240208;141935;7360.000000000;1;9566832500;B
20240208;141935;7360.000000000;1;9566832501;B
20240208;141935;7360.000000000;1;9566832502;B
20240208;141935;7360.000000000;2;9566832503;B
20240208;141935;7360.000000000;5;9566832504;B
20240208;141935;7360.000000000;10;9566832505;B
20240208;141935;7360.000000000;1;9566832506;B
20240208;141935;7360.000000000;15;9566832507;B
20240208;141935;7360.000000000;2;9566832508;B
20240208;141935;7360.000000000;40;9566832509;B
20240208;141935;7360.000000000;5;9566832510;B
20240208;141935;7360.000000000;6;9566832511;B
20240208;141935;7360.000000000;3;9566832512;B
20240208;141935;7360.000000000;1;9566832513;B
20240208;141935;7360.000000000;2;9566832514;B
20240208;141935;7360.000000000;15;9566832515;B
20240208;141935;7360.000000000;1;9566832516;B
20240208;141935;7360.000000000;6;9566832517;B
20240208;141935;7360.000000000;67;9566832518;B
20240208;141935;7360.000000000;1;9566832519;B
20240208;141935;7360.000000000;1;9566832520;B
20240208;141935;7360.000000000;4;9566832521;B
20240208;141935;7360.000000000;7;9566832522;B
20240208;141935;7360.000000000;1;9566832523;B
20240208;141935;7360.000000000;13;9566832524;B
20240208;141935;7360.000000000;1;9566832525;B
20240208;141935;7360.000000000;1;9566832526;B
20240208;141935;7360.000000000;2;9566832527;B
20240208;141935;7360.000000000;2;9566832528;B
20240208;141935;7360.000000000;1;9566832529;B
20240208;141935;7360.000000000;30;9566832530;B
20240208;141935;7360.000000000;7;9566832531;B
20240208;141935;7360.000000000;1;9566832532;B
20240208;141935;7360.000000000;2;9566832533;B
20240208;141935;7360.000000000;2;9566832534;B
20240208;141935;7360.000000000;1;9566832535;B
20240208;141935;7360.000000000;1;9566832536;B
20240208;141935;7360.500000000;1;9566832537;B
20240208;141935;7360.500000000;170;9566832538;B
20240208;141935;7360.500000000;5;9566832539;B
20240208;141935;7360.500000000;15;9566832540;B
20240208;141935;7361.000000000;1;9566832541;B
20240208;141935;7361.000000000;1;9566832542;B
20240208;141935;7361.000000000;1;9566832543;B
20240208;141935;7361.000000000;170;9566832544;B
20240208;141935;7361.500000000;1;9566832545;B
20240208;141935;7361.500000000;20;9566832546;B
20240208;141935;7362.000000000;2;9566832547;B
20240208;141935;7362.000000000;2;9566832548;B
20240208;141935;7362.500000000;5;9566832549;B
20240208;141935;7362.500000000;1;9566832550;B
20240208;141935;7363.000000000;3;9566832551;B
20240208;141935;7363.000000000;10;9566832552;B
20240208;141935;7363.500000000;1;9566832553;B
20240208;141935;7363.500000000;20;9566832554;B
20240208;141935;7364.000000000;1;9566832555;B
20240208;141935;7364.000000000;1;9566832556;B
20240208;141935;7364.000000000;1;9566832557;B
20240208;141935;7364.500000000;1;9566832558;B
20240208;141935;7364.500000000;1;9566832559;B
20240208;141935;7365.000000000;70;9566832560;B
20240208;141935;7365.000000000;1;9566832561;B
20240208;141935;7365.000000000;54;9566832562;B
20240208;141935;7365.000000000;21;9566832563;B
20240208;141935;7365.500000000;5;9566832564;B
20240208;141935;7365.500000000;10;9566832565;B
20240208;141935;7365.500000000;200;9566832566;B
20240208;141935;7365.500000000;20;9566832567;B
20240208;141935;7366.000000000;1;9566832568;B
20240208;141935;7366.000000000;2;9566832569;B
20240208;141935;7366.000000000;100;9566832570;B
20240208;141935;7366.000000000;1;9566832571;B
20240208;141935;7366.500000000;6;9566832572;B
20240208;141935;7366.500000000;3;9566832573;B
20240208;141935;7366.500000000;2;9566832574;B
20240208;141935;7367.000000000;37;9566832575;B
20240208;141935;7367.000000000;1;9566832576;B
20240208;141935;7367.000000000;1;9566832577;B
20240208;141935;7367.000000000;40;9566832578;B
20240208;141935;7368.000000000;18;9566832579;B
20240208;141935;7368.000000000;3;9566832580;B
20240208;141935;7368.000000000;5;9566832581;B
20240208;141935;7368.000000000;20;9566832582;B
20240208;141935;7368.000000000;177;9566832583;B
20240208;141935;7366.500000000;7;9566832585;B
20240208;141935;7364.000000000;13;9566832588;S
20240208;141936;7367.500000000;10;9566832591;B
20240208;141936;7367.500000000;2;9566832592;B
20240208;141936;7368.000000000;23;9566832593;B
20240208;141936;7368.000000000;2;9566832594;B
20240208;141936;7368.500000000;1;9566832595;B
20240208;141936;7368.500000000;12;9566832596;B
20240208;141936;7363.500000000;1;9566832598;S
20240208;141936;7363.500000000;2;9566832608;S
20240208;141936;7363.500000000;5;9566832609;S
20240208;141936;7363.500000000;1;9566832610;S
20240208;141936;7363.500000000;3;9566832611;S
20240208;141936;7363.500000000;1;9566832612;S
20240208;141936;7363.500000000;1;9566832614;S
20240208;141936;7364.000000000;21;9566832617;S
20240208;141936;7363.500000000;20;9566832618;S
20240208;141936;7362.000000000;58;9566832619;S
20240208;141936;7361.500000000;1;9566832620;S
20240208;141936;7363.500000000;1;9566832631;S
20240208;141936;7363.500000000;1;9566832679;S
20240208;141937;7365.000000000;14;9566832696;B
20240208;141937;7365.000000000;1;9566832697;B
20240208;141937;7365.500000000;7;9566832700;S
20240208;141937;7366.500000000;1;9566832732;S
20240208;141937;7366.500000000;1;9566832733;S
20240208;141937;7366.500000000;1;9566832734;S
20240208;141937;7366.500000000;2;9566832736;S
20240208;141937;7366.500000000;1;9566832739;S
20240208;141938;7367.000000000;2;9566833111;B
20240208;141938;7366.500000000;1;9566833112;S
20240208;141938;7366.500000000;1;9566833113;S
20240208;141938;7366.500000000;1;9566833114;S
20240208;141939;7366.500000000;5;9566833201;S
20240208;141939;7366.500000000;9;9566833238;S
20240208;141939;7366.500000000;1;9566833239;S
20240208;141939;7366.500000000;1;9566833289;S
20240208;141939;7366.500000000;2;9566833291;S
20240208;141939;7366.500000000;1;9566833304;S
20240208;141939;7366.500000000;1;9566833371;S
20240208;141939;7367.000000000;1;9566833373;B
20240208;141939;7366.500000000;1;9566833386;S
20240208;141939;7366.500000000;1;9566833388;S
20240208;141939;7366.500000000;1;9566833389;S
20240208;141939;7366.500000000;5;9566833390;S
20240208;141939;7366.500000000;1;9566833396;S
20240208;141940;7367.000000000;18;9566833465;B
20240208;141940;7366.500000000;5;9566833471;S
20240208;141940;7366.500000000;1;9566833481;S
20240208;141941;7366.500000000;1;9566833516;S
20240208;141941;7366.500000000;1;9566833517;S
20240208;141942;7366.500000000;1;9566833607;S
20240208;141942;7366.500000000;5;9566833609;S
20240208;141942;7362.500000000;1;9566833668;B
20240208;141944;7362.000000000;1;9566833958;S
20240208;141944;7361.500000000;9;9566833959;S
20240208;141944;7361.000000000;1;9566833960;S
20240208;141944;7361.000000000;50;9566833961;S
20240208;141944;7361.000000000;12;9566833962;S
20240208;141944;7360.500000000;20;9566833963;S
20240208;141944;7360.000000000;50;9566833964;S
20240208;141944;7360.000000000;1;9566833965;B
20240208;141944;7359.500000000;1;9566833981;B
20240208;141945;7359.500000000;2;9566834170;B
20240208;141946;7359.500000000;18;9566834290;B
20240208;141946;7360.000000000;356;9566834291;B
20240208;141946;7361.000000000;16;9566834292;B
20240208;141946;7363.000000000;10;9566834293;B
20240208;141952;7364.000000000;5;9566834851;B
20240208;141952;7364.000000000;1;9566834852;B
20240208;141952;7364.500000000;1;9566834853;B
20240208;141952;7365.500000000;15;9566834854;B
20240208;141952;7365.500000000;4;9566834866;S
20240208;141952;7365.500000000;1;9566834939;S
20240208;141953;7365.500000000;21;9566834983;S
20240208;141953;7365.000000000;179;9566834984;S
20240208;141955;7365.500000000;2;9566835221;S
20240208;141959;7366.000000000;2;9566835827;B
20240208;142001;7366.000000000;1;9566836051;B
20240208;142002;7366.000000000;1;9566836129;B
20240208;142003;7365.500000000;3;9566836284;S
20240208;142004;7365.500000000;16;9566836393;S
20240208;142004;7365.000000000;421;9566836394;S
20240208;142004;7363.000000000;20;9566836395;S
20240208;142004;7363.000000000;1;9566836396;S
20240208;142004;7363.000000000;6;9566836397;S
20240208;142004;7362.500000000;10;9566836398;S
20240208;142004;7362.000000000;20;9566836399;S
20240208;142004;7361.500000000;10;9566836400;S
20240208;142004;7360.500000000;1;9566836401;S
20240208;142004;7360.000000000;1;9566836402;S
20240208;142004;7360.000000000;32;9566836403;S
20240208;142004;7360.000000000;2;9566836429;B
20240208;142004;7360.000000000;1;9566836430;B
20240208;142004;7359.500000000;1;9566836444;B
20240208;142005;7359.500000000;6;9566836661;B
20240208;142005;7360.000000000;3;9566836662;B
20240208;142006;7360.000000000;60;9566836714;B
20240208;142006;7360.000000000;1;9566836742;B
20240208;142007;7360.000000000;2;9566836906;B
20240208;142008;7359.500000000;1;9566836981;S
20240208;142008;7359.000000000;9;9566836982;S
20240208;142009;7360.000000000;1;9566837166;B
20240208;142011;7360.000000000;1;9566837440;B
20240208;142013;7360.000000000;22;9566837636;B
20240208;142014;7360.000000000;21;9566838052;B
20240208;142014;7360.000000000;9;9566838053;B
20240208;142014;7360.000000000;1;9566838078;B
20240208;142014;7360.000000000;21;9566838185;B
20240208;142014;7360.000000000;12;9566838199;B
20240208;142014;7360.000000000;39;9566838205;B
20240208;142014;7360.000000000;3;9566838230;B
20240208;142016;7359.500000000;4;9566838323;S
20240208;142016;7360.000000000;1;9566838324;B
20240208;142016;7360.000000000;20;9566838363;B
20240208;142016;7360.000000000;10;9566839414;B
20240208;142018;7359.500000000;2;9566840507;S
20240208;142018;7359.500000000;1;9566840508;S
20240208;142018;7359.500000000;2;9566840509;S
20240208;142018;7359.500000000;20;9566840510;S
20240208;142018;7359.000000000;1;9566840511;S
20240208;142018;7360.000000000;1;9566840540;B
20240208;142019;7359.500000000;1;9566840570;S
20240208;142019;7360.000000000;9;9566840649;B
20240208;142020;7360.000000000;1;9566840828;B
20240208;142022;7360.000000000;4;9566840921;B
20240208;142022;7359.500000000;1;9566840948;S
20240208;142022;7359.500000000;1;9566840958;S
20240208;142022;7359.500000000;1;9566840959;S
20240208;142022;7359.500000000;1;9566840960;S
20240208;142022;7359.500000000;1;9566840961;S
20240208;142022;7359.000000000;11;9566840962;S
20240208;142022;7359.000000000;1;9566840963;S
20240208;142022;7359.000000000;4;9566840964;S
20240208;142022;7360.000000000;2;9566840980;B
20240208;142024;7360.000000000;20;9566842874;B
20240208;142028;7359.500000000;1;9566844128;S
20240208;142029;7359.500000000;6;9566844293;S
20240208;142030;7360.000000000;1;9566844354;B
20240208;142031;7360.000000000;1;9566844433;B
20240208;142032;7360.000000000;11;9566844553;B
20240208;142033;7359.500000000;1;9566844629;S
20240208;142033;7360.000000000;8;9566844739;B
20240208;142033;7360.000000000;5;9566844755;B
20240208;142034;7360.000000000;22;9566844869;B
20240208;142034;7359.500000000;4;9566844880;S
20240208;142035;7360.000000000;1;9566845008;B
20240208;142035;7360.000000000;3;9566845041;B
20240208;142037;7359.500000000;2;9566845156;S
20240208;142037;7360.000000000;10;9566845157;B
20240208;142038;7359.500000000;1;9566846362;S
20240208;142040;7359.500000000;2;9566846641;S
20240208;142041;7360.000000000;1;9566846895;B
20240208;142043;7359.500000000;1;9566847165;S
20240208;142047;7360.000000000;1;9566848192;B
20240208;142050;7359.500000000;2;9566848629;S
20240208;142052;7360.000000000;1;9566848973;B
20240208;142052;7360.000000000;12;9566848974;B
20240208;142054;7360.000000000;1;9566849110;B
20240208;142054;7359.500000000;1;9566849152;S
20240208;142055;7360.000000000;22;9566849169;B
20240208;142055;7359.500000000;1;9566849190;S
20240208;142055;7359.500000000;1;9566849191;S
20240208;142055;7359.500000000;21;9566849192;S
20240208;142055;7359.500000000;20;9566849193;S
20240208;142055;7359.500000000;31;9566849194;S
20240208;142055;7359.500000000;1;9566849195;S
20240208;142055;7359.000000000;1;9566849232;S
20240208;142055;7359.000000000;49;9566849233;S
20240208;142056;7359.500000000;13;9566849858;B
20240208;142056;7359.500000000;12;9566849889;B
20240208;142057;7359.000000000;68;9566849911;S
20240208;142057;7359.000000000;50;9566849912;S
20240208;142103;7359.500000000;1900;9566851785;B
20240208;142103;7360.000000000;95;9566851786;B
20240208;142103;7360.000000000;2;9566851787;B
20240208;142103;7360.000000000;2;9566851788;B
20240208;142103;7360.000000000;1;9566851789;B
20240208;142103;7360.000000000;1;9566851790;B
20240208;142104;7360.000000000;1;9566852084;B
20240208;142106;7360.000000000;1;9566852196;B
20240208;142108;7359.500000000;5;9566852350;S
20240208;142109;7359.500000000;16;9566852825;S
20240208;142109;7359.500000000;1;9566852826;S
20240208;142109;7359.000000000;9;9566852827;S
20240208;142109;7360.000000000;2;9566852828;B
20240208;142109;7360.000000000;10;9566852829;B
20240208;142109;7360.000000000;13;9566852830;B
20240208;142109;7359.500000000;3;9566852839;S
20240208;142110;7360.000000000;7;9566852908;B
20240208;142115;7362.000000000;5;9566854391;B
20240208;142116;7364.000000000;14;9566854396;B
20240208;142116;7364.000000000;8;9566854397;B
20240208;142118;7362.000000000;4;9566854725;B
20240208;142121;7361.500000000;17;9566855109;B
20240208;142121;7363.000000000;17;9566855110;B
20240208;142121;7363.500000000;2;9566855111;B
20240208;142121;7364.500000000;5;9566855112;B
20240208;142121;7364.500000000;7;9566855113;B
20240208;142121;7365.000000000;32;9566855114;B
20240208;142121;7365.000000000;5;9566855115;B
20240208;142121;7365.000000000;15;9566855116;B
20240208;142122;7365.500000000;9;9566855214;B
20240208;142122;7365.500000000;58;9566855215;B
20240208;142122;7366.000000000;9;9566855216;B
20240208;142122;7366.000000000;1;9566855217;B
20240208;142122;7366.000000000;1;9566855218;B
20240208;142122;7366.000000000;20;9566855219;B
20240208;142122;7366.500000000;1;9566855220;B
20240208;142122;7366.500000000;8;9566855221;B
20240208;142122;7366.500000000;2;9566855222;B
20240208;142122;7366.500000000;17;9566855223;B
20240208;142122;7367.000000000;5;9566855224;B
20240208;142122;7367.000000000;10;9566855225;B
20240208;142122;7367.000000000;2;9566855226;B
20240208;142122;7367.000000000;1;9566855227;B
20240208;142122;7367.000000000;12;9566855228;B
20240208;142122;7367.000000000;3;9566855229;B
20240208;142122;7367.000000000;20;9566855230;B
20240208;142122;7367.500000000;9;9566855231;B
20240208;142122;7367.500000000;20;9566855232;B
20240208;142122;7367.500000000;1;9566855233;B
20240208;142122;7368.000000000;20;9566855234;B
20240208;142122;7368.000000000;10;9566855235;B
20240208;142122;7368.000000000;1;9566855236;B
20240208;142122;7368.000000000;1;9566855237;B
20240208;142122;7368.000000000;20;9566855238;B
20240208;142122;7368.000000000;39;9566855239;B
20240208;142123;7363.000000000;2;9566855289;S
20240208;142136;7363.000000000;16;9566859549;B
20240208;142136;7364.000000000;6;9566859550;B
20240208;142138;7364.500000000;1;9566860312;S
20240208;142138;7364.500000000;1;9566860313;S
20240208;142139;7364.500000000;1;9566860339;S
20240208;142139;7364.500000000;1;9566860340;S
20240208;142141;7364.500000000;11;9566860918;S
20240208;142141;7364.500000000;14;9566860919;S
20240208;142141;7363.000000000;45;9566860920;S
20240208;142141;7361.000000000;20;9566860921;S
20240208;142141;7361.000000000;20;9566860922;S
20240208;142141;7360.000000000;5;9566860923;S
20240208;142141;7360.000000000;1;9566860924;S
20240208;142141;7360.000000000;10;9566860925;S
20240208;142141;7359.500000000;5;9566860926;S
20240208;142141;7359.500000000;8;9566860927;S
20240208;142141;7359.500000000;1;9566860928;S
20240208;142142;7364.000000000;6;9566861111;B
20240208;142144;7363.000000000;1;9566861319;S
20240208;142145;7364.000000000;1;9566861371;S
20240208;142146;7364.000000000;1;9566861937;S
20240208;142146;7364.000000000;25;9566861939;S
20240208;142146;7363.000000000;99;9566861940;S
20240208;142146;7363.000000000;25;9566861941;S
20240208;142146;7362.500000000;1;9566861948;B
20240208;142146;7362.500000000;5;9566861961;B
20240208;142150;7360.000000000;1;9566863216;S
20240208;142153;7360.000000000;4;9566863876;S
20240208;142153;7359.500000000;5;9566863877;S
20240208;142153;7359.000000000;1;9566863878;S
20240208;142153;7359.000000000;6;9566863879;S
20240208;142153;7359.000000000;100;9566863880;S
20240208;142153;7359.000000000;1;9566863881;B
20240208;142153;7359.000000000;1;9566863882;B
20240208;142154;7358.500000000;5;9566864101;S
20240208;142154;7358.000000000;5;9566864102;S
20240208;142154;7357.500000000;10;9566864103;S
20240208;142154;7357.500000000;5;9566864104;S
20240208;142154;7357.500000000;5;9566864105;S
20240208;142154;7356.500000000;32;9566864106;S
20240208;142154;7356.500000000;20;9566864107;S
20240208;142154;7356.000000000;100;9566864108;S
20240208;142154;7355.500000000;8;9566864109;S
20240208;142154;7355.500000000;50;9566864110;S
20240208;142154;7355.000000000;194;9566864111;S
20240208;142154;7355.000000000;54;9566864112;S
20240208;142154;7355.000000000;10;9566864113;S
20240208;142154;7355.000000000;15;9566864114;S
20240208;142154;7354.000000000;20;9566864115;S
20240208;142154;7353.500000000;17;9566864116;S
20240208;142154;7354.000000000;1;9566864117;S
20240208;142154;7354.000000000;5;9566864123;S
20240208;142155;7354.000000000;3;9566864172;S
20240208;142156;7354.000000000;3;9566864457;S
20240208;142156;7353.500000000;2;9566864458;S
20240208;142157;7357.500000000;21;9566865620;B
20240208;142157;7358.000000000;11;9566865621;B
20240208;142157;7358.500000000;16;9566865622;B
20240208;142157;7359.500000000;20;9566865623;B
20240208;142157;7359.500000000;32;9566865624;B
20240208;142157;7360.500000000;1;9566865634;B
20240208;142157;7360.500000000;21;9566865635;B
20240208;142209;7356.000000000;1;9566868904;S
20240208;142209;7355.500000000;1;9566868905;S
20240208;142209;7355.000000000;3;9566868906;S
20240208;142209;7359.000000000;10;9566868907;B
20240208;142210;7355.000000000;1;9566869001;S
20240208;142214;7354.500000000;3;9566869514;S
20240208;142216;7355.500000000;5;9566870459;S
20240208;142216;7355.000000000;61;9566870460;S
20240208;142218;7356.000000000;1;9566871489;B
20240208;142218;7357.500000000;1;9566871490;B
20240208;142218;7358.000000000;20;9566871491;B
20240208;142226;7359.000000000;15;9566873120;B
20240208;142226;7359.000000000;21;9566873121;B
20240208;142226;7359.500000000;9;9566873122;B
20240208;142226;7359.500000000;11;9566873123;B
20240208;142226;7360.000000000;5;9566873124;B
20240208;142226;7360.000000000;25;9566873125;B
20240208;142226;7360.000000000;30;9566873126;B
20240208;142226;7360.000000000;4;9566873127;B
20240208;142236;7360.000000000;1;9566875078;S
20240208;142237;7360.500000000;1;9566875173;S
20240208;142237;7360.000000000;34;9566875174;S
20240208;142239;7361.000000000;8;9566875325;B
20240208;142239;7361.500000000;8;9566875326;B
20240208;142239;7361.500000000;6;9566875327;B
20240208;142239;7362.000000000;2;9566875341;B
20240208;142241;7360.500000000;2;9566876673;S
20240208;142241;7360.500000000;13;9566876674;S
20240208;142246;7360.500000000;1;9566877596;S
20240208;142246;7360.500000000;1;9566877597;S
20240208;142248;7360.500000000;1;9566877748;S
20240208;142248;7360.500000000;1;9566877749;S
20240208;142248;7360.500000000;1;9566877750;S
20240208;142248;7360.500000000;1;9566877751;S
20240208;142248;7360.500000000;1;9566877752;S
20240208;142248;7360.500000000;5;9566877753;S
20240208;142248;7360.500000000;1;9566877754;S
20240208;142248;7360.500000000;1;9566877755;S
20240208;142248;7360.500000000;1;9566877756;S
20240208;142248;7360.500000000;1;9566877757;S
20240208;142248;7360.500000000;1;9566877758;S
20240208;142248;7360.500000000;1;9566877759;S
20240208;142248;7360.500000000;1;9566877760;S
20240208;142248;7360.500000000;1;9566877761;S
20240208;142248;7360.500000000;1;9566877762;S
20240208;142248;7360.500000000;1;9566877763;S
20240208;142248;7360.500000000;1;9566877764;S
20240208;142248;7360.500000000;1;9566877765;S
20240208;142248;7360.000000000;38;9566877766;S
20240208;142248;7361.000000000;1;9566877768;S
20240208;142248;7361.000000000;1;9566877855;S
20240208;142249;7360.000000000;607;9566877999;S
20240208;142249;7359.000000000;6;9566878000;S
20240208;142249;7358.000000000;20;9566878001;S
20240208;142249;7358.000000000;100;9566878002;S
20240208;142249;7358.000000000;10;9566878003;S
20240208;142249;7356.500000000;20;9566878004;S
20240208;142249;7356.000000000;5;9566878005;S
20240208;142249;7356.000000000;27;9566878006;S
20240208;142249;7356.000000000;20;9566878007;S
20240208;142249;7355.500000000;7;9566878008;S
20240208;142249;7355.000000000;39;9566878009;S
20240208;142249;7354.500000000;32;9566878010;S
20240208;142249;7354.500000000;10;9566878011;S
20240208;142249;7354.000000000;20;9566878012;S
20240208;142249;7353.500000000;4;9566878013;S
20240208;142249;7353.000000000;3;9566878014;S
20240208;142249;7352.500000000;20;9566878015;S
20240208;142249;7352.000000000;1;9566878016;S
20240208;142249;7352.000000000;84;9566878017;S
20240208;142249;7351.500000000;10;9566878018;S
20240208;142249;7351.500000000;20;9566878019;S
20240208;142249;7351.000000000;8;9566878020;S
20240208;142249;7350.500000000;80;9566878021;S
20240208;142249;7350.000000000;1;9566878022;S
20240208;142249;7350.000000000;24;9566878023;S
20240208;142249;7350.000000000;32;9566878024;S
20240208;142249;7350.000000000;20;9566878025;S
20240208;142249;7350.000000000;13;9566878027;B
20240208;142249;7350.000000000;1;9566878028;B
20240208;142249;7350.000000000;15;9566878029;B
20240208;142249;7350.000000000;11;9566878030;B
20240208;142249;7350.000000000;3;9566878031;B
20240208;142249;7350.000000000;1;9566878032;B
20240208;142249;7350.000000000;15;9566878033;B
20240208;142249;7350.000000000;9;9566878036;B
20240208;142249;7350.000000000;4;9566878038;B
20240208;142249;7350.000000000;4;9566878039;B
20240208;142249;7350.000000000;15;9566878040;B
20240208;142249;7350.000000000;3;9566878041;B
20240208;142250;7350.000000000;5;9566878056;B
20240208;142250;7349.500000000;1;9566878057;S
20240208;142250;7349.500000000;1;9566878077;S
20240208;142251;7349.500000000;1;9566878178;S
20240208;142251;7349.500000000;1;9566878179;S
20240208;142251;7350.000000000;100;9566878186;B
20240208;142252;7350.000000000;71;9566878309;B
20240208;142252;7350.000000000;22;9566878310;B
20240208;142252;7351.000000000;4;9566878322;S
20240208;142253;7353.000000000;28;9566880003;B
20240208;142253;7353.500000000;1;9566880004;B
20240208;142253;7354.500000000;20;9566880005;B
20240208;142253;7355.000000000;20;9566880006;B
20240208;142253;7355.000000000;15;9566880007;B
20240208;142253;7355.500000000;10;9566880008;B
20240208;142253;7356.500000000;20;9566880009;B
20240208;142253;7357.500000000;32;9566880010;B
20240208;142253;7358.000000000;8;9566880011;B
20240208;142253;7358.000000000;10;9566880012;B
20240208;142253;7358.500000000;20;9566880013;B
20240208;142253;7359.000000000;10;9566880014;B
20240208;142253;7359.500000000;6;9566880015;B
20240208;142253;7352.000000000;1;9566880027;S
20240208;142256;7358.500000000;2;9566880420;B
20240208;142258;7356.000000000;5;9566881337;S
20240208;142300;7356.000000000;4;9566881535;S
20240208;142300;7357.500000000;15;9566881537;B
20240208;142300;7358.500000000;7;9566881538;B
20240208;142303;7356.000000000;3;9566881896;S
20240208;142304;7356.500000000;13;9566882039;B
20240208;142304;7356.500000000;21;9566882040;B
20240208;142304;7356.500000000;15;9566882041;B
20240208;142304;7358.000000000;5;9566882042;B
20240208;142304;7358.500000000;20;9566882043;B
20240208;142304;7359.000000000;32;9566882044;B
20240208;142304;7359.500000000;25;9566882045;B
20240208;142304;7359.500000000;20;9566882046;B
20240208;142304;7360.000000000;3;9566882047;B
20240208;142304;7360.000000000;1;9566882048;B
20240208;142304;7360.000000000;5;9566882049;B
20240208;142304;7360.500000000;10;9566882050;B
20240208;142304;7360.500000000;20;9566882051;B
20240208;142304;7360.500000000;97;9566882052;B
20240208;142304;7361.000000000;5;9566882053;B
20240208;142304;7361.000000000;120;9566882054;B
20240208;142304;7362.000000000;28;9566882055;B
20240208;142304;7362.000000000;5;9566882056;B
20240208;142304;7362.000000000;1;9566882057;B
20240208;142304;7362.500000000;6;9566882058;B
20240208;142304;7362.500000000;20;9566882059;B
20240208;142304;7363.000000000;528;9566882060;B
20240208;142307;7361.000000000;2;9566883168;B
20240208;142308;7360.000000000;1;9566883527;B
20240208;142315;7359.500000000;21;9566885424;B
20240208;142315;7359.500000000;15;9566885425;B
20240208;142315;7360.000000000;14;9566885426;B
20240208;142321;7360.000000000;22;9566885939;B
20240208;142331;7358.000000000;2;9566888174;S
20240208;142331;7358.000000000;5;9566888353;S
20240208;142332;7358.000000000;1;9566890018;S
20240208;142332;7358.000000000;7;9566890019;S
20240208;142335;7358.500000000;14;9566890330;B
20240208;142335;7359.500000000;3;9566890331;B
20240208;142335;7359.500000000;21;9566890332;B
20240208;142335;7360.000000000;14;9566890333;B
20240208;142335;7360.000000000;5;9566890334;B
20240208;142335;7360.000000000;5;9566890335;B
20240208;142335;7360.000000000;5;9566890336;B
20240208;142335;7360.000000000;3;9566890337;B
20240208;142335;7361.000000000;20;9566890338;B
20240208;142335;7361.500000000;10;9566890339;B
20240208;142342;7361.000000000;2;9566891921;B
20240208;142342;7361.000000000;20;9566891922;B
20240208;142347;7359.500000000;1;9566893105;S
20240208;142347;7358.500000000;1;9566893106;S
20240208;142347;7358.500000000;11;9566893141;S
20240208;142349;7356.500000000;5;9566893341;S
20240208;142349;7356.500000000;5;9566893342;S
20240208;142349;7356.000000000;88;9566893343;S
20240208;142349;7355.500000000;13;9566893344;S
20240208;142349;7355.000000000;4;9566893345;S
20240208;142349;7354.000000000;32;9566893346;S
20240208;142349;7354.000000000;20;9566893347;S
20240208;142349;7353.500000000;10;9566893348;S
20240208;142349;7353.000000000;27;9566893349;S
20240208;142349;7352.500000000;20;9566893350;S
20240208;142349;7351.500000000;5;9566893351;S
20240208;142349;7351.000000000;58;9566893352;S
20240208;142349;7351.000000000;21;9566893353;S
20240208;142349;7350.500000000;10;9566893354;S
20240208;142349;7350.500000000;40;9566893355;S
20240208;142349;7350.500000000;4;9566893356;S
20240208;142349;7350.500000000;4;9566893357;S
20240208;142349;7350.000000000;3;9566893358;S
20240208;142349;7350.000000000;20;9566893359;S
20240208;142349;7350.000000000;20;9566893360;S
20240208;142349;7349.500000000;30;9566893361;S
20240208;142349;7349.500000000;5;9566893362;S
20240208;142349;7349.500000000;3;9566893363;S
20240208;142349;7349.500000000;32;9566893364;S
20240208;142349;7349.000000000;1694;9566893365;S
20240208;142349;7349.000000000;10;9566893366;S
20240208;142349;7348.500000000;20;9566893367;S
20240208;142349;7348.000000000;20;9566893368;S
20240208;142349;7348.000000000;40;9566893369;S
20240208;142349;7347.500000000;10;9566893370;S
20240208;142349;7347.500000000;2;9566893371;S
20240208;142349;7347.000000000;32;9566893372;S
20240208;142349;7346.500000000;20;9566893373;S
20240208;142349;7345.500000000;20;9566893374;S
20240208;142349;7345.500000000;40;9566893375;S
20240208;142349;7345.500000000;1;9566893376;S
20240208;142349;7345.500000000;8;9566893377;S
20240208;142349;7345.500000000;7;9566893378;S
20240208;142349;7345.500000000;4;9566893379;S
20240208;142349;7345.000000000;10;9566893380;S
20240208;142349;7345.000000000;70;9566893381;S
20240208;142349;7345.000000000;32;9566893382;S
20240208;142349;7345.000000000;200;9566893383;S
20240208;142349;7344.500000000;1;9566893384;S
20240208;142349;7344.500000000;20;9566893385;S
20240208;142349;7344.000000000;1;9566893386;S
20240208;142349;7343.500000000;1;9566893387;S
20240208;142349;7343.000000000;2;9566893388;S
20240208;142349;7342.500000000;20;9566893389;S
20240208;142349;7342.000000000;2;9566893390;S
20240208;142349;7342.000000000;1;9566893391;S
20240208;142349;7342.000000000;32;9566893392;S
20240208;142349;7340.500000000;30;9566893393;S
20240208;142349;7340.000000000;1;9566893394;S
20240208;142349;7340.000000000;111;9566893395;S
20240208;142349;7339.500000000;5;9566893396;S
20240208;142349;7339.500000000;200;9566893397;S
20240208;142349;7338.500000000;5;9566893398;S
20240208;142349;7338.000000000;3;9566893399;S
20240208;142349;7338.000000000;24;9566893400;S
20240208;142349;7338.000000000;10;9566893401;S
20240208;142349;7338.000000000;200;9566893402;S
20240208;142349;7338.000000000;32;9566893403;S
20240208;142349;7337.500000000;5;9566893404;S
20240208;142349;7337.500000000;5;9566893405;S
20240208;142349;7337.000000000;1;9566893406;S
20240208;142349;7336.500000000;1;9566893407;S
20240208;142349;7335.500000000;5;9566893408;S
20240208;142349;7335.500000000;100;9566893409;S
20240208;142349;7335.000000000;36;9566893410;S
20240208;142349;7334.000000000;5;9566893411;S
20240208;142349;7333.500000000;2;9566893412;S
20240208;142349;7333.500000000;50;9566893413;S
20240208;142349;7333.000000000;100;9566893414;S
20240208;142349;7331.500000000;8;9566893415;S
20240208;142349;7331.000000000;1;9566893416;S
20240208;142349;7331.000000000;100;9566893417;S
20240208;142349;7331.000000000;11;9566893418;S
20240208;142349;7350.000000000;124;9566893419;S
20240208;142349;7332.500000000;20;9566893420;B
20240208;142349;7332.500000000;10;9566893421;B
20240208;142349;7332.500000000;20;9566893422;B
20240208;142349;7332.500000000;10;9566893423;B
20240208;142349;7332.500000000;20;9566893424;B
20240208;142349;7332.500000000;10;9566893425;B
20240208;142349;7332.500000000;20;9566893426;B
20240208;142349;7332.500000000;20;9566893428;B
20240208;142349;7332.500000000;10;9566893429;B
20240208;142349;7332.500000000;22;9566893430;B
20240208;142349;7345.000000000;20;9566893434;B
20240208;142349;7345.000000000;10;9566893435;B
20240208;142349;7345.000000000;10;9566893441;S
20240208;142349;7341.500000000;15;9566893443;B
20240208;142349;7341.500000000;15;9566893444;B
20240208;142349;7341.500000000;15;9566893445;B
20240208;142349;7344.500000000;1;9566893452;B
20240208;142349;7344.500000000;10;9566893453;B
20240208;142349;7344.500000000;9;9566893454;B
20240208;142349;7344.500000000;5;9566893455;B
20240208;142349;7340.500000000;14;9566893459;S
20240208;142349;7345.500000000;1;9566893469;S
20240208;142349;7345.500000000;1;9566893470;S
20240208;142349;7345.500000000;1;9566893471;S
20240208;142349;7345.500000000;10;9566893473;B
20240208;142349;7345.500000000;6;9566893474;B
20240208;142349;7345.000000000;1;9566893475;S
20240208;142349;7344.500000000;8;9566893476;S
20240208;142349;7344.500000000;1;9566893477;S
20240208;142349;7343.500000000;1;9566893478;S
20240208;142349;7343.500000000;1;9566893479;B
20240208;142349;7343.500000000;8;9566893480;B
20240208;142349;7343.500000000;4;9566893481;B
20240208;142349;7343.500000000;15;9566893482;B
20240208;142349;7343.500000000;1;9566893485;B
20240208;142349;7344.500000000;14;9566893486;B
20240208;142349;7345.000000000;3;9566893488;B
20240208;142349;7345.000000000;3;9566893489;B
20240208;142349;7344.500000000;6;9566893490;B
20240208;142349;7344.500000000;20;9566893491;B
20240208;142349;7344.500000000;6;9566893492;B
20240208;142349;7345.000000000;9;9566893493;S
20240208;142349;7345.000000000;5;9566893494;S
20240208;142349;7345.000000000;4;9566893500;S
20240208;142349;7344.500000000;4;9566893501;S
20240208;142349;7345.000000000;4;9566893502;S
20240208;142349;7345.000000000;4;9566893503;S
20240208;142349;7345.000000000;1;9566893504;S
20240208;142349;7345.500000000;4;9566893505;B
20240208;142349;7345.500000000;16;9566893506;B
20240208;142349;7345.500000000;10;9566893507;B
20240208;142349;7345.500000000;27;9566893508;B
20240208;142349;7345.000000000;20;9566893509;S
20240208;142349;7345.500000000;4;9566893510;B
20240208;142349;7345.500000000;27;9566893511;B
20240208;142349;7345.500000000;3;9566893512;B
20240208;142349;7345.500000000;7;9566893513;B
20240208;142349;7345.500000000;20;9566893514;B
20240208;142349;7345.500000000;73;9566893515;S
20240208;142349;7346.000000000;67;9566893516;B
20240208;142349;7346.000000000;20;9566893517;B
20240208;142349;7346.000000000;11;9566893518;S
20240208;142349;7346.000000000;2;9566893519;S
20240208;142349;7346.000000000;6;9566893520;S
20240208;142349;7346.000000000;8;9566893521;S
20240208;142349;7346.000000000;8;9566893522;S
20240208;142349;7346.000000000;8;9566893523;S
20240208;142349;7346.000000000;8;9566893524;S
20240208;142349;7346.000000000;8;9566893525;S
20240208;142349;7346.000000000;8;9566893526;S
20240208;142349;7346.000000000;8;9566893527;S
20240208;142349;7346.000000000;8;9566893528;S
20240208;142349;7346.000000000;8;9566893529;S
20240208;142349;7346.000000000;8;9566893530;S
20240208;142349;7346.000000000;8;9566893531;S
20240208;142349;7346.000000000;8;9566893532;S
20240208;142349;7346.000000000;4;9566893533;S
20240208;142349;7341.000000000;1;9566893646;S
20240208;142349;7347.000000000;20;9566893674;B
20240208;142349;7347.500000000;12;9566893711;S
20240208;142349;7347.500000000;9;9566893714;S
20240208;142349;7342.000000000;10;9566893747;S
20240208;142349;7342.000000000;11;9566893751;S
20240208;142349;7341.500000000;40;9566893752;S
20240208;142349;7341.500000000;9;9566893759;S
20240208;142349;7342.000000000;1;9566893763;B
20240208;142349;7341.500000000;4;9566893768;S
20240208;142349;7340.000000000;1;9566893776;S
20240208;142349;7340.000000000;9;9566893777;S
20240208;142349;7340.000000000;4;9566893782;B
20240208;142349;7341.500000000;4;9566893783;S
20240208;142349;7341.500000000;4;9566893787;S
20240208;142349;7348.500000000;6;9566893793;B
20240208;142349;7341.500000000;4;9566893795;S
20240208;142349;7348.500000000;6;9566893804;B
20240208;142349;7348.500000000;8;9566893810;B
20240208;142349;7348.500000000;10;9566893811;B
20240208;142349;7348.500000000;10;9566893812;S
20240208;142349;7348.500000000;10;9566893813;S
20240208;142349;7348.500000000;10;9566893814;S
20240208;142349;7348.500000000;10;9566893815;S
20240208;142349;7348.500000000;43;9566893816;S
20240208;142349;7348.500000000;1;9566893817;S
20240208;142349;7348.500000000;40;9566893818;S
20240208;142349;7348.500000000;4;9566893819;S
20240208;142349;7348.500000000;1;9566893820;S
20240208;142349;7342.500000000;5;9566893821;S
20240208;142349;7342.500000000;10;9566893822;S
20240208;142349;7343.000000000;1;9566893823;B
20240208;142350;7339.500000000;8;9566893826;S
20240208;142350;7341.500000000;10;9566893830;S
20240208;142350;7341.500000000;20;9566893831;S
20240208;142350;7340.500000000;20;9566893832;S
20240208;142350;7339.500000000;20;9566893841;S
20240208;142350;7339.500000000;21;9566893852;S
20240208;142350;7339.500000000;2;9566893854;S
20240208;142350;7339.500000000;20;9566893855;S
20240208;142350;7339.000000000;8;9566893856;S
20240208;142350;7339.000000000;2;9566893860;S
20240208;142350;7339.000000000;1;9566893861;S
20240208;142350;7343.500000000;1;9566893888;B
20240208;142350;7339.000000000;19;9566893889;S
20240208;142350;7338.500000000;1;9566893890;S
20240208;142350;7338.500000000;13;9566893891;S
20240208;142350;7338.000000000;58;9566893892;S
20240208;142350;7338.000000000;23;9566893893;S
20240208;142351;7343.500000000;1;9566893926;B
20240208;142352;7342.000000000;25;9566894001;S
20240208;142352;7341.000000000;40;9566894059;B
20240208;142353;7341.000000000;125;9566894065;B
20240208;142353;7341.000000000;10;9566894066;B
20240208;142353;7345.000000000;3;9566894084;B
20240208;142353;7345.000000000;30;9566894085;B
20240208;142353;7345.000000000;100;9566894086;B
20240208;142353;7346.000000000;13;9566894087;B
20240208;142353;7346.500000000;10;9566894088;B
20240208;142353;7348.000000000;20;9566894089;B
20240208;142353;7348.500000000;20;9566894090;B
20240208;142353;7349.500000000;40;9566894091;B
20240208;142353;7350.000000000;10;9566894092;B
20240208;142353;7350.000000000;40;9566894093;B
20240208;142353;7350.000000000;20;9566894094;B
20240208;142353;7350.500000000;194;9566894095;B
20240208;142353;7349.500000000;20;9566894099;B
20240208;142357;7345.500000000;1;9566895713;S
20240208;142357;7345.500000000;4;9566895720;S
20240208;142357;7345.500000000;1;9566895721;S
20240208;142401;7346.500000000;6;9566896896;B
20240208;142403;7346.500000000;22;9566897300;B
20240208;142404;7346.500000000;21;9566897446;B
20240208;142404;7346.500000000;4;9566897447;B
20240208;142405;7346.000000000;1;9566897564;S
20240208;142406;7346.500000000;2;9566897745;B
20240208;142406;7347.500000000;5;9566897746;B
20240208;142406;7348.000000000;25;9566897747;B
20240208;142406;7348.000000000;5;9566897748;B
20240208;142406;7348.500000000;11;9566897749;B
20240208;142406;7349.500000000;2;9566897750;B
20240208;142406;7349.500000000;7;9566897751;B
20240208;142406;7350.000000000;43;9566897752;B
20240208;142416;7347.000000000;1;9566899150;S
20240208;142417;7346.500000000;8;9566899196;S
20240208;142417;7346.000000000;5;9566899197;S
20240208;142417;7346.000000000;1;9566899198;S
20240208;142417;7346.000000000;2;9566899199;S
20240208;142420;7346.000000000;1;9566899482;S
20240208;142424;7348.000000000;2;9566899821;B
20240208;142424;7348.500000000;10;9566899822;B
20240208;142424;7349.000000000;10;9566899823;B
20240208;142427;7349.000000000;2;9566900119;B
20240208;142434;7348.000000000;10;9566900891;S
20240208;142434;7347.500000000;1;9566900892;S
20240208;142434;7347.500000000;10;9566900893;S
20240208;142434;7347.000000000;2;9566900894;S
20240208;142434;7346.500000000;2;9566900895;S
20240208;142434;7346.500000000;17;9566900896;S
20240208;142441;7348.000000000;5;9566901598;B
20240208;142442;7348.000000000;3;9566901683;B
20240208;142445;7348.000000000;1;9566901913;B
20240208;142445;7348.000000000;21;9566901914;B
20240208;142446;7348.000000000;1;9566901997;B
20240208;142457;7348.000000000;1;9566903950;B
20240208;142459;7347.500000000;2;9566904245;B
20240208;142500;7348.000000000;1;9566904673;B
20240208;142500;7347.000000000;1;9566904701;S
20240208;142504;7348.000000000;1;9566905679;B
20240208;142504;7348.000000000;10;9566905680;B
20240208;142504;7348.000000000;4;9566905681;B
20240208;142505;7348.000000000;5;9566906019;B
20240208;142506;7349.500000000;5;9566906135;B
20240208;142506;7349.500000000;17;9566906136;B
20240208;142512;7349.500000000;3;9566907618;B
20240208;142512;7350.000000000;1;9566907619;B
20240208;142512;7350.000000000;14;9566907620;B
20240208;142512;7350.000000000;1;9566907671;B
20240208;142515;7350.000000000;2;9566908133;B
20240208;142523;7349.500000000;1;9566909039;S
20240208;142523;7349.500000000;1;9566909040;S
20240208;142523;7349.500000000;1;9566909041;S
20240208;142526;7351.500000000;3;9566909535;B
20240208;142526;7351.500000000;10;9566909536;B
20240208;142526;7351.500000000;9;9566909537;B
20240208;142530;7350.500000000;17;9566909838;B
20240208;142532;7351.500000000;11;9566910066;B
20240208;142532;7352.000000000;25;9566910067;B
20240208;142532;7352.000000000;4;9566910068;B
20240208;142532;7352.500000000;25;9566910069;B
20240208;142542;7353.000000000;1;9566911191;B
20240208;142542;7353.000000000;100;9566911192;B
20240208;142542;7353.000000000;1;9566911193;B
20240208;142542;7355.000000000;10;9566911194;B
20240208;142542;7355.500000000;4;9566911195;B
20240208;142542;7355.500000000;32;9566911196;B
20240208;142542;7355.500000000;20;9566911197;B
20240208;142542;7355.500000000;20;9566911198;B
20240208;142542;7356.000000000;57;9566911199;B
20240208;142542;7356.000000000;2;9566911200;B
20240208;142542;7356.500000000;10;9566911201;B
20240208;142542;7356.500000000;1;9566911202;B
20240208;142542;7357.000000000;90;9566911203;B
20240208;142542;7357.000000000;8;9566911204;B
20240208;142542;7357.500000000;25;9566911205;B
20240208;142542;7357.500000000;32;9566911206;B
20240208;142542;7358.000000000;20;9566911207;B
20240208;142542;7358.000000000;20;9566911208;B
20240208;142542;7358.500000000;40;9566911209;B
20240208;142542;7358.500000000;32;9566911210;B
20240208;142542;7358.500000000;10;9566911211;B
20240208;142542;7358.500000000;40;9566911212;B
20240208;142542;7359.000000000;2;9566911213;B
20240208;142542;7359.500000000;25;9566911214;B
20240208;142542;7359.500000000;20;9566911215;B
20240208;142542;7360.000000000;5;9566911216;B
20240208;142542;7360.000000000;1;9566911217;B
20240208;142542;7360.000000000;5;9566911218;B
20240208;142542;7360.000000000;13;9566911219;B
20240208;142542;7360.000000000;5;9566911220;B
20240208;142542;7360.000000000;10;9566911221;B
20240208;142542;7360.000000000;32;9566911222;B
20240208;142542;7360.500000000;27;9566911223;B
20240208;142542;7361.000000000;30;9566911224;B
20240208;142542;7361.000000000;2;9566911225;B
20240208;142542;7361.000000000;5;9566911226;B
20240208;142542;7361.500000000;15;9566911227;B
20240208;142542;7361.500000000;5;9566911228;B
20240208;142542;7361.500000000;20;9566911229;B
20240208;142542;7361.500000000;12;9566911230;B
20240208;142542;7361.500000000;1;9566911231;B
20240208;142542;7361.500000000;5;9566911232;B
20240208;142542;7361.500000000;10;9566911233;B
20240208;142542;7362.000000000;25;9566911234;B
20240208;142542;7362.000000000;1;9566911235;B
20240208;142542;7362.000000000;20;9566911236;B
20240208;142542;7362.000000000;60;9566911237;B
20240208;142542;7362.000000000;1;9566911238;B
20240208;142542;7362.000000000;60;9566911239;B
20240208;142542;7362.000000000;10;9566911240;B
20240208;142542;7362.500000000;50;9566911241;B
20240208;142542;7362.500000000;5;9566911242;B
20240208;142542;7362.500000000;4;9566911243;B
20240208;142542;7362.500000000;1;9566911244;B
20240208;142542;7362.500000000;20;9566911245;B
20240208;142542;7362.500000000;10;9566911246;B
20240208;142542;7363.000000000;23;9566911247;B
20240208;142542;7363.000000000;5;9566911248;B
20240208;142542;7363.000000000;175;9566911249;B
20240208;142542;7358.000000000;4;9566911250;B
20240208;142542;7360.500000000;8;9566911253;B
20240208;142542;7360.500000000;4;9566911288;B
20240208;142542;7361.000000000;29;9566911289;B
20240208;142542;7361.500000000;102;9566911290;B
20240208;142542;7361.500000000;1;9566911322;B
20240208;142542;7361.500000000;20;9566911323;B
20240208;142542;7362.500000000;10;9566911324;B
20240208;142542;7362.500000000;27;9566911325;B
20240208;142542;7362.500000000;5;9566911326;B
20240208;142542;7362.500000000;2;9566911327;B
20240208;142542;7362.500000000;48;9566911328;B
20240208;142542;7363.000000000;25;9566911329;B
20240208;142542;7363.000000000;1137;9566911330;B
20240208;142542;7363.000000000;20;9566911331;B
20240208;142543;7363.000000000;38;9566911355;B
20240208;142543;7363.000000000;40;9566911364;B
20240208;142543;7363.000000000;52;9566911405;B
20240208;142543;7363.000000000;25;9566911406;B
20240208;142543;7363.000000000;8;9566911425;B
20240208;142543;7363.000000000;9;9566911426;B
20240208;142543;7363.500000000;5;9566911427;B
20240208;142543;7364.000000000;1;9566911428;B
20240208;142543;7364.000000000;5;9566911429;B
20240208;142543;7364.000000000;10;9566911430;B
20240208;142543;7364.000000000;100;9566911431;B
20240208;142543;7364.000000000;30;9566911432;B
20240208;142543;7364.000000000;40;9566911433;B
20240208;142543;7364.000000000;60;9566911434;B
20240208;142543;7364.000000000;2;9566911435;B
20240208;142543;7364.500000000;5;9566911436;B
20240208;142543;7364.500000000;1;9566911437;B
20240208;142543;7364.500000000;10;9566911438;B
20240208;142543;7364.500000000;25;9566911439;B
20240208;142543;7364.500000000;1;9566911440;B
20240208;142543;7364.500000000;9;9566911441;B
20240208;142543;7365.000000000;1;9566911442;B
20240208;142543;7365.000000000;7;9566911443;B
20240208;142543;7365.000000000;15;9566911444;B
20240208;142543;7365.000000000;5;9566911445;B
20240208;142543;7365.000000000;100;9566911446;B
20240208;142543;7365.000000000;1;9566911447;B
20240208;142543;7365.000000000;88;9566911448;B
20240208;142543;7365.000000000;62;9566911449;B
20240208;142543;7365.000000000;188;9566911450;B
20240208;142543;7365.000000000;22;9566911452;B
20240208;142543;7365.000000000;40;9566911458;B
20240208;142543;7365.000000000;500;9566911462;B
20240208;142543;7365.000000000;150;9566911473;B
20240208;142543;7365.000000000;250;9566911475;B
20240208;142543;7362.000000000;5;9566911479;B
20240208;142543;7365.000000000;500;9566911480;B
20240208;142543;7365.000000000;400;9566911481;B
20240208;142543;7365.000000000;1;9566911483;B
20240208;142543;7365.000000000;150;9566911488;B
20240208;142543;7365.000000000;1000;9566911492;B
20240208;142543;7365.000000000;250;9566911496;B
20240208;142543;7365.000000000;40;9566911500;B
20240208;142543;7365.000000000;500;9566911501;B
20240208;142544;7365.000000000;9;9566911511;B
20240208;142544;7366.000000000;5;9566911512;B
20240208;142544;7366.000000000;3;9566911513;B
20240208;142544;7366.000000000;4;9566911514;B
20240208;142544;7366.500000000;129;9566911515;B
20240208;142544;7366.500000000;71;9566911521;B
20240208;142544;7366.500000000;27;9566911522;B
20240208;142544;7367.000000000;155;9566911523;B
20240208;142544;7367.000000000;243;9566911524;B
20240208;142544;7367.000000000;4;9566911525;B
20240208;142544;7367.000000000;257;9566911546;B
20240208;142544;7367.500000000;3;9566911547;B
20240208;142544;7367.500000000;140;9566911548;B
20240208;142544;7367.500000000;60;9566911549;B
20240208;142544;7367.500000000;2;9566911550;B
20240208;142544;7368.000000000;9;9566911551;B
20240208;142544;7368.000000000;5;9566911552;B
20240208;142544;7368.000000000;20;9566911553;B
20240208;142544;7368.000000000;2;9566911554;B
20240208;142544;7368.000000000;15;9566911555;B
20240208;142544;7368.000000000;100;9566911556;B
20240208;142544;7368.000000000;225;9566911557;B
20240208;142544;7368.000000000;407;9566911558;B
20240208;142544;7368.500000000;1;9566911559;B
20240208;142544;7368.500000000;153;9566911560;B
20240208;142544;7368.500000000;150;9566911566;B
20240208;142544;7368.500000000;197;9566911568;B
20240208;142544;7368.500000000;203;9566911569;B
20240208;142544;7368.500000000;297;9566911583;B
20240208;142544;7369.000000000;7;9566911584;B
20240208;142544;7369.000000000;1;9566911585;B
20240208;142544;7369.000000000;10;9566911586;B
20240208;142544;7369.000000000;3;9566911587;B
20240208;142544;7369.000000000;682;9566911588;B
20240208;142544;7366.000000000;7;9566911589;S
20240208;142544;7369.000000000;400;9566911593;B
20240208;142544;7369.000000000;500;9566911595;B
20240208;142544;7369.000000000;1000;9566911597;B
20240208;142544;7369.000000000;400;9566911598;B
20240208;142544;7369.000000000;500;9566911609;B
20240208;142544;7369.000000000;178;9566911610;B
20240208;142544;7369.000000000;5;9566911611;B
20240208;142544;7369.000000000;3;9566911612;B
20240208;142544;7369.000000000;1;9566911613;B
20240208;142544;7369.000000000;1;9566911614;B
20240208;142544;7369.000000000;1;9566911615;B
20240208;142544;7369.000000000;1;9566911616;B
20240208;142544;7369.000000000;1;9566911617;B
20240208;142544;7369.000000000;1;9566911618;B
20240208;142544;7369.000000000;1;9566911619;B
20240208;142544;7369.000000000;1;9566911620;B
20240208;142544;7369.000000000;5;9566911621;B
20240208;142544;7369.500000000;4;9566911622;B
20240208;142544;7369.500000000;100;9566911623;B
20240208;142544;7369.500000000;1;9566911624;B
20240208;142544;7370.000000000;100;9566911625;B
20240208;142544;7370.000000000;300;9566911626;B
20240208;142544;7370.000000000;1;9566911627;B
20240208;142544;7370.000000000;4;9566911628;B
20240208;142544;7370.000000000;1;9566911629;B
20240208;142544;7370.000000000;1;9566911630;B
20240208;142544;7370.000000000;1;9566911631;B
20240208;142544;7370.000000000;1;9566911632;B
20240208;142544;7370.000000000;287;9566911633;B
20240208;142544;7370.000000000;400;9566911637;B
20240208;142544;7370.000000000;250;9566911638;B
20240208;142544;7370.000000000;63;9566911639;B
20240208;142544;7370.000000000;5;9566911640;B
20240208;142544;7370.000000000;1;9566911641;B
20240208;142544;7370.000000000;6;9566911642;B
20240208;142544;7370.000000000;2;9566911643;B
20240208;142544;7370.000000000;10;9566911644;B
20240208;142544;7370.000000000;24;9566911645;B
20240208;142544;7370.000000000;20;9566911646;B
20240208;142544;7370.000000000;1;9566911647;B
20240208;142544;7370.000000000;450;9566911648;B
20240208;142544;7370.000000000;59;9566911649;B
20240208;142544;7370.000000000;36;9566911650;B
20240208;142544;7370.000000000;2;9566911651;B
20240208;142544;7370.000000000;2;9566911652;B
20240208;142544;7370.000000000;1;9566911653;B
20240208;142544;7370.000000000;1;9566911654;B
20240208;142544;7370.000000000;1;9566911655;B
20240208;142544;7370.000000000;1;9566911656;B
20240208;142544;7370.000000000;5;9566911657;B
20240208;142544;7370.000000000;10;9566911658;B
20240208;142544;7370.000000000;1;9566911659;B
20240208;142544;7370.000000000;1;9566911660;B
20240208;142544;7370.000000000;1;9566911661;B
20240208;142544;7370.000000000;1;9566911662;B
20240208;142544;7370.000000000;20;9566911663;B
20240208;142544;7370.000000000;247;9566911664;B
20240208;142544;7370.000000000;1;9566911665;B
20240208;142544;7370.000000000;82;9566911666;B
20240208;142544;7368.500000000;7;9566911669;B
20240208;142544;7368.500000000;25;9566911677;B
20240208;142544;7370.000000000;418;9566911678;B
20240208;142544;7370.000000000;1;9566911679;B
20240208;142544;7370.000000000;4;9566911680;B
20240208;142544;7370.500000000;2;9566911681;B
20240208;142544;7370.000000000;1;9566911682;S
20240208;142544;7371.000000000;2;9566911683;B
20240208;142544;7371.000000000;1;9566911684;B
20240208;142544;7371.000000000;1;9566911685;B
20240208;142544;7370.500000000;2;9566911688;S
20240208;142544;7372.000000000;5;9566911689;B
20240208;142544;7372.000000000;20;9566911690;B
20240208;142544;7372.500000000;5;9566911691;B
20240208;142544;7372.500000000;1;9566911692;B
20240208;142544;7372.500000000;1;9566911693;B
20240208;142544;7372.500000000;1;9566911694;B
20240208;142544;7372.500000000;1;9566911695;B
20240208;142544;7372.500000000;2;9566911696;B
20240208;142544;7373.000000000;7;9566911697;B
20240208;142544;7373.000000000;1;9566911698;B
20240208;142544;7373.000000000;1;9566911699;B
20240208;142544;7373.000000000;250;9566911700;B
20240208;142544;7373.000000000;3;9566911701;B
20240208;142544;7373.000000000;10;9566911702;B
20240208;142544;7373.000000000;27;9566911703;B
20240208;142544;7373.500000000;1;9566911704;B
20240208;142544;7373.500000000;5;9566911705;B
20240208;142544;7373.500000000;2;9566911706;B
20240208;142544;7373.500000000;1;9566911707;B
20240208;142544;7373.500000000;1;9566911708;B
20240208;142544;7373.500000000;1;9566911709;B
20240208;142544;7374.000000000;1;9566911710;B
20240208;142544;7374.000000000;2;9566911711;B
20240208;142544;7374.000000000;5;9566911712;B
20240208;142544;7374.000000000;20;9566911713;B
20240208;142544;7374.500000000;3;9566911714;B
20240208;142544;7374.500000000;2;9566911715;B
20240208;142544;7374.500000000;1;9566911716;B
20240208;142544;7375.000000000;1;9566911717;B
20240208;142544;7375.000000000;1;9566911718;B
20240208;142544;7375.000000000;1;9566911719;B
20240208;142544;7375.000000000;10;9566911720;B
20240208;142544;7375.000000000;5;9566911721;B
20240208;142544;7375.000000000;2;9566911722;B
20240208;142544;7373.500000000;4;9566911725;B
20240208;142544;7374.500000000;27;9566911726;B
20240208;142544;7375.000000000;18;9566911727;B
20240208;142544;7375.000000000;1;9566911728;B
20240208;142544;7375.000000000;1;9566911729;B
20240208;142544;7375.000000000;10;9566911730;B
20240208;142544;7375.000000000;2;9566911731;B
20240208;142544;7375.000000000;1;9566911732;B
20240208;142544;7375.000000000;5;9566911733;B
20240208;142544;7375.000000000;131;9566911734;B
20240208;142544;7370.500000000;1;9566911737;S
20240208;142544;7370.500000000;4;9566911739;S
20240208;142544;7375.000000000;69;9566911740;B
20240208;142544;7375.000000000;1;9566911741;B
20240208;142544;7375.000000000;4;9566911742;B
20240208;142544;7375.000000000;5;9566911743;B
20240208;142544;7375.000000000;4;9566911744;B
20240208;142544;7375.000000000;1;9566911745;B
20240208;142544;7375.000000000;5;9566911746;B
20240208;142544;7375.000000000;1;9566911747;B
20240208;142544;7375.000000000;1;9566911748;B
20240208;142544;7375.000000000;1;9566911749;B
20240208;142544;7375.000000000;6;9566911750;B
20240208;142544;7375.000000000;15;9566911751;B
20240208;142544;7375.000000000;20;9566911752;B
20240208;142544;7375.500000000;5;9566911753;B
20240208;142544;7375.500000000;4;9566911754;B
20240208;142544;7376.000000000;19;9566911755;B
20240208;142544;7376.500000000;5;9566911756;B
20240208;142544;7376.500000000;34;9566911757;B
20240208;142544;7376.500000000;16;9566911759;B
20240208;142544;7376.500000000;40;9566911760;B
20240208;142544;7377.000000000;15;9566911761;B
20240208;142544;7377.000000000;1;9566911762;B
20240208;142544;7377.000000000;1;9566911763;B
20240208;142544;7377.000000000;3;9566911764;B
20240208;142544;7377.500000000;2;9566911765;B
20240208;142544;7377.500000000;15;9566911766;B
20240208;142544;7377.500000000;1;9566911767;B
20240208;142544;7373.000000000;2;9566911769;S
20240208;142544;7375.000000000;9;9566911771;S
20240208;142544;7375.000000000;4;9566911780;S
20240208;142544;7378.000000000;1;9566911783;B
20240208;142544;7378.000000000;1;9566911784;B
20240208;142544;7378.000000000;50;9566911785;B
20240208;142544;7378.000000000;1;9566911786;B
20240208;142544;7378.000000000;446;9566911787;B
20240208;142545;7375.500000000;1;9566911795;S
20240208;142545;7378.000000000;135;9566911800;B
20240208;142545;7378.000000000;1;9566911801;B
20240208;142545;7378.000000000;1;9566911802;B
20240208;142545;7378.000000000;50;9566911803;B
20240208;142545;7378.000000000;250;9566911804;B
20240208;142545;7378.000000000;18;9566911805;B
20240208;142545;7378.000000000;5;9566911806;B
20240208;142545;7378.000000000;5;9566911807;B
20240208;142545;7378.000000000;5;9566911808;B
20240208;142545;7378.000000000;2;9566911809;B
20240208;142545;7378.500000000;4;9566911810;B
20240208;142545;7378.500000000;115;9566911811;B
20240208;142545;7378.500000000;60;9566911812;B
20240208;142545;7378.500000000;1;9566911813;B
20240208;142545;7378.500000000;4;9566911814;B
20240208;142545;7379.000000000;5;9566911815;B
20240208;142545;7379.000000000;50;9566911816;B
20240208;142545;7379.000000000;60;9566911817;B
20240208;142545;7379.000000000;3;9566911818;B
20240208;142545;7379.000000000;5;9566911819;B
20240208;142545;7379.000000000;6;9566911820;B
20240208;142545;7379.000000000;5;9566911821;B
20240208;142545;7379.000000000;10;9566911822;B
20240208;142545;7379.000000000;7;9566911823;B
20240208;142545;7379.000000000;40;9566911824;B
20240208;142545;7379.000000000;4;9566911825;B
20240208;142545;7379.000000000;2;9566911826;B
20240208;142545;7379.000000000;1;9566911827;B
20240208;142545;7379.000000000;50;9566911828;B
20240208;142545;7379.000000000;100;9566911829;B
20240208;142545;7379.000000000;15;9566911830;B
20240208;142545;7379.000000000;1;9566911831;B
20240208;142545;7379.000000000;50;9566911832;B
20240208;142545;7379.000000000;2;9566911833;B
20240208;142545;7379.000000000;9;9566911834;B
20240208;142545;7379.000000000;10;9566911835;B
20240208;142545;7379.500000000;10;9566911836;B
20240208;142545;7379.500000000;5;9566911837;B
20240208;142545;7379.500000000;2;9566911838;B
20240208;142545;7379.500000000;1;9566911839;B
20240208;142545;7379.500000000;2;9566911840;B
20240208;142545;7379.500000000;13;9566911841;B
20240208;142545;7379.500000000;10;9566911842;B
20240208;142545;7380.000000000;6;9566911843;B
20240208;142545;7380.000000000;1;9566911844;B
20240208;142545;7380.000000000;2;9566911845;B
20240208;142545;7380.000000000;2;9566911846;B
20240208;142545;7380.000000000;12;9566911847;B
20240208;142545;7380.000000000;30;9566911848;B
20240208;142545;7380.000000000;6;9566911849;B
20240208;142545;7380.000000000;1;9566911850;B
20240208;142545;7380.000000000;3;9566911851;B
20240208;142545;7380.000000000;7;9566911852;B
20240208;142545;7380.000000000;28;9566911853;B
20240208;142545;7380.000000000;11;9566911854;B
20240208;142545;7380.000000000;3;9566911855;B
20240208;142545;7380.000000000;10;9566911856;B
20240208;142545;7380.000000000;15;9566911857;B
20240208;142545;7380.000000000;1;9566911858;B
20240208;142545;7380.000000000;7;9566911859;B
20240208;142545;7380.000000000;4;9566911860;B
20240208;142545;7380.000000000;27;9566911861;B
20240208;142545;7380.000000000;1;9566911862;B
20240208;142545;7380.000000000;3;9566911863;B
20240208;142545;7380.000000000;3;9566911864;B
20240208;142545;7380.000000000;3;9566911865;B
20240208;142545;7380.000000000;3;9566911866;B
20240208;142545;7380.000000000;2;9566911867;B
20240208;142545;7380.000000000;1;9566911868;B
20240208;142545;7380.000000000;1;9566911869;B
20240208;142545;7380.000000000;5;9566911870;B
20240208;142545;7380.000000000;2;9566911871;B
20240208;142545;7380.000000000;1;9566911872;B
20240208;142545;7380.000000000;1;9566911873;B
20240208;142545;7380.000000000;174;9566911874;B
20240208;142545;7380.000000000;1;9566911875;B
20240208;142545;7380.000000000;26;9566911876;B
20240208;142545;7380.000000000;1;9566911877;B
20240208;142545;7380.000000000;50;9566911878;B
20240208;142545;7380.000000000;5;9566911879;B
20240208;142545;7380.000000000;1;9566911880;B
20240208;142545;7380.000000000;4;9566911881;B
20240208;142545;7380.000000000;5;9566911882;B
20240208;142545;7380.000000000;5;9566911883;B
20240208;142545;7380.000000000;1;9566911884;B
20240208;142545;7380.000000000;391;9566911885;B
20240208;142545;7380.000000000;2;9566911891;B
20240208;142545;7375.500000000;20;9566911892;S
20240208;142545;7375.500000000;10;9566911893;S
20240208;142545;7380.000000000;7;9566911897;B
20240208;142545;7380.000000000;7;9566911898;B
20240208;142545;7380.000000000;5;9566911899;B
20240208;142545;7380.000000000;175;9566911900;B
20240208;142545;7380.000000000;6;9566911901;B
20240208;142545;7377.500000000;15;9566911905;S
20240208;142545;7380.000000000;24;9566911910;B
20240208;142545;7380.000000000;25;9566911911;B
20240208;142545;7380.000000000;3;9566911912;B
20240208;142545;7380.000000000;5;9566911913;B
20240208;142545;7380.000000000;6;9566911914;B
20240208;142545;7380.000000000;5;9566911915;B
20240208;142545;7380.000000000;50;9566911916;B
20240208;142545;7380.000000000;1;9566911917;B
20240208;142545;7380.000000000;5;9566911918;B
20240208;142545;7380.000000000;59;9566911919;B
20240208;142545;7380.000000000;1;9566911920;B
20240208;142545;7380.000000000;1;9566911921;B
20240208;142545;7380.000000000;25;9566911922;B
20240208;142545;7380.000000000;1;9566911923;B
20240208;142545;7380.000000000;200;9566911924;B
20240208;142545;7380.000000000;1;9566911925;B
20240208;142545;7380.000000000;1;9566911926;B
20240208;142545;7380.000000000;2678;9566911927;B
20240208;142545;7380.000000000;10;9566911928;B
20240208;142545;7380.000000000;2;9566911929;B
20240208;142545;7380.000000000;100;9566911930;B
20240208;142545;7380.000000000;15;9566911931;B
20240208;142545;7380.000000000;1;9566911932;B
20240208;142545;7380.000000000;10;9566911933;B
20240208;142545;7380.000000000;1;9566911934;B
20240208;142545;7380.000000000;1;9566911935;B
20240208;142545;7380.000000000;2;9566911936;B
20240208;142545;7380.000000000;2;9566911937;B
20240208;142545;7380.000000000;4;9566911938;B
20240208;142545;7380.000000000;8;9566911939;B
20240208;142545;7380.000000000;1;9566911940;B
20240208;142545;7380.000000000;1;9566911941;B
20240208;142545;7380.000000000;5;9566911942;B
20240208;142545;7380.000000000;5;9566911943;B
20240208;142545;7380.000000000;50;9566911944;B
20240208;142545;7380.000000000;50;9566911945;B
20240208;142545;7380.000000000;50;9566911946;B
20240208;142545;7380.000000000;2;9566911947;B
20240208;142545;7380.000000000;400;9566911948;B
20240208;142545;7380.000000000;3;9566911949;B
20240208;142545;7380.000000000;1;9566911950;B
20240208;142545;7380.000000000;152;9566911951;B
20240208;142545;7380.000000000;1;9566911952;B
20240208;142545;7380.500000000;32;9566911953;B
20240208;142545;7380.500000000;7;9566911954;B
20240208;142545;7377.500000000;1;9566911956;S
20240208;142545;7377.500000000;1;9566911957;S
20240208;142545;7377.500000000;1;9566911959;S
20240208;142545;7377.500000000;1;9566911961;S
20240208;142545;7377.500000000;3;9566911962;S
20240208;142545;7377.500000000;13;9566911963;S
20240208;142545;7378.000000000;20;9566911964;S
20240208;142545;7377.500000000;2;9566911965;S
20240208;142545;7377.500000000;3;9566911966;S
20240208;142545;7380.000000000;5;9566911967;B
20240208;142545;7377.500000000;15;9566911968;S
20240208;142545;7377.500000000;5;9566911969;S
20240208;142545;7377.500000000;8;9566911970;S
20240208;142545;7381.000000000;1;9566911971;B
20240208;142545;7378.000000000;1;9566911973;S
20240208;142545;7377.500000000;3;9566911974;S
20240208;142545;7377.500000000;2;9566911975;S
20240208;142545;7377.500000000;1;9566911976;S
20240208;142545;7377.500000000;14;9566911977;S
20240208;142545;7377.500000000;14;9566911978;S
20240208;142545;7377.500000000;2;9566911979;S
20240208;142545;7377.500000000;45;9566911981;S
20240208;142545;7377.500000000;16;9566911983;S
20240208;142545;7377.500000000;9;9566911984;S
20240208;142545;7380.000000000;1;9566911985;B
20240208;142545;7380.000000000;2;9566911986;B
20240208;142545;7380.000000000;1;9566911987;B
20240208;142545;7380.000000000;1;9566911988;B
20240208;142545;7380.000000000;1;9566911989;B
20240208;142545;7381.000000000;3;9566911990;B
20240208;142545;7381.000000000;2;9566911991;B
20240208;142545;7381.500000000;1;9566911992;B
20240208;142545;7381.500000000;5;9566911993;B
20240208;142545;7381.500000000;5;9566911994;S
20240208;142545;7381.500000000;2;9566911996;S
20240208;142545;7382.000000000;2;9566911997;B
20240208;142545;7382.500000000;5;9566911998;B
20240208;142545;7382.500000000;5;9566912000;S
20240208;142545;7382.500000000;5;9566912003;S
20240208;142545;7382.500000000;3;9566912004;S
20240208;142545;7382.500000000;2;9566912005;S
20240208;142545;7382.500000000;2;9566912006;S
20240208;142545;7382.500000000;1;9566912007;S
20240208;142545;7382.500000000;5;9566912008;S
20240208;142545;7382.500000000;1;9566912009;S
20240208;142545;7382.500000000;1;9566912010;S
20240208;142545;7382.500000000;6;9566912011;S
20240208;142545;7382.500000000;5;9566912012;S
20240208;142545;7382.500000000;2;9566912014;S
20240208;142545;7382.500000000;1;9566912015;S
20240208;142545;7382.500000000;4;9566912016;S
20240208;142545;7381.500000000;8;9566912017;S
20240208;142545;7381.500000000;2;9566912019;S
20240208;142545;7381.500000000;1;9566912020;S
20240208;142545;7381.500000000;4;9566912021;S
20240208;142545;7381.500000000;1;9566912022;S
20240208;142545;7381.500000000;2;9566912023;S
20240208;142545;7381.500000000;67;9566912025;S
20240208;142545;7379.000000000;44;9566912026;S
20240208;142545;7378.500000000;20;9566912027;S
20240208;142545;7378.500000000;139;9566912028;S
20240208;142545;7378.000000000;10;9566912029;S
20240208;142545;7378.000000000;4;9566912030;B
20240208;142545;7378.000000000;107;9566912031;B
20240208;142545;7377.500000000;5;9566912032;S
20240208;142545;7378.000000000;20;9566912033;B
20240208;142545;7377.500000000;1;9566912034;S
20240208;142545;7377.500000000;1;9566912036;S
20240208;142545;7377.500000000;4;9566912038;S
20240208;142545;7377.500000000;20;9566912039;S
20240208;142545;7377.500000000;10;9566912040;S
20240208;142545;7377.000000000;180;9566912041;S
20240208;142545;7376.000000000;20;9566912042;S
20240208;142545;7375.000000000;10;9566912043;S
20240208;142545;7374.500000000;70;9566912044;S
20240208;142545;7374.000000000;686;9566912045;S
20240208;142545;7374.000000000;8;9566912046;S
20240208;142545;7374.500000000;10;9566912047;S
20240208;142545;7374.500000000;5;9566912052;S
20240208;142545;7374.000000000;13;9566912055;S
20240208;142545;7374.000000000;2;9566912056;S
20240208;142545;7375.000000000;4;9566912057;B
20240208;142545;7374.000000000;1;9566912058;S
20240208;142545;7374.000000000;20;9566912061;S
20240208;142545;7374.000000000;2;9566912065;S
20240208;142545;7375.000000000;16;9566912066;B
20240208;142545;7375.000000000;1;9566912067;B
20240208;142545;7376.000000000;1;9566912068;B
20240208;142545;7376.000000000;2;9566912069;B
20240208;142545;7377.500000000;21;9566912070;B
20240208;142545;7378.000000000;89;9566912071;B
20240208;142545;7379.000000000;1;9566912072;B
20240208;142545;7379.000000000;4;9566912073;B
20240208;142545;7379.000000000;1;9566912074;B
20240208;142545;7379.500000000;2;9566912075;B
20240208;142545;7379.500000000;58;9566912076;B
20240208;142545;7379.500000000;4;9566912077;B
20240208;142545;7374.000000000;10;9566912078;S
20240208;142545;7375.000000000;2;9566912085;B
20240208;142545;7375.500000000;1;9566912086;B
20240208;142545;7379.000000000;2;9566912087;B
20240208;142545;7379.000000000;21;9566912088;B
20240208;142545;7379.500000000;14;9566912089;B
20240208;142545;7379.000000000;21;9566912093;B
20240208;142545;7379.500000000;29;9566912094;B
20240208;142545;7374.500000000;7;9566912095;S
20240208;142545;7374.500000000;1;9566912096;S
20240208;142545;7374.500000000;2;9566912098;S
20240208;142545;7374.500000000;2;9566912099;S
20240208;142545;7375.000000000;10;9566912100;B
20240208;142545;7379.000000000;21;9566912101;B
20240208;142545;7379.500000000;93;9566912102;B
20240208;142545;7380.000000000;2;9566912103;B
20240208;142545;7380.000000000;1;9566912104;B
20240208;142545;7380.000000000;1;9566912105;B
20240208;142545;7380.000000000;1;9566912106;B
20240208;142545;7380.000000000;79;9566912107;B
20240208;142545;7380.000000000;3;9566912108;B
20240208;142545;7380.000000000;1;9566912109;B
20240208;142545;7380.000000000;2;9566912110;B
20240208;142545;7380.500000000;15;9566912111;B
20240208;142545;7382.000000000;10;9566912112;B
20240208;142545;7382.500000000;20;9566912113;B
20240208;142545;7383.000000000;3;9566912114;B
20240208;142545;7383.000000000;80;9566912115;B
20240208;142545;7383.000000000;207;9566912116;B
20240208;142545;7383.500000000;20;9566912117;B
20240208;142545;7384.000000000;60;9566912118;B
20240208;142545;7384.000000000;1;9566912119;B
20240208;142545;7384.500000000;1;9566912120;B
20240208;142545;7384.500000000;200;9566912121;B
20240208;142545;7384.500000000;169;9566912122;B
20240208;142545;7376.000000000;4;9566912125;B
20240208;142545;7384.000000000;10;9566912130;B
20240208;142545;7384.000000000;1;9566912131;B
20240208;142545;7384.000000000;10;9566912132;B
20240208;142545;7384.000000000;10;9566912133;B
20240208;142545;7384.500000000;31;9566912134;B
20240208;142545;7384.500000000;21;9566912135;B
20240208;142545;7384.500000000;1;9566912137;S
20240208;142545;7384.500000000;4;9566912138;S
20240208;142545;7384.500000000;14;9566912139;S
20240208;142545;7384.500000000;1;9566912140;S
20240208;142545;7384.500000000;17;9566912141;S
20240208;142545;7384.500000000;1;9566912144;S
20240208;142545;7384.500000000;3;9566912147;S
20240208;142545;7384.500000000;2;9566912148;S
20240208;142545;7384.500000000;1;9566912149;S
20240208;142545;7384.500000000;5;9566912150;S
20240208;142545;7384.500000000;2;9566912152;S
20240208;142545;7384.500000000;31;9566912153;S
20240208;142545;7384.500000000;2;9566912154;S
20240208;142545;7384.500000000;8;9566912155;S
20240208;142545;7384.500000000;1;9566912157;S
20240208;142545;7384.500000000;3;9566912159;S
20240208;142545;7384.500000000;1;9566912160;S
20240208;142545;7384.500000000;1;9566912161;S
20240208;142545;7384.500000000;5;9566912165;S
20240208;142545;7384.500000000;1;9566912166;S
20240208;142545;7385.000000000;1;9566912167;B
20240208;142545;7385.000000000;1;9566912168;B
20240208;142545;7385.000000000;1;9566912169;B
20240208;142545;7385.000000000;12;9566912170;B
20240208;142545;7384.500000000;1;9566912173;S
20240208;142545;7384.500000000;1;9566912175;S
20240208;142545;7384.500000000;2;9566912177;S
20240208;142545;7384.500000000;16;9566912178;S
20240208;142545;7384.500000000;6;9566912179;S
20240208;142545;7384.500000000;1;9566912180;S
20240208;142545;7384.500000000;1;9566912181;S
20240208;142545;7385.000000000;63;9566912187;B
20240208;142545;7385.000000000;16;9566912188;B
20240208;142545;7385.000000000;1;9566912189;B
20240208;142545;7385.000000000;7;9566912190;B
20240208;142545;7384.500000000;8;9566912191;S
20240208;142545;7384.500000000;12;9566912192;S
20240208;142545;7384.500000000;3;9566912193;S
20240208;142545;7384.500000000;1;9566912194;S
20240208;142545;7384.500000000;1;9566912197;S
20240208;142546;7384.500000000;1;9566912198;S
20240208;142546;7384.500000000;2;9566912199;S
20240208;142546;7384.500000000;1;9566912201;S
20240208;142546;7384.500000000;1;9566912204;S
20240208;142546;7384.500000000;1;9566912205;S
20240208;142546;7384.500000000;2;9566912206;S
20240208;142546;7384.500000000;4;9566912207;S
20240208;142546;7384.500000000;2;9566912209;S
20240208;142546;7384.500000000;4;9566912210;S
20240208;142546;7384.500000000;2;9566912211;S
20240208;142546;7384.500000000;3;9566912212;S
20240208;142546;7384.500000000;1;9566912214;S
20240208;142546;7384.500000000;1;9566912215;S
20240208;142546;7385.000000000;1;9566912217;B
20240208;142546;7384.500000000;61;9566912218;S
20240208;142546;7384.500000000;1;9566912220;S
20240208;142546;7384.500000000;20;9566912221;S
20240208;142546;7384.500000000;1;9566912222;S
20240208;142546;7384.500000000;1;9566912224;S
20240208;142546;7384.500000000;1;9566912230;S
20240208;142546;7384.500000000;27;9566912231;S
20240208;142546;7384.500000000;1;9566912233;S
20240208;142546;7384.500000000;5;9566912237;S
20240208;142546;7384.500000000;3;9566912239;S
20240208;142546;7384.500000000;1;9566912244;S
20240208;142546;7384.500000000;177;9566912245;S
20240208;142546;7384.500000000;2;9566912248;S
20240208;142546;7384.500000000;12;9566912249;S
20240208;142546;7384.500000000;1;9566912250;S
20240208;142546;7384.500000000;1;9566912251;S
20240208;142546;7384.500000000;1;9566912252;S
20240208;142546;7384.500000000;1;9566912256;S
20240208;142546;7384.500000000;2;9566912257;S
20240208;142546;7384.500000000;1;9566912272;S
20240208;142546;7384.500000000;1;9566912273;S
20240208;142546;7384.500000000;74;9566912276;S
20240208;142546;7384.500000000;1;9566912281;S
20240208;142546;7384.500000000;19;9566912282;S
20240208;142546;7385.000000000;5;9566912285;B
20240208;142546;7385.000000000;3;9566912286;B
20240208;142546;7385.000000000;3;9566912287;B
20240208;142546;7385.000000000;14;9566912288;B
20240208;142546;7385.000000000;25;9566912289;B
20240208;142546;7384.500000000;1;9566912290;S
20240208;142546;7384.500000000;1;9566912291;S
20240208;142546;7384.500000000;1;9566912296;S
20240208;142546;7385.000000000;7;9566912297;B
20240208;142546;7385.500000000;1;9566912298;B
20240208;142546;7385.500000000;1;9566912299;B
20240208;142546;7385.500000000;21;9566912300;B
20240208;142546;7385.500000000;10;9566912301;S
20240208;142546;7385.500000000;30;9566912302;S
20240208;142546;7385.500000000;10;9566912303;S
20240208;142546;7385.500000000;4;9566912305;S
20240208;142546;7385.500000000;1;9566912308;S
20240208;142546;7385.500000000;1;9566912309;S
20240208;142546;7385.500000000;2;9566912310;S
20240208;142546;7385.500000000;4;9566912311;S
20240208;142546;7385.500000000;2;9566912312;S
20240208;142546;7385.500000000;2;9566912313;S
20240208;142546;7385.500000000;140;9566912315;S
20240208;142546;7385.500000000;1;9566912316;S
20240208;142546;7385.500000000;2;9566912317;S
20240208;142546;7385.500000000;3;9566912318;S
20240208;142546;7385.500000000;1;9566912319;S
20240208;142546;7386.000000000;50;9566912320;B
20240208;142546;7385.500000000;1;9566912321;S
20240208;142546;7385.500000000;5;9566912322;S
20240208;142546;7386.000000000;100;9566912323;B
20240208;142546;7385.500000000;30;9566912324;S
20240208;142546;7385.500000000;1;9566912325;S
20240208;142546;7385.500000000;1;9566912328;S
20240208;142546;7385.500000000;5;9566912329;S
20240208;142546;7385.500000000;1;9566912330;S
20240208;142546;7385.500000000;40;9566912331;S
20240208;142546;7385.500000000;1;9566912336;S
20240208;142546;7385.500000000;1;9566912339;S
20240208;142546;7385.500000000;5;9566912340;S
20240208;142546;7385.500000000;1;9566912341;S
20240208;142546;7385.500000000;11;9566912343;S
20240208;142546;7385.500000000;4;9566912344;S
20240208;142546;7385.500000000;15;9566912345;S
20240208;142546;7385.500000000;70;9566912348;S
20240208;142546;7385.500000000;1;9566912349;S
20240208;142546;7385.500000000;3;9566912350;S
20240208;142546;7385.500000000;3;9566912353;S
20240208;142546;7386.000000000;15;9566912354;B
20240208;142546;7385.500000000;1;9566912355;S
20240208;142546;7385.500000000;1;9566912356;S
20240208;142546;7385.500000000;1;9566912358;S
20240208;142546;7385.500000000;36;9566912359;S
20240208;142546;7385.500000000;1;9566912360;S
20240208;142546;7385.500000000;10;9566912361;S
20240208;142546;7386.000000000;5;9566912362;B
20240208;142546;7385.500000000;1;9566912363;S
20240208;142546;7386.000000000;50;9566912365;B
20240208;142546;7385.500000000;6;9566912367;S
20240208;142546;7385.500000000;1;9566912370;S
20240208;142546;7385.500000000;1;9566912371;S
20240208;142546;7385.500000000;2;9566912372;S
20240208;142546;7385.500000000;7;9566912373;S
20240208;142546;7385.500000000;5;9566912376;S
20240208;142546;7386.000000000;15;9566912378;B
20240208;142546;7385.500000000;5;9566912384;S
20240208;142546;7385.500000000;5;9566912385;S
20240208;142546;7385.500000000;40;9566912388;S
20240208;142546;7386.000000000;8;9566912389;B
20240208;142546;7385.500000000;1;9566912395;S
20240208;142546;7386.000000000;18;9566912396;B
20240208;142546;7385.500000000;2;9566912414;S
20240208;142546;7385.500000000;5;9566912417;S
20240208;142546;7386.000000000;15;9566912418;B
20240208;142546;7386.000000000;42;9566912421;B
20240208;142546;7386.500000000;40;9566912422;B
20240208;142546;7386.500000000;18;9566912423;B
20240208;142547;7385.500000000;5;9566912426;S
20240208;142547;7385.500000000;1;9566912427;S
20240208;142547;7386.500000000;5;9566912433;B
20240208;142547;7387.500000000;10;9566912434;B
20240208;142547;7386.000000000;7;9566912442;B
20240208;142547;7386.000000000;7;9566912456;B
20240208;142547;7385.500000000;5;9566912458;S
20240208;142547;7385.500000000;4;9566912471;S
20240208;142547;7386.000000000;7;9566912479;B
20240208;142547;7385.500000000;5;9566912481;S
20240208;142547;7385.500000000;5;9566912483;S
20240208;142547;7386.000000000;12;9566912484;B
20240208;142547;7386.000000000;15;9566912489;B
20240208;142547;7386.000000000;7;9566912490;B
20240208;142547;7386.000000000;45;9566912495;B
20240208;142547;7386.000000000;2;9566912496;B
20240208;142547;7388.000000000;10;9566912497;B
20240208;142547;7388.000000000;1;9566912498;B
20240208;142547;7388.000000000;1;9566912499;B
20240208;142547;7388.000000000;30;9566912500;B
20240208;142547;7388.000000000;1;9566912501;B
20240208;142547;7388.000000000;3;9566912502;B
20240208;142547;7388.000000000;2;9566912503;B
20240208;142547;7388.000000000;2;9566912504;B
20240208;142547;7388.000000000;2;9566912505;B
20240208;142547;7388.000000000;2;9566912506;B
20240208;142547;7388.500000000;25;9566912507;B
20240208;142547;7388.500000000;40;9566912508;B
20240208;142547;7389.000000000;3;9566912509;B
20240208;142547;7389.000000000;10;9566912510;B
20240208;142547;7389.000000000;3;9566912511;B
20240208;142547;7389.000000000;3;9566912512;B
20240208;142547;7389.000000000;1;9566912513;B
20240208;142547;7389.500000000;75;9566912514;B
20240208;142547;7389.500000000;40;9566912515;B
20240208;142547;7390.000000000;1;9566912516;B
20240208;142547;7390.000000000;1;9566912517;B
20240208;142547;7390.000000000;48;9566912518;B
20240208;142547;7390.000000000;10;9566912519;B
20240208;142547;7390.000000000;1;9566912520;B
20240208;142547;7390.000000000;1;9566912521;B
20240208;142547;7390.000000000;154;9566912522;B
20240208;142547;7390.000000000;2;9566912523;B
20240208;142547;7390.000000000;205;9566912524;B
20240208;142547;7390.000000000;1;9566912525;B
20240208;142547;7390.000000000;1;9566912526;B
20240208;142547;7390.000000000;20;9566912527;B
20240208;142547;7390.500000000;5;9566912528;B
20240208;142547;7390.500000000;1;9566912529;S
20240208;142547;7390.500000000;1;9566912530;S
20240208;142547;7390.500000000;10;9566912531;S
20240208;142547;7390.500000000;2;9566912534;S
20240208;142547;7391.000000000;1;9566912537;S
20240208;142547;7390.500000000;1;9566912538;S
20240208;142547;7390.500000000;5;9566912539;S
20240208;142547;7391.500000000;1;9566912540;B
20240208;142547;7391.500000000;1;9566912541;B
20240208;142547;7392.000000000;7;9566912542;B
20240208;142547;7391.000000000;1;9566912543;S
20240208;142547;7392.000000000;18;9566912552;B
20240208;142547;7392.000000000;1;9566912553;B
20240208;142547;7393.000000000;3;9566912554;B
20240208;142547;7391.500000000;3;9566912558;S
20240208;142547;7393.000000000;7;9566912564;B
20240208;142548;7391.500000000;10;9566912579;S
20240208;142548;7391.500000000;7;9566912580;S
20240208;142548;7391.500000000;13;9566912583;S
20240208;142548;7391.000000000;1;9566912584;S
20240208;142548;7391.000000000;21;9566912585;S
20240208;142548;7390.500000000;5;9566912586;S
20240208;142548;7390.500000000;10;9566912587;S
20240208;142548;7390.500000000;1;9566912588;S
20240208;142548;7390.500000000;30;9566912592;S
20240208;142548;7390.500000000;8;9566912593;S
20240208;142548;7390.500000000;5;9566912595;S
20240208;142548;7390.500000000;1;9566912597;S
20240208;142548;7390.500000000;4;9566912598;S
20240208;142548;7390.500000000;7;9566912622;S
20240208;142548;7390.500000000;1;9566912623;S
20240208;142548;7391.000000000;1;9566912626;B
20240208;142548;7391.000000000;21;9566912627;B
20240208;142548;7391.500000000;1;9566912628;B
20240208;142548;7391.500000000;40;9566912629;B
20240208;142548;7392.000000000;1;9566912630;B
20240208;142548;7393.000000000;1;9566912631;B
20240208;142548;7393.500000000;1;9566912632;B
20240208;142548;7394.000000000;50;9566912633;B
20240208;142548;7394.000000000;1;9566912634;B
20240208;142548;7394.000000000;10;9566912635;B
20240208;142548;7394.500000000;3;9566912636;B
20240208;142548;7394.500000000;7;9566912637;B
20240208;142548;7394.500000000;20;9566912638;B
20240208;142548;7395.000000000;15;9566912639;B
20240208;142548;7395.000000000;2;9566912640;B
20240208;142548;7395.000000000;20;9566912641;B
20240208;142548;7395.000000000;10;9566912642;B
20240208;142548;7395.000000000;1;9566912643;B
20240208;142548;7395.000000000;3;9566912644;B
20240208;142548;7395.000000000;1;9566912645;B
20240208;142548;7395.000000000;5;9566912646;B
20240208;142548;7395.000000000;5;9566912647;B
20240208;142548;7396.000000000;1;9566912648;B
20240208;142548;7396.000000000;30;9566912649;B
20240208;142548;7396.000000000;1;9566912650;B
20240208;142548;7396.000000000;27;9566912651;B
20240208;142548;7396.000000000;1;9566912652;S
20240208;142548;7396.000000000;94;9566912653;S
20240208;142548;7396.000000000;130;9566912654;S
20240208;142548;7396.000000000;16;9566912655;S
20240208;142548;7396.000000000;15;9566912656;S
20240208;142548;7396.000000000;2;9566912658;S
20240208;142548;7396.000000000;1;9566912661;S
20240208;142548;7396.000000000;1;9566912668;S
20240208;142548;7396.000000000;10;9566912669;S
20240208;142548;7396.000000000;50;9566912670;S
20240208;142548;7396.000000000;4;9566912671;S
20240208;142548;7396.000000000;1;9566912672;S
20240208;142548;7396.000000000;10;9566912674;S
20240208;142548;7396.000000000;3;9566912675;S
20240208;142548;7396.000000000;1;9566912676;S
20240208;142548;7396.000000000;200;9566912677;S
20240208;142548;7396.000000000;40;9566912679;S
20240208;142548;7396.000000000;2;9566912682;S
20240208;142548;7396.000000000;1;9566912685;S
20240208;142548;7396.000000000;7;9566912688;S
20240208;142548;7396.000000000;42;9566912690;S
20240208;142548;7396.000000000;5;9566912691;S
20240208;142548;7396.000000000;2;9566912692;S
20240208;142548;7396.500000000;1;9566912693;B
20240208;142548;7396.500000000;9;9566912694;B
20240208;142548;7396.000000000;1;9566912722;S
20240208;142548;7396.000000000;2;9566912724;S
20240208;142548;7396.000000000;1;9566912725;S
20240208;142548;7396.000000000;5;9566912728;S
20240208;142548;7396.000000000;4;9566912730;S
20240208;142548;7396.000000000;8;9566912731;S
20240208;142548;7396.000000000;1;9566912734;S
20240208;142548;7396.000000000;1;9566912735;S
20240208;142548;7396.000000000;6;9566912745;S
20240208;142548;7396.000000000;4;9566912746;S
20240208;142548;7396.500000000;12;9566912750;B
20240208;142548;7396.500000000;1;9566912751;B
20240208;142548;7397.000000000;25;9566912752;B
20240208;142548;7397.000000000;144;9566912753;B
20240208;142548;7397.000000000;100;9566912754;B
20240208;142548;7397.000000000;50;9566912755;B
20240208;142548;7397.000000000;20;9566912756;B
20240208;142548;7397.500000000;5;9566912757;B
20240208;142548;7397.500000000;4;9566912758;B
20240208;142548;7397.500000000;50;9566912759;B
20240208;142548;7398.000000000;1;9566912760;B
20240208;142548;7398.000000000;1;9566912761;B
20240208;142548;7398.000000000;150;9566912762;B
20240208;142548;7398.000000000;1;9566912763;B
20240208;142548;7398.000000000;13;9566912764;B
20240208;142548;7398.000000000;1;9566912765;B
20240208;142548;7398.000000000;40;9566912766;B
20240208;142548;7398.500000000;1;9566912767;B
20240208;142548;7398.500000000;350;9566912768;B
20240208;142548;7398.500000000;5;9566912769;B
20240208;142548;7399.000000000;11;9566912770;B
20240208;142548;7399.000000000;1;9566912771;B
20240208;142548;7399.000000000;7;9566912772;B
20240208;142548;7399.000000000;10;9566912773;B
20240208;142548;7399.000000000;21;9566912774;B
20240208;142548;7399.000000000;2;9566912775;B
20240208;142548;7399.000000000;3;9566912776;B
20240208;142548;7399.000000000;1;9566912777;B
20240208;142548;7399.000000000;5;9566912778;B
20240208;142548;7399.000000000;17;9566912779;B
20240208;142548;7399.000000000;1;9566912780;B
20240208;142548;7399.000000000;100;9566912781;B
20240208;142548;7399.000000000;5;9566912782;B
20240208;142548;7399.000000000;10;9566912783;B
20240208;142548;7399.000000000;1;9566912784;B
20240208;142548;7399.000000000;20;9566912785;B
20240208;142548;7399.500000000;1;9566912786;B
20240208;142548;7399.500000000;10;9566912787;B
20240208;142548;7399.500000000;3;9566912788;B
20240208;142548;7399.500000000;6;9566912789;B
20240208;142548;7399.500000000;100;9566912790;B
20240208;142548;7399.500000000;1;9566912791;B
20240208;142548;7399.500000000;10;9566912792;B
20240208;142548;7400.000000000;281;9566912793;B
20240208;142548;7400.000000000;95;9566912794;B
20240208;142548;7400.000000000;5;9566912795;B
20240208;142548;7400.000000000;1;9566912796;B
20240208;142548;7400.000000000;1;9566912797;B
20240208;142548;7400.000000000;1;9566912798;B
20240208;142548;7400.000000000;8;9566912799;B
20240208;142548;7400.000000000;1;9566912800;B
20240208;142548;7400.000000000;1;9566912801;B
20240208;142548;7400.000000000;1;9566912802;B
20240208;142548;7400.000000000;3;9566912803;B
20240208;142548;7400.000000000;2;9566912804;B
20240208;142548;7400.000000000;1;9566912805;B
20240208;142548;7400.000000000;1;9566912806;B
20240208;142548;7400.000000000;3;9566912807;B
20240208;142548;7400.000000000;2;9566912808;B
20240208;142548;7400.000000000;1;9566912809;B
20240208;142548;7400.000000000;1;9566912810;B
20240208;142548;7400.000000000;1;9566912811;B
20240208;142548;7400.000000000;2;9566912812;B
20240208;142548;7400.000000000;5;9566912813;B
20240208;142548;7400.000000000;1;9566912814;B
20240208;142548;7400.000000000;5;9566912815;B
20240208;142548;7400.000000000;20;9566912816;B
20240208;142548;7400.000000000;1;9566912817;B
20240208;142548;7400.000000000;68;9566912818;B
20240208;142548;7400.000000000;30;9566912819;B
20240208;142548;7400.000000000;10;9566912820;B
20240208;142548;7400.000000000;1;9566912821;B
20240208;142548;7400.000000000;5;9566912822;B
20240208;142548;7400.000000000;1;9566912823;B
20240208;142548;7400.000000000;21;9566912824;B
20240208;142548;7400.000000000;2;9566912825;B
20240208;142548;7400.000000000;1;9566912826;B
20240208;142548;7400.000000000;10;9566912827;B
20240208;142548;7400.000000000;3;9566912828;B
20240208;142548;7400.000000000;1;9566912829;B
20240208;142548;7400.000000000;10;9566912830;B
20240208;142548;7400.000000000;7;9566912831;B
20240208;142548;7400.000000000;1;9566912832;B
20240208;142548;7400.000000000;1;9566912833;B
20240208;142548;7400.000000000;1;9566912834;B
20240208;142548;7400.000000000;1;9566912835;B
20240208;142548;7400.000000000;7;9566912836;B
20240208;142548;7400.000000000;1;9566912837;B
20240208;142548;7400.000000000;1;9566912838;B
20240208;142548;7400.000000000;1;9566912839;B
20240208;142548;7400.000000000;1;9566912840;B
20240208;142548;7400.000000000;50;9566912841;B
20240208;142548;7400.000000000;100;9566912842;B
20240208;142548;7400.000000000;2;9566912843;B
20240208;142548;7400.000000000;1;9566912844;B
20240208;142548;7400.000000000;30;9566912845;B
20240208;142548;7400.000000000;1;9566912846;B
20240208;142548;7400.000000000;58;9566912847;B
20240208;142548;7400.000000000;1;9566912848;B
20240208;142548;7400.000000000;2;9566912849;B
20240208;142548;7400.000000000;300;9566912850;B
20240208;142548;7400.000000000;2;9566912851;B
20240208;142548;7400.000000000;300;9566912852;B
20240208;142548;7400.000000000;2;9566912853;B
20240208;142548;7400.000000000;1;9566912854;B
20240208;142548;7400.000000000;3;9566912855;B
20240208;142548;7400.000000000;5;9566912856;B
20240208;142548;7400.000000000;3;9566912857;B
20240208;142548;7400.000000000;1;9566912858;B
20240208;142548;7400.000000000;1;9566912859;B
20240208;142548;7400.000000000;1;9566912860;B
20240208;142548;7400.000000000;1;9566912861;B
20240208;142548;7400.000000000;20;9566912862;B
20240208;142548;7400.000000000;1;9566912863;B
20240208;142548;7400.000000000;5;9566912864;B
20240208;142548;7400.000000000;10;9566912865;B
20240208;142548;7400.000000000;2;9566912866;B
20240208;142548;7400.000000000;1;9566912867;B
20240208;142548;7400.000000000;1;9566912868;B
20240208;142548;7400.000000000;1;9566912869;B
20240208;142548;7400.000000000;4;9566912870;B
20240208;142548;7400.000000000;1;9566912871;B
20240208;142548;7400.000000000;10;9566912872;B
20240208;142548;7400.000000000;50;9566912873;B
20240208;142548;7400.000000000;1;9566912874;B
20240208;142548;7400.000000000;12;9566912875;B
20240208;142548;7400.000000000;20;9566912876;B
20240208;142548;7400.000000000;1;9566912877;B
20240208;142548;7400.000000000;168;9566912878;B
20240208;142548;7400.000000000;35;9566912879;B
20240208;142548;7400.000000000;35;9566912880;B
20240208;142548;7400.000000000;5;9566912881;B
20240208;142548;7400.000000000;1;9566912882;B
20240208;142548;7400.000000000;2;9566912883;B
20240208;142548;7400.000000000;52;9566912884;B
20240208;142548;7400.000000000;5;9566912885;B
20240208;142548;7400.000000000;6;9566912886;B
20240208;142548;7400.500000000;10;9566912887;B
20240208;142548;7400.000000000;10;9566912888;S
20240208;142548;7400.000000000;37;9566912889;S
20240208;142548;7400.000000000;1;9566912890;S
20240208;142548;7400.000000000;10;9566912891;S
20240208;142548;7400.500000000;1;9566912892;B
20240208;142548;7400.500000000;3;9566912893;S
20240208;142548;7400.500000000;1;9566912894;S
20240208;142548;7400.500000000;1;9566912895;S
20240208;142548;7400.500000000;10;9566912896;S
20240208;142548;7401.000000000;1;9566912899;B
20240208;142548;7401.000000000;2;9566912900;B
20240208;142548;7400.500000000;12;9566912901;S
20240208;142548;7400.500000000;1;9566912902;S
20240208;142548;7400.500000000;2;9566912904;S
20240208;142548;7400.000000000;16;9566912905;S
20240208;142548;7400.000000000;2;9566912910;S
20240208;142548;7400.500000000;38;9566912911;S
20240208;142548;7401.000000000;16;9566912912;B
20240208;142548;7401.000000000;5;9566912913;B
20240208;142548;7400.500000000;6;9566912914;S
20240208;142548;7400.500000000;20;9566912915;S
20240208;142548;7400.000000000;4;9566912916;S
20240208;142548;7401.500000000;1;9566912917;B
20240208;142548;7401.500000000;1;9566912918;B
20240208;142548;7401.500000000;53;9566912919;B
20240208;142548;7400.000000000;2;9566912922;S
20240208;142548;7400.500000000;2;9566912923;S
20240208;142548;7401.000000000;10;9566912924;B
20240208;142548;7401.500000000;33;9566912925;B
20240208;142548;7401.500000000;14;9566912926;B
20240208;142548;7400.500000000;11;9566912933;S
20240208;142548;7400.500000000;1;9566912936;S
20240208;142548;7402.500000000;5;9566912939;B
20240208;142548;7403.000000000;1;9566912940;B
20240208;142548;7403.000000000;14;9566912941;B
20240208;142548;7403.000000000;1;9566912942;B
20240208;142548;7401.000000000;7;9566912943;S
20240208;142548;7400.500000000;8;9566912944;S
20240208;142548;7400.500000000;1;9566912946;S
20240208;142548;7400.500000000;1;9566912947;S
20240208;142548;7400.500000000;10;9566912961;S
20240208;142548;7401.000000000;1;9566912969;S
20240208;142548;7401.000000000;2;9566912971;S
20240208;142549;7401.000000000;1;9566912976;S
20240208;142549;7401.500000000;20;9566912979;S
20240208;142549;7401.000000000;17;9566912980;S
20240208;142549;7401.000000000;4;9566912987;S
20240208;142549;7401.000000000;7;9566912988;S
20240208;142549;7401.000000000;1;9566912989;S
20240208;142549;7401.000000000;7;9566912990;S
20240208;142549;7401.000000000;8;9566912991;S
20240208;142549;7401.000000000;2;9566912992;S
20240208;142549;7401.000000000;1;9566912993;S
20240208;142549;7404.000000000;100;9566912994;B
20240208;142549;7404.000000000;1;9566912998;B
20240208;142549;7401.500000000;5;9566913000;S
20240208;142549;7404.000000000;1;9566913001;B
20240208;142549;7404.000000000;2;9566913002;B
20240208;142549;7401.500000000;1;9566913003;S
20240208;142549;7403.500000000;1;9566913004;B
20240208;142549;7401.500000000;4;9566913006;S
20240208;142549;7401.000000000;1;9566913007;S
20240208;142549;7401.500000000;1;9566913009;S
20240208;142549;7401.500000000;4;9566913011;S
20240208;142549;7401.500000000;2;9566913013;S
20240208;142549;7401.500000000;13;9566913020;S
20240208;142549;7401.500000000;2;9566913021;S
20240208;142549;7402.000000000;10;9566913034;S
20240208;142549;7402.000000000;5;9566913035;S
20240208;142549;7402.000000000;1;9566913036;S
20240208;142549;7402.000000000;24;9566913060;S
20240208;142549;7401.500000000;6;9566913061;S
20240208;142549;7403.500000000;99;9566913063;B
20240208;142549;7404.000000000;63;9566913064;B
20240208;142549;7404.500000000;1;9566913065;B
20240208;142549;7406.000000000;11;9566913066;B
20240208;142549;7406.500000000;5;9566913070;S
20240208;142549;7406.500000000;5;9566913071;S
20240208;142549;7406.500000000;58;9566913073;S
20240208;142549;7406.500000000;1;9566913077;S
20240208;142549;7406.500000000;12;9566913078;S
20240208;142549;7406.500000000;20;9566913079;S
20240208;142549;7406.500000000;5;9566913080;S
20240208;142549;7406.500000000;2;9566913081;S
20240208;142549;7406.500000000;1;9566913082;S
20240208;142549;7406.500000000;1;9566913083;S
20240208;142549;7406.500000000;5;9566913084;S
20240208;142549;7406.500000000;16;9566913085;S
20240208;142549;7406.500000000;7;9566913086;S
20240208;142549;7406.500000000;1;9566913087;S
20240208;142549;7406.500000000;1;9566913088;S
20240208;142549;7406.500000000;1;9566913089;S
20240208;142549;7407.000000000;2;9566913102;B
20240208;142549;7406.500000000;5;9566913103;S
20240208;142549;7406.500000000;1;9566913107;S
20240208;142549;7407.000000000;34;9566913112;B
20240208;142549;7407.000000000;1;9566913113;B
20240208;142549;7407.000000000;1;9566913114;B
20240208;142549;7407.000000000;8;9566913115;B
20240208;142549;7407.000000000;26;9566913116;B
20240208;142549;7407.500000000;1;9566913117;B
20240208;142549;7408.000000000;3;9566913118;B
20240208;142549;7408.000000000;1;9566913119;B
20240208;142549;7408.000000000;25;9566913120;B
20240208;142549;7407.000000000;75;9566913123;S
20240208;142549;7407.000000000;1;9566913124;S
20240208;142549;7407.000000000;4;9566913125;S
20240208;142549;7407.000000000;2;9566913126;S
20240208;142549;7407.000000000;1;9566913127;S
20240208;142549;7406.500000000;1;9566913128;S
20240208;142549;7407.000000000;1;9566913129;S
20240208;142549;7407.000000000;1;9566913130;S
20240208;142549;7407.000000000;2;9566913131;S
20240208;142549;7406.500000000;2;9566913132;S
20240208;142549;7406.500000000;5;9566913134;S
20240208;142549;7406.500000000;122;9566913135;S
20240208;142549;7406.500000000;17;9566913136;S
20240208;142549;7406.500000000;1;9566913146;S
20240208;142549;7406.500000000;1;9566913147;S
20240208;142549;7406.500000000;1;9566913151;S
20240208;142549;7406.500000000;15;9566913152;S
20240208;142549;7406.500000000;5;9566913155;S
20240208;142549;7406.500000000;2;9566913156;S
20240208;142549;7406.500000000;1;9566913158;S
20240208;142549;7406.500000000;1;9566913159;S
20240208;142549;7406.500000000;1;9566913160;S
20240208;142549;7406.500000000;5;9566913161;S
20240208;142549;7406.500000000;2;9566913162;S
20240208;142549;7406.500000000;2;9566913163;S
20240208;142549;7406.500000000;10;9566913164;S
20240208;142549;7407.500000000;1;9566913168;S
20240208;142549;7407.500000000;1;9566913169;S
20240208;142549;7407.500000000;1;9566913170;S
20240208;142549;7407.500000000;1;9566913171;S
20240208;142549;7407.500000000;1;9566913172;S
20240208;142549;7407.500000000;1;9566913177;S
20240208;142549;7407.500000000;1;9566913178;S
20240208;142549;7407.500000000;18;9566913179;S
20240208;142549;7407.500000000;4;9566913181;S
20240208;142549;7407.500000000;7;9566913185;S
20240208;142549;7407.500000000;1;9566913186;S
20240208;142549;7407.500000000;3;9566913188;S
20240208;142549;7407.000000000;21;9566913189;S
20240208;142549;7406.500000000;5;9566913190;S
20240208;142549;7406.500000000;20;9566913191;S
20240208;142549;7406.500000000;1;9566913192;S
20240208;142549;7406.500000000;1;9566913193;S
20240208;142549;7406.500000000;5;9566913197;S
20240208;142549;7406.500000000;2;9566913198;S
20240208;142549;7406.500000000;7;9566913205;S
20240208;142549;7406.500000000;1;9566913207;S
20240208;142549;7406.500000000;3;9566913212;S
20240208;142549;7406.500000000;2;9566913213;S
20240208;142549;7406.500000000;19;9566913215;S
20240208;142549;7406.500000000;4;9566913218;S
20240208;142549;7406.500000000;1;9566913221;S
20240208;142549;7406.500000000;2;9566913223;S
20240208;142550;7406.500000000;1;9566913225;S
20240208;142550;7406.500000000;1;9566913226;S
20240208;142550;7407.500000000;5;9566913227;B
20240208;142550;7408.000000000;22;9566913228;B
20240208;142550;7407.000000000;1;9566913229;B
20240208;142550;7406.500000000;1;9566913231;S
20240208;142550;7406.500000000;10;9566913237;S
20240208;142550;7406.500000000;40;9566913245;S
20240208;142550;7406.500000000;10;9566913247;S
20240208;142550;7406.500000000;1;9566913250;S
20240208;142550;7406.500000000;2;9566913253;S
20240208;142550;7406.500000000;1;9566913261;S
20240208;142550;7406.500000000;6;9566913262;S
20240208;142550;7406.500000000;2;9566913263;S
20240208;142550;7406.500000000;70;9566913265;S
20240208;142550;7406.500000000;1;9566913266;S
20240208;142550;7406.500000000;5;9566913267;S
20240208;142550;7406.500000000;5;9566913269;S
20240208;142550;7406.500000000;1;9566913270;S
20240208;142550;7406.500000000;10;9566913271;S
20240208;142550;7406.500000000;16;9566913272;S
20240208;142550;7406.500000000;41;9566913275;S
20240208;142550;7406.500000000;83;9566913276;S
20240208;142550;7406.500000000;92;9566913277;S
20240208;142550;7406.500000000;13;9566913278;S
20240208;142550;7403.500000000;2;9566913280;S
20240208;142550;7403.500000000;2;9566913282;S
20240208;142550;7403.500000000;15;9566913283;S
20240208;142550;7403.500000000;1;9566913284;S
20240208;142550;7403.500000000;1;9566913285;S
20240208;142550;7403.500000000;1;9566913287;S
20240208;142550;7403.500000000;5;9566913301;S
20240208;142550;7403.500000000;1;9566913302;S
20240208;142550;7403.500000000;28;9566913307;S
20240208;142550;7403.500000000;10;9566913309;S
20240208;142550;7406.500000000;4;9566913312;B
20240208;142550;7403.500000000;1;9566913313;S
20240208;142550;7403.500000000;10;9566913315;S
20240208;142550;7403.500000000;1;9566913316;S
20240208;142550;7403.000000000;1;9566913317;S
20240208;142550;7403.000000000;2;9566913318;S
20240208;142550;7403.000000000;1;9566913319;S
20240208;142550;7403.000000000;19;9566913320;S
20240208;142550;7403.000000000;1;9566913322;S
20240208;142550;7403.000000000;1;9566913323;S
20240208;142550;7403.000000000;1;9566913325;S
20240208;142550;7403.000000000;5;9566913326;S
20240208;142550;7403.000000000;4;9566913327;S
20240208;142550;7406.500000000;1;9566913335;B
20240208;142550;7406.500000000;41;9566913340;B
20240208;142550;7406.500000000;6;9566913341;B
20240208;142550;7407.000000000;20;9566913342;B
20240208;142550;7403.000000000;2;9566913348;S
20240208;142550;7403.000000000;1;9566913351;S
20240208;142550;7402.000000000;2;9566913354;S
20240208;142550;7402.000000000;1;9566913360;S
20240208;142550;7402.000000000;1;9566913365;S
20240208;142550;7402.000000000;3;9566913367;S
20240208;142550;7402.000000000;10;9566913379;S
20240208;142550;7402.000000000;10;9566913381;S
20240208;142550;7402.000000000;23;9566913390;S
20240208;142550;7402.000000000;16;9566913391;S
20240208;142550;7401.500000000;14;9566913392;S
20240208;142550;7401.500000000;7;9566913393;S
20240208;142550;7401.500000000;10;9566913395;S
20240208;142551;7401.000000000;5;9566913418;S
20240208;142551;7401.000000000;40;9566913442;S
20240208;142551;7402.500000000;4;9566913447;B
20240208;142551;7401.000000000;5;9566913504;S
20240208;142552;7401.500000000;5;9566913512;B
20240208;142552;7402.000000000;2;9566913513;B
20240208;142552;7402.000000000;143;9566913514;B
20240208;142552;7401.000000000;10;9566913528;S
20240208;142552;7401.500000000;13;9566913538;B
20240208;142552;7401.500000000;9;9566913550;B
20240208;142552;7401.000000000;6;9566913554;S
20240208;142552;7401.500000000;3;9566913559;B
20240208;142552;7401.500000000;10;9566913560;B
20240208;142552;7401.500000000;25;9566913567;B
20240208;142552;7401.500000000;13;9566913582;B
20240208;142552;7401.000000000;5;9566913585;S
20240208;142552;7401.500000000;2;9566913600;B
20240208;142552;7401.500000000;11;9566913601;B
20240208;142552;7401.500000000;39;9566913603;B
20240208;142552;7401.500000000;1;9566913604;B
20240208;142552;7401.500000000;49;9566913605;B
20240208;142552;7401.500000000;50;9566913606;B
20240208;142552;7401.500000000;1;9566913607;B
20240208;142553;7401.500000000;1;9566913617;S
20240208;142553;7402.000000000;50;9566913625;B
20240208;142553;7401.500000000;4;9566913628;S
20240208;142553;7401.500000000;11;9566913633;B
20240208;142553;7402.000000000;7;9566913634;B
20240208;142553;7402.500000000;1;9566913635;B
20240208;142553;7402.500000000;30;9566913636;B
20240208;142553;7403.000000000;51;9566913637;B
20240208;142553;7401.000000000;200;9566913645;S
20240208;142553;7402.500000000;5;9566913659;B
20240208;142553;7403.000000000;24;9566913660;B
20240208;142553;7403.500000000;5;9566913661;B
20240208;142553;7403.500000000;5;9566913662;B
20240208;142553;7403.500000000;1;9566913663;B
20240208;142553;7403.500000000;15;9566913664;B
20240208;142553;7403.500000000;49;9566913665;B
20240208;142553;7404.000000000;50;9566913666;B
20240208;142553;7404.000000000;843;9566913667;B
20240208;142553;7404.500000000;50;9566913668;B
20240208;142553;7404.500000000;100;9566913669;B
20240208;142553;7404.500000000;1;9566913670;B
20240208;142553;7404.500000000;20;9566913671;B
20240208;142553;7405.000000000;1;9566913672;B
20240208;142553;7405.000000000;1;9566913673;B
20240208;142553;7405.000000000;1;9566913674;B
20240208;142553;7406.500000000;15;9566913675;B
20240208;142553;7406.500000000;20;9566913676;B
20240208;142553;7407.000000000;179;9566913677;B
20240208;142553;7407.000000000;10;9566913678;B
20240208;142553;7407.000000000;20;9566913679;B
20240208;142553;7407.500000000;40;9566913680;B
20240208;142553;7407.500000000;1;9566913681;B
20240208;142553;7408.000000000;53;9566913682;B
20240208;142553;7408.000000000;1;9566913683;B
20240208;142553;7408.000000000;68;9566913684;B
20240208;142553;7408.500000000;20;9566913685;B
20240208;142553;7408.500000000;10;9566913686;B
20240208;142553;7409.000000000;3;9566913687;B
20240208;142553;7409.000000000;8;9566913688;B
20240208;142553;7409.500000000;1;9566913689;B
20240208;142553;7410.000000000;1;9566913690;B
20240208;142553;7410.000000000;10;9566913691;B
20240208;142553;7410.000000000;1;9566913692;B
20240208;142553;7410.000000000;1;9566913693;B
20240208;142553;7410.000000000;1;9566913694;B
20240208;142553;7410.000000000;20;9566913695;B
20240208;142553;7410.000000000;27;9566913696;B
20240208;142553;7410.500000000;8;9566913697;B
20240208;142553;7410.500000000;20;9566913698;B
20240208;142553;7411.000000000;3;9566913699;B
20240208;142553;7411.000000000;100;9566913700;B
20240208;142553;7411.000000000;40;9566913701;B
20240208;142553;7411.500000000;5;9566913702;S
20240208;142553;7411.500000000;68;9566913703;S
20240208;142553;7411.500000000;10;9566913704;S
20240208;142553;7411.500000000;2;9566913705;S
20240208;142553;7411.500000000;2;9566913706;S
20240208;142553;7411.500000000;16;9566913707;S
20240208;142553;7411.500000000;1;9566913708;S
20240208;142553;7411.500000000;4;9566913709;S
20240208;142553;7412.500000000;13;9566913710;B
20240208;142553;7412.500000000;2;9566913712;B
20240208;142553;7412.500000000;1;9566913713;B
20240208;142553;7413.000000000;2;9566913714;B
20240208;142553;7413.500000000;1;9566913715;B
20240208;142553;7414.000000000;2;9566913716;B
20240208;142553;7414.000000000;1;9566913717;B
20240208;142553;7414.500000000;16;9566913718;B
20240208;142553;7411.500000000;40;9566913749;S
20240208;142553;7409.500000000;20;9566913750;S
20240208;142553;7408.000000000;113;9566913751;S
20240208;142553;7408.000000000;20;9566913752;S
20240208;142553;7408.000000000;7;9566913753;S
20240208;142553;7408.000000000;11;9566913760;S
20240208;142553;7408.000000000;49;9566913761;S
20240208;142553;7408.000000000;1;9566913762;S
20240208;142553;7406.500000000;6;9566913763;S
20240208;142553;7410.000000000;1;9566913769;B
20240208;142553;7413.500000000;3;9566913770;B
20240208;142553;7414.000000000;9;9566913771;B
20240208;142553;7412.000000000;10;9566913776;S
20240208;142553;7412.500000000;1;9566913831;S
20240208;142553;7412.500000000;1;9566913832;S
20240208;142553;7412.500000000;2;9566913833;S
20240208;142553;7412.500000000;1;9566913834;S
20240208;142553;7413.000000000;10;9566913883;S
20240208;142554;7413.000000000;1;9566913885;S
20240208;142554;7412.500000000;95;9566913888;S
20240208;142554;7412.500000000;1;9566913889;S
20240208;142554;7412.000000000;90;9566913890;S
20240208;142554;7409.000000000;14;9566913891;S
20240208;142554;7413.500000000;1;9566913893;B
20240208;142554;7413.500000000;7;9566913894;B
20240208;142554;7414.000000000;12;9566913895;B
20240208;142554;7414.000000000;3;9566913899;B
20240208;142554;7409.000000000;1;9566913901;S
20240208;142554;7413.000000000;21;9566913936;B
20240208;142554;7413.000000000;71;9566913937;B
20240208;142554;7413.000000000;3;9566913938;B
20240208;142554;7413.500000000;75;9566913939;B
20240208;142554;7414.000000000;6;9566913940;B
20240208;142554;7414.500000000;24;9566913941;B
20240208;142554;7414.000000000;1;9566913942;B
20240208;142554;7414.500000000;60;9566913943;B
20240208;142554;7414.500000000;1;9566913944;B
20240208;142554;7415.000000000;231;9566913945;B
20240208;142554;7415.500000000;26;9566913946;B
20240208;142554;7416.000000000;20;9566913947;B
20240208;142554;7416.500000000;4;9566913948;B
20240208;142554;7417.000000000;10;9566913949;B
20240208;142554;7417.000000000;20;9566913950;B
20240208;142554;7418.000000000;60;9566913951;B
20240208;142554;7418.000000000;3;9566913952;S
20240208;142554;7418.000000000;1;9566913953;S
20240208;142554;7418.000000000;1;9566913954;S
20240208;142554;7418.500000000;1;9566913955;B
20240208;142554;7418.000000000;15;9566913956;S
20240208;142554;7418.000000000;14;9566913957;S
20240208;142554;7418.000000000;11;9566913958;S
20240208;142554;7418.000000000;3;9566913970;S
20240208;142554;7418.000000000;2;9566913971;S
20240208;142554;7418.000000000;50;9566913981;S
20240208;142554;7418.500000000;3;9566913990;B
20240208;142554;7418.000000000;10;9566914007;S
20240208;142554;7418.000000000;6;9566914010;S
20240208;142554;7418.000000000;9;9566914017;S
20240208;142554;7418.500000000;20;9566914018;B
20240208;142554;7418.000000000;8;9566914022;S
20240208;142554;7418.000000000;200;9566914028;S
20240208;142555;7418.000000000;2;9566914057;S
20240208;142555;7418.000000000;2;9566914058;S
20240208;142555;7418.000000000;2;9566914059;S
20240208;142555;7418.000000000;2;9566914060;S
20240208;142555;7418.000000000;2;9566914061;S
20240208;142555;7418.500000000;1;9566914075;B
20240208;142555;7418.500000000;25;9566914076;B
20240208;142555;7418.500000000;14;9566914077;B
20240208;142555;7418.000000000;5;9566914082;S
20240208;142555;7418.000000000;50;9566914086;S
20240208;142555;7418.500000000;5;9566914095;B
20240208;142555;7418.500000000;25;9566914138;B
20240208;142555;7418.000000000;1;9566914152;S
20240208;142555;7418.500000000;6;9566914163;B
20240208;142555;7418.500000000;1;9566914164;B
20240208;142555;7418.500000000;200;9566914165;B
20240208;142555;7419.000000000;3;9566914166;B
20240208;142555;7419.000000000;100;9566914167;B
20240208;142555;7419.500000000;134;9566914168;B
20240208;142555;7420.000000000;1;9566914169;B
20240208;142555;7420.000000000;2;9566914170;B
20240208;142555;7420.000000000;2;9566914171;B
20240208;142555;7420.000000000;4;9566914172;B
20240208;142555;7420.000000000;10;9566914173;B
20240208;142555;7420.000000000;1;9566914174;B
20240208;142555;7420.000000000;4;9566914175;B
20240208;142555;7420.000000000;1;9566914176;B
20240208;142555;7420.000000000;1;9566914177;B
20240208;142555;7420.000000000;10;9566914178;B
20240208;142555;7420.000000000;20;9566914179;B
20240208;142555;7420.000000000;1;9566914180;B
20240208;142555;7420.000000000;134;9566914181;B
20240208;142555;7420.000000000;18;9566914182;B
20240208;142555;7420.500000000;1;9566914183;B
20240208;142555;7421.000000000;26;9566914184;B
20240208;142555;7421.500000000;1;9566914185;B
20240208;142555;7421.500000000;100;9566914186;B
20240208;142555;7422.000000000;1;9566914187;B
20240208;142555;7422.000000000;26;9566914188;B
20240208;142555;7422.000000000;60;9566914189;B
20240208;142555;7422.000000000;10;9566914190;B
20240208;142555;7422.000000000;20;9566914191;B
20240208;142555;7422.500000000;1;9566914192;B
20240208;142555;7423.000000000;1;9566914193;B
20240208;142555;7423.000000000;40;9566914194;B
20240208;142555;7423.500000000;100;9566914195;B
20240208;142555;7424.000000000;20;9566914196;B
20240208;142555;7420.000000000;2;9566914200;S
20240208;142555;7424.500000000;25;9566914201;B
20240208;142556;7420.500000000;10;9566914220;S
20240208;142556;7420.000000000;22;9566914227;S
20240208;142556;7420.000000000;1;9566914228;S
20240208;142556;7424.500000000;1;9566914237;B
20240208;142556;7424.500000000;12;9566914238;B
20240208;142556;7424.500000000;23;9566914239;B
20240208;142556;7425.000000000;3;9566914240;B
20240208;142556;7425.000000000;5;9566914241;B
20240208;142556;7425.000000000;25;9566914242;B
20240208;142556;7425.000000000;1;9566914243;B
20240208;142556;7425.000000000;3;9566914244;B
20240208;142556;7425.000000000;77;9566914245;B
20240208;142556;7424.500000000;1;9566914248;B
20240208;142556;7420.500000000;7;9566914258;S
20240208;142556;7419.000000000;6;9566914263;S
20240208;142556;7419.000000000;5;9566914264;S
20240208;142556;7419.000000000;9;9566914265;S
20240208;142556;7418.500000000;1;9566914266;S
20240208;142556;7419.000000000;1;9566914267;S
20240208;142556;7419.000000000;5;9566914268;S
20240208;142556;7418.500000000;7;9566914271;S
20240208;142556;7418.500000000;10;9566914272;S
20240208;142556;7418.000000000;13;9566914273;S
20240208;142556;7418.500000000;7;9566914274;S
20240208;142556;7418.500000000;1;9566914275;S
20240208;142556;7418.000000000;3;9566914276;S
20240208;142556;7418.000000000;5;9566914277;S
20240208;142556;7418.000000000;22;9566914294;S
20240208;142556;7418.000000000;3;9566914297;S
20240208;142556;7418.500000000;12;9566914308;S
20240208;142557;7418.000000000;10;9566914319;S
20240208;142557;7418.500000000;31;9566914329;B
20240208;142557;7418.500000000;5;9566914338;B
20240208;142557;7418.000000000;10;9566914349;S
20240208;142557;7418.000000000;1;9566914355;S
20240208;142557;7418.000000000;101;9566914361;S
20240208;142557;7417.000000000;5;9566914362;S
20240208;142557;7416.000000000;5;9566914371;S
20240208;142557;7413.000000000;1;9566914411;S
20240208;142557;7413.000000000;4;9566914412;S
20240208;142557;7411.000000000;15;9566914413;S
20240208;142558;7411.000000000;2;9566914454;S
20240208;142558;7410.500000000;1;9566914455;S
20240208;142558;7410.500000000;1;9566914456;S
20240208;142558;7410.500000000;1;9566914459;S
20240208;142558;7410.000000000;1;9566914580;S
20240208;142558;7413.000000000;7;9566914614;B
20240208;142558;7413.000000000;15;9566914630;B
20240208;142558;7410.000000000;8;9566914649;S
20240208;142558;7410.000000000;30;9566914679;S
20240208;142558;7410.000000000;1;9566914691;S
20240208;142559;7412.000000000;5;9566914732;B
20240208;142559;7412.000000000;1;9566914746;B
20240208;142559;7412.500000000;5;9566914747;B
20240208;142559;7413.000000000;4;9566914748;B
20240208;142559;7412.000000000;1;9566914765;B
20240208;142559;7413.000000000;19;9566914766;B
20240208;142559;7410.000000000;10;9566914788;S
20240208;142559;7413.000000000;5;9566914793;B
20240208;142559;7413.000000000;1;9566914794;B
20240208;142559;7413.500000000;4;9566914795;B
20240208;142559;7411.000000000;20;9566914814;B
20240208;142600;7410.000000000;200;9566914866;B
20240208;142600;7411.000000000;30;9566914867;B
20240208;142600;7413.500000000;5;9566914868;B
20240208;142600;7413.500000000;1;9566914869;B
20240208;142600;7414.000000000;9;9566914870;B
20240208;142600;7414.000000000;12;9566914871;B
20240208;142600;7414.000000000;50;9566914872;B
20240208;142600;7414.000000000;20;9566914873;B
20240208;142600;7414.500000000;250;9566914874;B
20240208;142600;7414.500000000;4;9566914956;S
20240208;142600;7414.500000000;23;9566914973;S
20240208;142600;7410.000000000;20;9566915091;S
20240208;142600;7410.000000000;21;9566915092;S
20240208;142600;7409.500000000;10;9566915093;S
20240208;142600;7409.000000000;35;9566915094;S
20240208;142600;7408.500000000;4;9566915095;S
20240208;142600;7408.500000000;10;9566915096;S
20240208;142601;7409.500000000;1;9566915228;S
20240208;142601;7409.500000000;1;9566915231;S
20240208;142602;7409.000000000;9;9566915549;B
20240208;142602;7409.500000000;36;9566915550;B
20240208;142602;7409.000000000;1;9566915553;B
20240208;142602;7409.500000000;3;9566915554;B
20240208;142603;7409.500000000;11;9566915564;B
20240208;142603;7410.000000000;5;9566915565;B
20240208;142603;7410.000000000;145;9566915566;B
20240208;142603;7410.000000000;13;9566915613;B
20240208;142604;7409.000000000;1;9566915761;S
20240208;142604;7409.500000000;2;9566915793;B
20240208;142604;7409.500000000;100;9566915794;B
20240208;142604;7409.500000000;20;9566915795;B
20240208;142604;7410.000000000;92;9566915796;B
20240208;142604;7410.000000000;20;9566915797;B
20240208;142604;7410.000000000;1;9566915798;B
20240208;142604;7410.500000000;20;9566915799;B
20240208;142604;7410.500000000;2;9566915800;B
20240208;142604;7411.000000000;6;9566915801;B
20240208;142604;7411.000000000;1;9566915802;B
20240208;142604;7412.000000000;26;9566915803;B
20240208;142604;7412.500000000;13;9566915804;B
20240208;142604;7412.500000000;20;9566915805;B
20240208;142604;7413.000000000;33;9566915806;B
20240208;142604;7413.000000000;2;9566915807;B
20240208;142604;7413.000000000;10;9566915808;B
20240208;142604;7414.000000000;1;9566915809;B
20240208;142604;7414.000000000;27;9566915810;B
20240208;142604;7414.500000000;30;9566915811;B
20240208;142604;7414.500000000;20;9566915812;B
20240208;142604;7415.000000000;100;9566915813;B
20240208;142604;7415.000000000;1;9566915814;B
20240208;142604;7415.000000000;1;9566915815;B
20240208;142604;7415.500000000;5;9566915816;B
20240208;142604;7415.500000000;200;9566915817;B
20240208;142604;7416.000000000;250;9566915818;B
20240208;142604;7416.000000000;10;9566915819;B
20240208;142604;7416.500000000;20;9566915820;B
20240208;142604;7416.500000000;20;9566915821;B
20240208;142604;7417.000000000;47;9566915822;B
20240208;142604;7416.000000000;11;9566915914;B
20240208;142604;7416.500000000;9;9566915915;B
20240208;142604;7411.500000000;58;9566915957;S
20240208;142604;7410.500000000;10;9566915958;S
20240208;142604;7409.500000000;7;9566915959;S
20240208;142604;7409.500000000;17;9566915960;S
20240208;142604;7409.000000000;9;9566915961;S
20240208;142604;7409.000000000;5;9566915962;S
20240208;142604;7409.000000000;4;9566915963;S
20240208;142604;7408.500000000;20;9566915964;S
20240208;142604;7408.500000000;113;9566915965;B
20240208;142604;7408.500000000;11;9566915966;B
20240208;142605;7413.500000000;1;9566916100;B
20240208;142605;7413.500000000;21;9566916101;B
20240208;142605;7413.500000000;24;9566916102;B
20240208;142605;7414.000000000;100;9566916103;B
20240208;142605;7414.500000000;20;9566916104;B
20240208;142605;7415.000000000;20;9566916105;B
20240208;142605;7416.500000000;10;9566916106;B
20240208;142605;7416.500000000;1;9566916107;B
20240208;142605;7417.000000000;303;9566916108;B
20240208;142606;7414.500000000;1;9566916272;B
20240208;142606;7415.500000000;10;9566916273;B
20240208;142606;7410.500000000;1;9566916282;S
20240208;142606;7410.500000000;1;9566916323;S
20240208;142606;7409.500000000;58;9566916324;S
20240208;142606;7409.500000000;10;9566916325;S
20240208;142606;7409.500000000;10;9566916326;S
20240208;142606;7409.000000000;21;9566916327;S
20240208;142606;7414.000000000;15;9566916345;B
20240208;142606;7414.500000000;58;9566916374;B
20240208;142606;7414.500000000;43;9566916375;B
20240208;142606;7415.000000000;50;9566916376;B
20240208;142606;7415.500000000;1;9566916377;B
20240208;142606;7416.000000000;20;9566916378;B
20240208;142606;7416.500000000;3;9566916379;B
20240208;142606;7416.500000000;20;9566916380;B
20240208;142606;7416.500000000;20;9566916381;B
20240208;142606;7417.000000000;44;9566916382;B
20240208;142606;7417.000000000;1;9566916383;B
20240208;142606;7417.500000000;40;9566916384;B
20240208;142606;7417.500000000;100;9566916385;B
20240208;142606;7417.500000000;10;9566916386;B
20240208;142606;7418.000000000;250;9566916387;B
20240208;142606;7418.500000000;20;9566916388;B
20240208;142606;7419.000000000;5;9566916389;B
20240208;142606;7419.000000000;40;9566916390;B
20240208;142606;7419.000000000;4;9566916391;B
20240208;142606;7419.000000000;250;9566916392;B
20240208;142606;7419.000000000;5;9566916393;B
20240208;142606;7419.000000000;16;9566916394;B
20240208;142607;7416.500000000;40;9566916487;B
20240208;142607;7416.500000000;4;9566916489;B
20240208;142607;7416.000000000;1;9566916523;S
20240208;142607;7416.000000000;1;9566916544;S
20240208;142607;7416.500000000;6;9566916628;B
20240208;142607;7418.000000000;33;9566916629;B
20240208;142607;7418.500000000;100;9566916630;B
20240208;142607;7419.000000000;11;9566916631;B
20240208;142607;7419.000000000;5;9566916633;B
20240208;142607;7419.000000000;1;9566916639;B
20240208;142608;7418.000000000;4;9566916752;B
20240208;142608;7417.000000000;5;9566916811;B
20240208;142608;7417.500000000;5;9566916812;B
20240208;142608;7417.500000000;7;9566916828;B
20240208;142608;7418.000000000;15;9566916829;B
20240208;142608;7416.000000000;1;9566916830;S
20240208;142609;7417.000000000;6;9566916931;B
20240208;142609;7416.000000000;1;9566916984;S
20240208;142609;7417.000000000;19;9566917024;B
20240208;142609;7417.000000000;7;9566917025;B
20240208;142609;7418.000000000;24;9566917026;B
20240208;142610;7416.000000000;1;9566917119;S
20240208;142610;7417.000000000;5;9566917142;B
20240208;142610;7417.500000000;250;9566917143;B
20240208;142610;7417.500000000;100;9566917144;B
20240208;142610;7418.000000000;45;9566917145;B
20240208;142610;7416.000000000;4;9566917162;S
20240208;142610;7416.500000000;1;9566917175;B
20240208;142610;7417.000000000;25;9566917176;B
20240208;142610;7418.000000000;312;9566917177;B
20240208;142610;7418.000000000;162;9566917178;B
20240208;142610;7416.000000000;49;9566917206;B
20240208;142610;7415.500000000;8;9566917221;S
20240208;142611;7416.000000000;1;9566917321;B
20240208;142611;7417.000000000;20;9566917322;B
20240208;142611;7417.000000000;100;9566917323;B
20240208;142611;7418.000000000;148;9566917324;B
20240208;142611;7415.500000000;12;9566917334;S
20240208;142611;7415.000000000;1;9566917335;S
20240208;142611;7414.500000000;58;9566917336;S
20240208;142611;7414.000000000;20;9566917337;S
20240208;142611;7414.000000000;20;9566917338;S
20240208;142611;7414.000000000;47;9566917339;S
20240208;142611;7413.000000000;91;9566917340;S
20240208;142611;7412.000000000;20;9566917341;S
20240208;142611;7411.500000000;10;9566917342;S
20240208;142611;7411.000000000;21;9566917343;S
20240208;142611;7416.000000000;5;9566917365;B
20240208;142611;7416.500000000;15;9566917366;B
20240208;142612;7415.500000000;1;9566917486;B
20240208;142612;7416.000000000;4;9566917487;B
20240208;142612;7414.500000000;10;9566917508;B
20240208;142612;7415.500000000;3;9566917509;B
20240208;142612;7416.000000000;21;9566917510;B
20240208;142612;7416.000000000;5;9566917511;B
20240208;142612;7416.500000000;58;9566917512;B
20240208;142612;7416.500000000;45;9566917513;B
20240208;142612;7417.000000000;127;9566917514;B
20240208;142612;7412.000000000;1;9566917529;S
20240208;142612;7416.000000000;25;9566917662;B
20240208;142612;7416.500000000;102;9566917663;B
20240208;142612;7416.500000000;20;9566917664;B
20240208;142612;7417.000000000;53;9566917665;B
20240208;142613;7412.000000000;10;9566917676;S
20240208;142613;7411.500000000;58;9566917677;S
20240208;142613;7411.000000000;20;9566917678;S
20240208;142613;7411.000000000;58;9566917679;S
20240208;142613;7411.000000000;32;9566917680;S
20240208;142613;7410.500000000;60;9566917681;S
20240208;142613;7410.500000000;20;9566917682;S
20240208;142613;7410.000000000;167;9566917683;S
20240208;142613;7414.500000000;1;9566917934;B
20240208;142614;7411.000000000;1;9566917966;S
20240208;142614;7410.000000000;133;9566917967;S
20240208;142614;7410.000000000;41;9566917968;S
20240208;142614;7410.000000000;100;9566917969;S
20240208;142614;7409.500000000;3;9566917970;S
20240208;142614;7409.000000000;279;9566917971;S
20240208;142614;7409.000000000;10;9566917972;S
20240208;142614;7408.500000000;20;9566917973;S
20240208;142614;7408.000000000;14;9566917974;S
20240208;142614;7407.000000000;10;9566917975;S
20240208;142614;7406.000000000;20;9566917976;S
20240208;142614;7406.000000000;50;9566917977;S
20240208;142614;7405.000000000;40;9566917978;S
20240208;142614;7404.500000000;1;9566917979;S
20240208;142614;7404.500000000;32;9566917980;S
20240208;142614;7404.500000000;20;9566917981;S
20240208;142614;7404.000000000;25;9566917982;S
20240208;142614;7404.000000000;26;9566917983;S
20240208;142614;7403.500000000;20;9566917984;S
20240208;142614;7403.500000000;15;9566917985;S
20240208;142614;7403.500000000;10;9566917986;S
20240208;142614;7403.000000000;10;9566917987;S
20240208;142614;7403.000000000;60;9566917988;S
20240208;142614;7403.000000000;50;9566917989;B
20240208;142614;7403.000000000;15;9566917990;B
20240208;142614;7403.000000000;5;9566917998;B
20240208;142614;7403.000000000;2;9566918010;B
20240208;142614;7403.000000000;7;9566918041;B
20240208;142614;7403.000000000;10;9566918100;B
20240208;142615;7403.000000000;269;9566918165;B
20240208;142615;7402.000000000;9;9566918262;S
20240208;142615;7401.500000000;41;9566918263;B
20240208;142615;7402.500000000;2;9566918264;B
20240208;142615;7403.000000000;202;9566918265;B
20240208;142615;7403.000000000;1;9566918266;B
20240208;142615;7407.000000000;20;9566918267;B
20240208;142615;7407.000000000;10;9566918268;B
20240208;142615;7408.000000000;58;9566918269;B
20240208;142615;7408.500000000;40;9566918270;B
20240208;142615;7409.000000000;20;9566918271;B
20240208;142615;7409.500000000;6;9566918272;B
20240208;142615;7406.500000000;1;9566918306;S
20240208;142615;7409.000000000;10;9566918307;B
20240208;142615;7409.000000000;7;9566918308;B
20240208;142615;7409.500000000;9;9566918309;B
20240208;142615;7406.500000000;9;9566918332;S
20240208;142615;7403.500000000;12;9566918333;S
20240208;142616;7403.000000000;9;9566918400;S
20240208;142616;7403.000000000;26;9566918401;S
20240208;142616;7403.000000000;1;9566918456;S
20240208;142617;7408.000000000;20;9566918631;B
20240208;142617;7404.000000000;2;9566918643;S
20240208;142617;7404.000000000;20;9566918658;B
20240208;142617;7404.000000000;3;9566918662;B
20240208;142617;7404.000000000;5;9566918687;B
20240208;142618;7404.000000000;8;9566918694;B
20240208;142618;7406.500000000;2;9566918695;B
20240208;142618;7404.000000000;1;9566918700;B
20240208;142618;7405.000000000;8;9566918834;B
20240208;142620;7405.000000000;8;9566918951;B
20240208;142620;7405.000000000;45;9566918954;B
20240208;142620;7405.000000000;21;9566918995;B
20240208;142620;7405.000000000;97;9566919028;B
20240208;142620;7405.000000000;1;9566919029;B
20240208;142620;7405.000000000;1;9566919030;B
20240208;142620;7405.000000000;1;9566919031;B
20240208;142620;7405.000000000;15;9566919051;B
20240208;142621;7405.000000000;64;9566919052;B
20240208;142621;7405.000000000;1;9566919053;B
20240208;142621;7405.000000000;1;9566919064;B
20240208;142621;7405.000000000;290;9566919096;B
20240208;142621;7405.000000000;10;9566919097;B
20240208;142621;7405.000000000;1;9566919101;B
20240208;142621;7404.500000000;21;9566919115;S
20240208;142621;7404.000000000;5;9566919116;S
20240208;142621;7404.000000000;64;9566919117;S
20240208;142621;7404.000000000;5;9566919118;S
20240208;142621;7403.500000000;10;9566919119;S
20240208;142621;7403.500000000;20;9566919120;S
20240208;142621;7403.000000000;20;9566919121;S
20240208;142621;7403.000000000;2;9566919122;S
20240208;142621;7402.500000000;5;9566919123;S
20240208;142621;7402.500000000;1;9566919124;S
20240208;142621;7402.500000000;60;9566919125;S
20240208;142621;7402.000000000;25;9566919126;S
20240208;142621;7401.500000000;20;9566919127;S
20240208;142621;7401.000000000;7;9566919128;S
20240208;142621;7401.000000000;7;9566919129;S
20240208;142621;7401.000000000;7;9566919130;S
20240208;142621;7401.000000000;7;9566919131;S
20240208;142621;7401.000000000;1;9566919132;S
20240208;142621;7401.000000000;10;9566919133;S
20240208;142621;7401.000000000;5;9566919134;S
20240208;142621;7401.000000000;30;9566919135;S
20240208;142621;7400.500000000;3;9566919136;S
20240208;142621;7400.000000000;2;9566919137;S
20240208;142621;7400.000000000;6;9566919138;S
20240208;142621;7400.000000000;4;9566919139;S
20240208;142621;7400.000000000;2;9566919140;S
20240208;142621;7400.000000000;2;9566919141;S
20240208;142621;7400.000000000;1;9566919142;S
20240208;142621;7400.000000000;5;9566919143;S
20240208;142621;7400.000000000;5;9566919149;B
20240208;142621;7400.000000000;30;9566919154;B
20240208;142621;7400.000000000;20;9566919167;B
20240208;142622;7399.500000000;5;9566919180;S
20240208;142622;7399.500000000;20;9566919181;S
20240208;142622;7399.500000000;10;9566919182;S
20240208;142622;7399.500000000;1;9566919183;S
20240208;142622;7400.000000000;7;9566919190;B
20240208;142622;7400.000000000;30;9566919207;B
20240208;142622;7400.000000000;500;9566919214;B
20240208;142622;7399.000000000;1;9566919240;S
20240208;142622;7398.000000000;5;9566919241;S
20240208;142623;7398.000000000;3;9566919270;B
20240208;142623;7398.000000000;1;9566919272;B
20240208;142623;7397.500000000;5;9566919283;S
20240208;142623;7397.500000000;6;9566919284;S
20240208;142623;7397.000000000;2;9566919285;S
20240208;142623;7397.000000000;2;9566919286;S
20240208;142623;7397.000000000;3;9566919291;S
20240208;142623;7397.000000000;1;9566919293;S
20240208;142623;7397.500000000;21;9566919313;B
20240208;142623;7398.000000000;17;9566919314;B
20240208;142623;7398.000000000;3;9566919321;B
20240208;142624;7397.000000000;8;9566919384;S
20240208;142625;7397.500000000;5;9566919433;B
20240208;142625;7397.500000000;1;9566919434;B
20240208;142625;7398.000000000;9;9566919435;B
20240208;142625;7398.000000000;3;9566919442;B
20240208;142625;7398.000000000;5;9566919493;B
20240208;142625;7397.000000000;2;9566919509;S
20240208;142625;7397.500000000;12;9566919538;B
20240208;142625;7398.000000000;3;9566919539;B
20240208;142625;7398.500000000;1;9566919540;B
20240208;142625;7399.000000000;4;9566919541;B
20240208;142626;7399.000000000;1;9566919558;B
20240208;142626;7398.000000000;25;9566919587;B
20240208;142627;7399.000000000;16;9566919673;B
20240208;142627;7399.000000000;17;9566919675;B
20240208;142627;7399.000000000;62;9566919676;B
20240208;142627;7400.000000000;4;9566919704;B
20240208;142627;7400.000000000;5;9566919711;B
20240208;142627;7398.000000000;1;9566919714;S
20240208;142628;7400.000000000;2;9566919763;B
20240208;142628;7400.000000000;30;9566919766;B
20240208;142628;7400.000000000;1;9566919790;B
20240208;142628;7398.500000000;5;9566919794;S
20240208;142628;7398.500000000;5;9566919795;S
20240208;142628;7398.000000000;21;9566919796;S
20240208;142628;7398.000000000;20;9566919797;S
20240208;142628;7397.500000000;5;9566919798;S
20240208;142628;7397.000000000;50;9566919799;S
20240208;142628;7397.000000000;67;9566919800;S
20240208;142628;7397.000000000;6;9566919801;S
20240208;142628;7397.000000000;27;9566919802;S
20240208;142628;7397.000000000;32;9566919803;B
20240208;142628;7397.000000000;1;9566919805;B
20240208;142628;7397.000000000;5;9566919812;B
20240208;142629;7397.000000000;30;9566919820;B
20240208;142629;7397.000000000;2;9566919822;B
20240208;142629;7397.000000000;7;9566919831;B
20240208;142629;7397.000000000;67;9566919835;B
20240208;142629;7396.500000000;1;9566919849;S
20240208;142629;7396.500000000;1;9566919850;S
20240208;142629;7396.000000000;2;9566919851;S
20240208;142629;7397.000000000;22;9566919854;B
20240208;142630;7396.000000000;5;9566919888;S
20240208;142630;7397.000000000;3;9566919913;B
20240208;142630;7397.000000000;15;9566919932;B
20240208;142630;7397.000000000;5;9566919949;B
20240208;142631;7396.000000000;14;9566919961;S
20240208;142631;7395.500000000;40;9566919962;S
20240208;142631;7395.000000000;11;9566919963;S
20240208;142631;7397.000000000;605;9566919969;B
20240208;142631;7397.000000000;200;9566919970;B
20240208;142631;7397.000000000;20;9566919971;B
20240208;142631;7399.000000000;10;9566919972;B
20240208;142631;7400.000000000;163;9566919973;B
20240208;142631;7400.000000000;1;9566919974;B
20240208;142631;7400.000000000;1;9566919975;B
20240208;142631;7400.000000000;2;9566919977;B
20240208;142631;7400.000000000;5;9566919987;B
20240208;142631;7397.000000000;1;9566920032;S
20240208;142632;7400.000000000;39;9566920076;B
20240208;142632;7400.500000000;1;9566920077;B
20240208;142632;7403.000000000;3;9566920078;B
20240208;142632;7403.000000000;39;9566920079;B
20240208;142632;7403.500000000;18;9566920080;B
20240208;142632;7403.500000000;2;9566920085;B
20240208;142632;7404.000000000;5;9566920086;B
20240208;142633;7405.000000000;2;9566920231;B
20240208;142633;7400.500000000;7;9566920265;S
20240208;142633;7400.500000000;18;9566920266;B
20240208;142633;7401.000000000;1;9566920274;S
20240208;142633;7401.000000000;20;9566920275;S
20240208;142633;7400.500000000;23;9566920276;S
20240208;142633;7400.000000000;3;9566920277;S
20240208;142633;7400.000000000;20;9566920278;S
20240208;142633;7399.500000000;1;9566920279;S
20240208;142633;7399.000000000;20;9566920280;S
20240208;142633;7399.000000000;78;9566920281;S
20240208;142633;7398.500000000;5;9566920282;S
20240208;142633;7398.500000000;5;9566920283;S
20240208;142633;7398.500000000;40;9566920284;S
20240208;142633;7398.000000000;1;9566920285;S
20240208;142633;7397.500000000;1;9566920286;S
20240208;142633;7397.500000000;20;9566920287;S
20240208;142633;7397.000000000;100;9566920288;S
20240208;142633;7397.000000000;20;9566920289;S
20240208;142633;7396.000000000;100;9566920290;S
20240208;142633;7395.500000000;3;9566920291;S
20240208;142633;7395.500000000;10;9566920292;S
20240208;142633;7395.500000000;27;9566920293;S
20240208;142633;7395.000000000;3;9566920294;S
20240208;142633;7395.000000000;1;9566920295;S
20240208;142633;7395.000000000;20;9566920296;S
20240208;142633;7394.500000000;40;9566920297;S
20240208;142633;7394.500000000;4;9566920298;S
20240208;142633;7404.000000000;1;9566920341;B
20240208;142634;7401.000000000;25;9566920376;S
20240208;142634;7397.000000000;58;9566920377;S
20240208;142634;7396.500000000;21;9566920378;S
20240208;142634;7396.500000000;20;9566920379;S
20240208;142634;7395.500000000;10;9566920380;S
20240208;142634;7395.000000000;10;9566920381;S
20240208;142634;7395.000000000;27;9566920382;S
20240208;142634;7394.500000000;1;9566920383;S
20240208;142634;7394.500000000;50;9566920384;S
20240208;142634;7394.500000000;20;9566920385;S
20240208;142634;7394.000000000;8;9566920386;S
20240208;142634;7394.000000000;1;9566920390;S
20240208;142635;7400.000000000;10;9566920449;S
20240208;142635;7395.000000000;3;9566920484;S
20240208;142635;7396.500000000;20;9566920486;B
20240208;142636;7394.000000000;16;9566920549;S
20240208;142636;7394.000000000;24;9566920556;B
20240208;142636;7395.500000000;21;9566920557;B
20240208;142636;7396.000000000;5;9566920558;B
20240208;142636;7396.000000000;20;9566920559;B
20240208;142636;7397.000000000;10;9566920560;B
20240208;142636;7397.000000000;2;9566920561;B
20240208;142636;7397.500000000;8;9566920562;B
20240208;142636;7396.000000000;10;9566920567;B
20240208;142636;7396.000000000;11;9566920568;B
20240208;142636;7396.000000000;4;9566920569;B
20240208;142636;7397.000000000;5;9566920576;B
20240208;142636;7397.000000000;16;9566920600;B
20240208;142636;7397.500000000;4;9566920601;B
20240208;142637;7397.500000000;15;9566920648;B
20240208;142637;7397.500000000;1;9566920722;B
20240208;142637;7397.500000000;2;9566920751;B
20240208;142638;7397.500000000;8;9566920781;B
20240208;142638;7397.500000000;2;9566920782;B
20240208;142638;7397.500000000;1;9566920812;B
20240208;142638;7397.500000000;17;9566920815;B
20240208;142638;7397.500000000;19;9566920816;B
20240208;142638;7397.500000000;10;9566920817;B
20240208;142638;7398.000000000;12;9566920818;B
20240208;142639;7398.000000000;100;9566920905;B
20240208;142639;7398.000000000;180;9566920909;B
20240208;142639;7397.500000000;5;9566920912;S
20240208;142640;7398.000000000;40;9566921001;B
20240208;142640;7398.000000000;20;9566921003;B
20240208;142640;7398.000000000;20;9566921007;B
20240208;142640;7398.000000000;30;9566921035;B
20240208;142640;7398.000000000;2;9566921051;B
20240208;142641;7398.000000000;10;9566921092;B
20240208;142641;7398.000000000;1;9566921112;B
20240208;142641;7398.000000000;975;9566921137;B
20240208;142641;7398.000000000;5;9566921138;B
20240208;142641;7400.500000000;5;9566921139;B
20240208;142641;7401.500000000;20;9566921140;B
20240208;142641;7403.000000000;44;9566921142;B
20240208;142642;7402.500000000;11;9566921181;S
20240208;142642;7400.000000000;1;9566921182;S
20240208;142642;7400.000000000;1;9566921193;B
20240208;142642;7399.500000000;1;9566921211;S
20240208;142642;7399.500000000;1;9566921246;S
20240208;142642;7400.000000000;7;9566921250;B
20240208;142642;7403.000000000;6;9566921251;B
20240208;142642;7403.000000000;7;9566921252;B
20240208;142645;7403.000000000;10;9566921463;B
20240208;142645;7403.000000000;40;9566921464;B
20240208;142646;7403.000000000;1;9566921514;B
20240208;142646;7402.500000000;6;9566921517;S
20240208;142646;7402.500000000;4;9566921518;S
20240208;142646;7402.500000000;9;9566921519;S
20240208;142646;7402.000000000;1;9566921520;S
20240208;142646;7403.000000000;1;9566921581;B
20240208;142647;7401.500000000;3;9566921586;S
20240208;142647;7403.000000000;3;9566921592;B
20240208;142647;7401.500000000;1;9566921626;S
20240208;142648;7402.500000000;13;9566921644;B
20240208;142648;7403.000000000;37;9566921645;B
20240208;142648;7403.000000000;5;9566921647;B
20240208;142648;7402.000000000;1;9566921654;S
20240208;142648;7403.000000000;13;9566921681;B
20240208;142648;7403.000000000;2;9566921682;B
20240208;142648;7403.000000000;1;9566921710;B
20240208;142648;7403.000000000;9;9566921711;B
20240208;142649;7402.000000000;29;9566921744;S
20240208;142649;7402.000000000;63;9566921752;B
20240208;142649;7401.500000000;4;9566921760;S
20240208;142650;7402.000000000;30;9566921819;B
20240208;142650;7400.500000000;10;9566921823;S
20240208;142650;7402.000000000;1;9566921826;B
20240208;142650;7400.500000000;6;9566921829;S
20240208;142650;7401.500000000;1;9566921849;B
20240208;142650;7401.500000000;22;9566921865;B
20240208;142650;7401.500000000;15;9566921880;B
20240208;142650;7401.500000000;1;9566921881;B
20240208;142650;7402.000000000;4;9566921882;B
20240208;142651;7401.000000000;25;9566921909;B
20240208;142651;7401.000000000;10;9566921922;B
20240208;142651;7400.000000000;3;9566921952;S
20240208;142651;7399.500000000;5;9566921953;S
20240208;142651;7399.500000000;10;9566921954;S
20240208;142652;7399.500000000;100;9566921982;B
20240208;142652;7399.500000000;50;9566922004;B
20240208;142652;7399.000000000;30;9566922005;S
20240208;142652;7398.500000000;21;9566922006;S
20240208;142652;7398.000000000;1020;9566922007;S
20240208;142652;7398.000000000;5;9566922008;S
20240208;142652;7398.000000000;50;9566922009;S
20240208;142652;7398.000000000;10;9566922010;S
20240208;142652;7398.000000000;10;9566922011;S
20240208;142652;7397.500000000;1;9566922012;S
20240208;142652;7397.000000000;6;9566922018;S
20240208;142652;7397.000000000;24;9566922019;S
20240208;142652;7396.500000000;10;9566922020;S
20240208;142652;7395.000000000;13;9566922045;S
20240208;142652;7395.500000000;21;9566922049;B
20240208;142652;7396.000000000;9;9566922050;B
20240208;142653;7396.000000000;32;9566922069;B
20240208;142653;7398.000000000;1;9566922101;B
20240208;142654;7398.000000000;119;9566922124;B
20240208;142654;7399.000000000;50;9566922125;B
20240208;142654;7399.500000000;32;9566922126;B
20240208;142654;7399.500000000;100;9566922127;B
20240208;142654;7400.000000000;10;9566922128;B
20240208;142654;7400.000000000;20;9566922129;B
20240208;142655;7400.500000000;21;9566922257;B
20240208;142655;7401.000000000;5;9566922258;B
20240208;142655;7401.000000000;10;9566922259;B
20240208;142655;7401.500000000;2;9566922260;B
20240208;142655;7401.500000000;7;9566922261;B
20240208;142655;7402.000000000;5;9566922262;B
20240208;142657;7400.000000000;1;9566922480;S
20240208;142657;7400.000000000;10;9566922481;S
20240208;142657;7400.000000000;8;9566922482;S
20240208;142657;7400.000000000;10;9566922483;S
20240208;142657;7400.000000000;1;9566922484;S
20240208;142657;7400.000000000;39;9566922485;S
20240208;142657;7398.000000000;1;9566922486;S
20240208;142657;7398.000000000;20;9566922795;S
20240208;142657;7397.500000000;15;9566922800;S
20240208;142657;7398.000000000;1;9566922845;B
20240208;142657;7398.000000000;1;9566922851;B
20240208;142657;7398.000000000;4;9566922862;B
20240208;142657;7398.000000000;4;9566922903;B
20240208;142658;7397.500000000;10;9566922949;S
20240208;142659;7397.500000000;2;9566923409;S
20240208;142659;7397.500000000;6;9566923444;S
20240208;142659;7398.000000000;5;9566923479;B
20240208;142659;7398.500000000;1;9566923480;B
20240208;142659;7399.000000000;4;9566923481;B
20240208;142659;7397.500000000;37;9566923545;S
20240208;142659;7396.000000000;3;9566923546;S
20240208;142700;7396.000000000;15;9566923743;S
20240208;142700;7397.000000000;1;9566923840;B
20240208;142700;7396.000000000;1;9566923843;S
20240208;142700;7399.000000000;1;9566923865;B
20240208;142700;7398.500000000;1;9566923886;B
20240208;142701;7399.000000000;10;9566923913;B
20240208;142701;7399.000000000;10;9566923950;B
20240208;142702;7396.000000000;1;9566923990;S
20240208;142703;7397.000000000;5;9566924045;B
20240208;142703;7397.000000000;21;9566924046;B
20240208;142703;7397.500000000;24;9566924047;B
20240208;142703;7396.000000000;2;9566924098;B
20240208;142703;7396.500000000;3;9566924104;B
20240208;142703;7397.500000000;7;9566924105;B
20240208;142703;7398.000000000;1;9566924106;B
20240208;142703;7398.000000000;4;9566924107;B
20240208;142703;7395.500000000;1;9566924119;S
20240208;142703;7398.000000000;15;9566924122;B
20240208;142704;7397.500000000;2;9566924150;B
20240208;142704;7397.000000000;1;9566924164;S
20240208;142705;7397.500000000;5;9566924188;B
20240208;142705;7397.000000000;99;9566924189;S
20240208;142705;7395.500000000;5;9566924190;S
20240208;142705;7395.500000000;5;9566924191;S
20240208;142705;7395.000000000;57;9566924192;S
20240208;142705;7394.500000000;7;9566924193;S
20240208;142705;7394.500000000;50;9566924194;S
20240208;142705;7393.500000000;10;9566924195;S
20240208;142705;7393.500000000;20;9566924196;S
20240208;142705;7393.000000000;5;9566924197;S
20240208;142705;7393.000000000;1;9566924198;S
20240208;142705;7393.000000000;25;9566924199;S
20240208;142705;7392.500000000;5;9566924200;S
20240208;142705;7392.500000000;58;9566924201;S
20240208;142705;7392.000000000;50;9566924202;S
20240208;142705;7392.000000000;40;9566924203;S
20240208;142705;7392.000000000;10;9566924204;S
20240208;142705;7391.500000000;1;9566924209;S
20240208;142706;7394.500000000;10;9566924312;S
20240208;142706;7394.500000000;50;9566924345;B
20240208;142707;7394.500000000;14;9566924352;B
20240208;142707;7392.000000000;21;9566924366;S
20240208;142707;7391.500000000;4;9566924367;S
20240208;142707;7391.500000000;7;9566924368;S
20240208;142707;7391.000000000;1;9566924369;S
20240208;142707;7391.000000000;2;9566924370;S
20240208;142707;7390.500000000;25;9566924374;S
20240208;142707;7390.500000000;1;9566924388;S
20240208;142708;7392.500000000;5;9566924474;B
20240208;142708;7393.500000000;21;9566924475;B
20240208;142708;7394.000000000;94;9566924476;B
20240208;142711;7395.000000000;22;9566924691;B
20240208;142711;7395.000000000;28;9566924697;B
20240208;142711;7396.000000000;1;9566924698;B
20240208;142711;7396.000000000;1;9566924699;B
20240208;142711;7396.000000000;5;9566924700;B
20240208;142711;7395.500000000;12;9566924739;B
20240208;142711;7396.000000000;3;9566924740;B
20240208;142712;7392.000000000;10;9566924744;S
20240208;142712;7392.500000000;1;9566924757;S
20240208;142712;7395.500000000;97;9566924780;B
20240208;142712;7396.000000000;3;9566924781;B
20240208;142712;7396.000000000;2;9566924788;B
20240208;142712;7397.000000000;1;9566924789;B
20240208;142712;7397.000000000;4;9566924790;B
20240208;142712;7397.500000000;23;9566924791;B
20240208;142713;7394.500000000;15;9566924843;B
20240208;142713;7395.500000000;82;9566924844;B
20240208;142714;7395.500000000;5;9566924908;B
20240208;142714;7393.500000000;4;9566924926;S
20240208;142714;7392.500000000;4;9566924927;S
20240208;142714;7392.000000000;7;9566924928;S
20240208;142714;7395.500000000;4;9566924936;B
20240208;142715;7395.500000000;6;9566924971;B
20240208;142715;7395.500000000;34;9566924981;B
20240208;142715;7392.500000000;2;9566924993;S
20240208;142715;7395.000000000;1;9566924996;B
20240208;142715;7395.500000000;32;9566924997;B
20240208;142716;7394.500000000;3;9566925087;B
20240208;142717;7394.000000000;1;9566925115;B
20240208;142717;7394.500000000;12;9566925123;B
20240208;142717;7394.500000000;1;9566925146;B
20240208;142717;7394.500000000;6;9566925153;B
20240208;142717;7394.500000000;4;9566925154;B
20240208;142717;7395.000000000;15;9566925165;B
20240208;142718;7395.000000000;20;9566925194;B
20240208;142718;7395.000000000;20;9566925215;B
20240208;142718;7394.000000000;5;9566925223;S
20240208;142718;7394.000000000;73;9566925238;B
20240208;142718;7392.500000000;2;9566925264;S
20240208;142719;7393.500000000;100;9566925321;B
20240208;142719;7394.000000000;172;9566925322;B
20240208;142719;7394.500000000;20;9566925323;B
20240208;142719;7395.000000000;108;9566925324;B
20240208;142719;7393.000000000;1;9566925337;B
20240208;142719;7395.000000000;35;9566925340;B
20240208;142719;7394.000000000;1;9566925381;S
20240208;142719;7392.500000000;1;9566925382;S
20240208;142720;7395.500000000;5;9566925428;B
20240208;142720;7395.500000000;32;9566925429;B
20240208;142720;7394.500000000;1;9566925438;B
20240208;142720;7397.500000000;67;9566925441;B
20240208;142720;7394.000000000;8;9566925454;S
20240208;142721;7394.000000000;25;9566925481;B
20240208;142721;7394.000000000;20;9566925484;B
20240208;142721;7394.000000000;50;9566925512;B
20240208;142721;7394.000000000;100;9566925513;B
20240208;142721;7394.000000000;2;9566925514;B
20240208;142721;7394.000000000;195;9566925532;B
20240208;142721;7394.500000000;23;9566925533;B
20240208;142721;7396.000000000;256;9566925534;B
20240208;142722;7393.500000000;2;9566925611;S
20240208;142722;7393.000000000;1;9566925612;B
20240208;142722;7393.000000000;2;9566925613;B
20240208;142723;7395.000000000;3;9566925660;B
20240208;142723;7395.000000000;7;9566925661;B
20240208;142723;7395.000000000;13;9566925666;B
20240208;142723;7395.000000000;30;9566925701;B
20240208;142723;7396.000000000;14;9566925702;B
20240208;142723;7396.000000000;3;9566925704;B
20240208;142724;7396.000000000;5;9566925721;B
20240208;142724;7396.000000000;10;9566925754;B
20240208;142725;7395.000000000;21;9566925812;S
20240208;142725;7394.500000000;12;9566925813;S
20240208;142725;7396.000000000;50;9566925814;B
20240208;142725;7396.000000000;15;9566925820;B
20240208;142725;7396.000000000;30;9566925821;B
20240208;142725;7396.000000000;8;9566925822;B
20240208;142725;7396.000000000;9;9566925827;B
20240208;142725;7396.000000000;31;9566925828;B
20240208;142725;7396.000000000;1;9566925851;B
20240208;142726;7396.000000000;3;9566925867;B
20240208;142726;7396.000000000;5;9566925886;B
20240208;142727;7396.000000000;14;9566926054;B
20240208;142727;7396.000000000;11;9566926055;B
20240208;142727;7396.000000000;10;9566926059;B
20240208;142727;7396.000000000;1;9566926078;B
20240208;142727;7396.000000000;8;9566926096;B
20240208;142728;7396.000000000;1;9566926129;B
20240208;142728;7396.000000000;2;9566926150;B
20240208;142728;7396.000000000;6;9566926154;B
20240208;142728;7396.000000000;8;9566926169;B
20240208;142728;7396.000000000;8;9566926182;B
20240208;142728;7398.000000000;3;9566926183;B
20240208;142729;7398.500000000;20;9566926284;S
20240208;142729;7397.000000000;1;9566926285;S
20240208;142730;7397.000000000;10;9566926295;B
20240208;142730;7397.000000000;2;9566926340;B
20240208;142730;7397.000000000;2;9566926367;B
20240208;142731;7400.000000000;10;9566926442;B
20240208;142731;7397.000000000;5;9566926448;S
20240208;142732;7399.500000000;9;9566926497;B
20240208;142732;7399.500000000;13;9566926498;B
20240208;142732;7400.000000000;10;9566926514;B
20240208;142733;7400.000000000;1;9566926545;B
20240208;142733;7400.000000000;2;9566926546;B
20240208;142733;7400.000000000;10;9566926547;B
20240208;142733;7400.000000000;5;9566926548;B
20240208;142733;7400.000000000;1;9566926549;B
20240208;142733;7400.000000000;203;9566926550;B
20240208;142733;7400.000000000;10;9566926551;B
20240208;142733;7397.000000000;5;9566926579;S
20240208;142733;7398.000000000;5;9566926607;B
20240208;142734;7398.000000000;5;9566926645;B
20240208;142734;7398.000000000;1;9566926646;B
20240208;142734;7397.000000000;11;9566926647;S
20240208;142734;7397.000000000;1;9566926648;S
20240208;142734;7396.500000000;11;9566926649;S
20240208;142734;7399.500000000;5;9566926660;B
20240208;142734;7399.500000000;22;9566926661;B
20240208;142734;7399.500000000;53;9566926662;B
20240208;142734;7400.000000000;87;9566926663;B
20240208;142734;7400.000000000;33;9566926664;B
20240208;142734;7400.000000000;7;9566926667;B
20240208;142734;7400.000000000;10;9566926672;B
20240208;142735;7398.500000000;1;9566926717;B
20240208;142735;7398.500000000;4;9566926718;B
20240208;142735;7398.500000000;15;9566926743;B
20240208;142735;7398.500000000;10;9566926770;B
20240208;142737;7398.500000000;3;9566926875;B
20240208;142738;7398.500000000;6;9566926940;B
20240208;142738;7398.500000000;10;9566926985;B
20240208;142738;7398.000000000;1;9566926989;S
20240208;142738;7398.500000000;1;9566927014;B
20240208;142738;7399.500000000;22;9566927015;B
20240208;142738;7399.500000000;1;9566927016;B
20240208;142738;7400.000000000;26;9566927017;B
20240208;142739;7400.000000000;29;9566927032;B
20240208;142739;7400.000000000;171;9566927033;B
20240208;142739;7398.500000000;5;9566927052;S
20240208;142739;7400.000000000;29;9566927061;B
20240208;142739;7400.000000000;1;9566927062;B
20240208;142739;7400.500000000;22;9566927063;B
20240208;142739;7401.000000000;10;9566927064;B
20240208;142739;7401.000000000;1;9566927065;B
20240208;142739;7401.500000000;1;9566927066;B
20240208;142739;7401.500000000;10;9566927067;B
20240208;142739;7401.500000000;50;9566927068;B
20240208;142739;7401.500000000;1;9566927069;B
20240208;142739;7402.000000000;40;9566927070;B
20240208;142739;7402.000000000;6;9566927071;B
20240208;142739;7402.000000000;3;9566927072;B
20240208;142739;7402.000000000;5;9566927073;B
20240208;142739;7402.000000000;30;9566927074;B
20240208;142739;7402.000000000;10;9566927075;B
20240208;142739;7402.500000000;5;9566927076;B
20240208;142739;7403.000000000;1;9566927077;B
20240208;142739;7403.000000000;10;9566927078;B
20240208;142739;7403.000000000;250;9566927079;B
20240208;142739;7403.000000000;13;9566927080;B
20240208;142739;7403.000000000;3;9566927081;B
20240208;142739;7403.000000000;3;9566927082;B
20240208;142739;7403.500000000;1;9566927083;B
20240208;142739;7403.500000000;20;9566927084;B
20240208;142739;7404.000000000;20;9566927085;B
20240208;142739;7404.000000000;10;9566927086;B
20240208;142739;7404.000000000;27;9566927087;B
20240208;142739;7404.000000000;18;9566927088;B
20240208;142739;7404.500000000;10;9566927090;B
20240208;142739;7404.000000000;3;9566927108;S
20240208;142740;7405.000000000;4;9566927140;B
20240208;142740;7405.000000000;1;9566927141;B
20240208;142740;7405.000000000;2;9566927142;B
20240208;142740;7404.000000000;21;9566927151;S
20240208;142740;7403.500000000;19;9566927152;S
20240208;142740;7405.000000000;1;9566927229;B
20240208;142740;7405.000000000;2;9566927230;B
20240208;142740;7405.000000000;8;9566927231;B
20240208;142740;7403.000000000;6;9566927237;S
20240208;142740;7405.000000000;2;9566927250;B
20240208;142740;7405.000000000;10;9566927251;B
20240208;142740;7406.000000000;3;9566927252;B
20240208;142740;7407.500000000;5;9566927253;B
20240208;142740;7407.500000000;25;9566927254;B
20240208;142740;7408.000000000;4;9566927255;B
20240208;142740;7408.000000000;20;9566927256;B
20240208;142740;7408.000000000;10;9566927257;B
20240208;142740;7408.000000000;21;9566927258;B
20240208;142740;7408.500000000;20;9566927273;B
20240208;142740;7409.000000000;5;9566927274;B
20240208;142740;7409.000000000;2;9566927275;B
20240208;142740;7409.000000000;13;9566927276;B
20240208;142741;7406.000000000;1;9566927312;B
20240208;142741;7409.000000000;49;9566927313;B
20240208;142741;7409.500000000;7;9566927323;B
20240208;142741;7404.500000000;58;9566927372;S
20240208;142741;7404.000000000;20;9566927373;S
20240208;142741;7403.500000000;21;9566927374;S
20240208;142741;7401.500000000;20;9566927375;S
20240208;142741;7400.000000000;58;9566927376;S
20240208;142741;7400.000000000;21;9566927377;S
20240208;142741;7399.500000000;40;9566927378;S
20240208;142741;7399.500000000;20;9566927379;S
20240208;142741;7399.000000000;10;9566927380;S
20240208;142741;7398.000000000;27;9566927381;S
20240208;142741;7397.500000000;8;9566927382;S
20240208;142741;7397.500000000;40;9566927383;S
20240208;142741;7397.000000000;20;9566927384;S
20240208;142741;7396.500000000;9;9566927385;S
20240208;142741;7396.000000000;20;9566927386;S
20240208;142741;7396.000000000;70;9566927387;S
20240208;142741;7395.500000000;3;9566927388;S
20240208;142741;7395.500000000;20;9566927389;S
20240208;142741;7395.500000000;10;9566927390;S
20240208;142741;7395.500000000;20;9566927391;S
20240208;142741;7395.500000000;1;9566927392;S
20240208;142741;7395.500000000;20;9566927393;B
20240208;142741;7395.500000000;1;9566927394;B
20240208;142741;7395.500000000;3;9566927395;B
20240208;142741;7399.000000000;15;9566927396;B
20240208;142741;7399.000000000;5;9566927397;B
20240208;142741;7402.000000000;10;9566927398;B
20240208;142741;7402.000000000;100;9566927399;B
20240208;142741;7402.000000000;1;9566927400;B
20240208;142741;7404.500000000;1;9566927402;S
20240208;142741;7404.500000000;1;9566927403;S
20240208;142741;7404.500000000;1;9566927404;S
20240208;142741;7404.500000000;1;9566927405;S
20240208;142741;7404.500000000;1;9566927406;S
20240208;142741;7404.500000000;16;9566927407;S
20240208;142742;7403.500000000;5;9566927415;B
20240208;142742;7403.500000000;5;9566927416;B
20240208;142742;7403.500000000;20;9566927425;B
20240208;142742;7400.500000000;2;9566927427;S
20240208;142742;7400.000000000;8;9566927428;B
20240208;142742;7403.500000000;30;9566927572;B
20240208;142742;7403.500000000;20;9566927576;B
20240208;142742;7404.000000000;19;9566927577;B
20240208;142742;7405.500000000;10;9566927578;B
20240208;142742;7405.500000000;20;9566927579;B
20240208;142742;7406.000000000;20;9566927580;B
20240208;142742;7407.000000000;31;9566927581;B
20240208;142742;7407.500000000;30;9566927582;B
20240208;142742;7400.000000000;1;9566927604;S
20240208;142742;7403.500000000;1;9566927638;B
20240208;142742;7405.000000000;24;9566927639;B
20240208;142745;7403.500000000;5;9566927859;B
20240208;142745;7405.500000000;2;9566927860;B
20240208;142746;7406.000000000;1;9566927904;B
20240208;142746;7406.000000000;2;9566927908;S
20240208;142746;7402.500000000;30;9566927910;S
20240208;142746;7401.500000000;20;9566927911;S
20240208;142746;7401.000000000;12;9566927912;S
20240208;142746;7400.000000000;2;9566927913;S
20240208;142746;7400.000000000;10;9566927914;B
20240208;142746;7400.000000000;95;9566927915;B
20240208;142746;7400.000000000;6;9566927916;B
20240208;142746;7400.000000000;4;9566927917;B
20240208;142746;7400.000000000;16;9566927921;B
20240208;142746;7400.000000000;2;9566927922;B
20240208;142748;7400.000000000;10;9566928070;B
20240208;142749;7401.000000000;5;9566928175;B
20240208;142749;7404.500000000;2;9566928191;B
20240208;142749;7405.000000000;7;9566928192;B
20240208;142749;7405.500000000;1;9566928193;B
20240208;142749;7405.000000000;1;9566928196;B
20240208;142750;7404.000000000;1;9566928262;B
20240208;142750;7404.000000000;4;9566928263;B
20240208;142750;7405.500000000;4;9566928264;B
20240208;142750;7404.500000000;2;9566928279;B
20240208;142750;7405.000000000;5;9566928280;B
20240208;142750;7405.500000000;24;9566928281;B
20240208;142750;7405.500000000;4;9566928282;B
20240208;142750;7406.000000000;5;9566928283;B
20240208;142750;7406.000000000;5;9566928284;B
20240208;142750;7406.000000000;5;9566928285;B
20240208;142750;7406.000000000;6;9566928290;B
20240208;142751;7406.000000000;15;9566928303;B
20240208;142751;7406.000000000;8;9566928344;B
20240208;142751;7406.000000000;6;9566928360;B
20240208;142751;7406.000000000;3;9566928361;B
20240208;142751;7406.000000000;1;9566928362;B
20240208;142752;7404.000000000;9;9566928396;B
20240208;142752;7404.000000000;30;9566928397;B
20240208;142753;7403.000000000;100;9566928452;B
20240208;142753;7403.500000000;3;9566928453;B
20240208;142753;7404.000000000;97;9566928454;B
20240208;142753;7404.000000000;22;9566928456;B
20240208;142753;7404.000000000;150;9566928463;B
20240208;142754;7401.500000000;10;9566928542;B
20240208;142754;7402.500000000;5;9566928543;B
20240208;142754;7400.000000000;1;9566928550;S
20240208;142754;7398.500000000;3;9566928551;S
20240208;142754;7398.500000000;4;9566928552;S
20240208;142755;7401.000000000;10;9566928632;B
20240208;142755;7401.000000000;10;9566928668;B
20240208;142756;7400.500000000;1;9566928725;B
20240208;142756;7401.000000000;15;9566928726;B
20240208;142756;7401.000000000;1;9566928727;B
20240208;142756;7401.000000000;3;9566928728;B
20240208;142756;7401.000000000;2;9566928761;B
20240208;142756;7401.000000000;5;9566928771;S
20240208;142757;7401.500000000;5;9566928788;B
20240208;142757;7402.000000000;60;9566928789;B
20240208;142757;7402.000000000;5;9566928798;B
20240208;142757;7402.000000000;5;9566928840;B
20240208;142758;7402.000000000;10;9566928869;B
20240208;142758;7401.500000000;1;9566928871;S
20240208;142758;7401.500000000;4;9566928872;S
20240208;142758;7401.500000000;3;9566928887;S
20240208;142758;7401.500000000;2;9566928888;S
20240208;142758;7401.000000000;8;9566928889;S
20240208;142759;7401.000000000;5;9566928943;B
20240208;142759;7401.000000000;5;9566928953;B
20240208;142800;7401.000000000;10;9566929034;B
20240208;142800;7401.000000000;10;9566929057;B
20240208;142800;7400.500000000;1;9566929059;S
20240208;142800;7400.500000000;1;9566929079;B
20240208;142801;7400.500000000;1;9566929119;B
20240208;142801;7400.500000000;2;9566929131;B
20240208;142801;7400.500000000;15;9566929132;B
20240208;142801;7400.500000000;6;9566929133;B
20240208;142801;7401.000000000;27;9566929134;B
20240208;142801;7400.500000000;7;9566929142;S
20240208;142801;7401.000000000;10;9566929152;B
20240208;142802;7401.000000000;3;9566929156;B
20240208;142802;7401.000000000;3;9566929167;B
20240208;142802;7400.500000000;14;9566929169;S
20240208;142802;7400.000000000;6;9566929170;S
20240208;142802;7400.500000000;5;9566929203;S
20240208;142803;7401.000000000;3;9566929228;B
20240208;142803;7400.000000000;1;9566929258;S
20240208;142803;7401.000000000;5;9566929268;B
20240208;142803;7401.000000000;88;9566929296;B
20240208;142803;7400.500000000;5;9566929298;S
20240208;142804;7400.000000000;1;9566929320;S
20240208;142804;7400.500000000;5;9566929324;B
20240208;142804;7400.500000000;7;9566929325;B
20240208;142804;7400.500000000;20;9566929342;S
20240208;142805;7400.500000000;5;9566929384;S
20240208;142805;7401.000000000;9;9566929385;B
20240208;142805;7400.500000000;10;9566929412;S
20240208;142805;7401.000000000;12;9566929414;B
20240208;142805;7401.000000000;4;9566929415;B
20240208;142806;7400.500000000;10;9566929583;S
20240208;142806;7400.500000000;1;9566929584;S
20240208;142806;7400.000000000;47;9566929585;S
20240208;142806;7400.000000000;1;9566929586;S
20240208;142806;7400.000000000;13;9566929587;S
20240208;142806;7400.000000000;10;9566929588;S
20240208;142806;7400.000000000;9;9566929589;S
20240208;142806;7400.000000000;3;9566929590;S
20240208;142806;7400.000000000;1;9566929591;S
20240208;142806;7400.000000000;15;9566929592;S
20240208;142806;7399.000000000;1;9566929593;S
20240208;142806;7398.500000000;9;9566929594;S
20240208;142806;7400.000000000;7;9566929613;S
20240208;142806;7400.000000000;3;9566929639;S
20240208;142806;7400.000000000;20;9566929640;B
20240208;142807;7400.000000000;1;9566929649;B
20240208;142807;7398.500000000;5;9566929699;S
20240208;142808;7399.000000000;10;9566929755;B
20240208;142808;7399.000000000;10;9566929771;B
20240208;142809;7399.000000000;10;9566929828;B
20240208;142809;7399.000000000;5;9566929846;B
20240208;142810;7398.500000000;6;9566929924;S
20240208;142810;7398.500000000;30;9566929925;S
20240208;142810;7398.500000000;100;9566929929;B
20240208;142810;7398.500000000;10;9566929930;B
20240208;142811;7398.500000000;1;9566929948;B
20240208;142811;7398.500000000;200;9566929957;B
20240208;142811;7398.500000000;53;9566929959;B
20240208;142811;7398.500000000;25;9566929960;B
20240208;142811;7398.500000000;50;9566930013;B
20240208;142812;7398.500000000;10;9566930034;B
20240208;142812;7398.000000000;12;9566930065;S
20240208;142812;7396.500000000;3;9566930066;S
20240208;142812;7396.000000000;3;9566930067;S
20240208;142812;7398.500000000;113;9566930072;B
20240208;142812;7398.500000000;20;9566930074;B
20240208;142814;7398.000000000;5;9566930156;B
20240208;142814;7398.500000000;22;9566930166;B
20240208;142814;7398.000000000;1;9566930192;S
20240208;142814;7398.500000000;22;9566930198;B
20240208;142815;7398.500000000;36;9566930228;B
20240208;142815;7398.500000000;1;9566930243;B
20240208;142815;7398.500000000;5;9566930285;B
20240208;142815;7398.500000000;10;9566930288;B
20240208;142815;7398.000000000;2;9566930314;S
20240208;142816;7398.000000000;2;9566930401;S
20240208;142816;7398.000000000;1;9566930402;S
20240208;142816;7398.000000000;10;9566930403;S
20240208;142816;7398.000000000;5;9566930407;B
20240208;142816;7398.000000000;5;9566930408;B
20240208;142817;7398.000000000;2;9566930460;B
20240208;142818;7397.500000000;3;9566930490;S
20240208;142818;7398.000000000;10;9566930497;B
20240208;142818;7398.000000000;10;9566930513;B
20240208;142818;7398.000000000;10;9566930525;B
20240208;142819;7398.000000000;5;9566930592;B
20240208;142819;7398.000000000;13;9566930656;B
20240208;142819;7398.000000000;8;9566930659;B
20240208;142819;7398.000000000;2;9566930660;B
20240208;142820;7397.500000000;9;9566930675;S
20240208;142820;7397.000000000;7;9566930676;S
20240208;142820;7397.000000000;2;9566930677;S
20240208;142820;7396.500000000;21;9566930678;S
20240208;142820;7396.000000000;1;9566930679;S
20240208;142820;7396.000000000;10;9566930680;S
20240208;142820;7398.000000000;1;9566930683;B
20240208;142820;7398.500000000;86;9566930684;B
20240208;142820;7398.500000000;16;9566930685;B
20240208;142820;7398.500000000;1;9566930686;B
20240208;142820;7398.500000000;1;9566930687;B
20240208;142820;7398.500000000;2;9566930688;B
20240208;142820;7399.000000000;1;9566930689;B
20240208;142820;7399.000000000;1;9566930690;B
20240208;142820;7399.500000000;15;9566930691;B
20240208;142820;7399.500000000;10;9566930692;B
20240208;142820;7399.500000000;66;9566930693;B
20240208;142821;7397.500000000;6;9566930743;B
20240208;142821;7398.000000000;1;9566930744;B
20240208;142821;7398.000000000;3;9566930745;B
20240208;142821;7397.000000000;1;9566930767;S
20240208;142821;7396.500000000;3;9566930768;S
20240208;142821;7398.000000000;14;9566930794;B
20240208;142821;7398.000000000;5;9566930800;B
20240208;142821;7398.000000000;90;9566930803;B
20240208;142822;7396.500000000;3;9566930862;B
20240208;142822;7396.500000000;7;9566930896;B
20240208;142822;7397.000000000;3;9566930897;B
20240208;142823;7397.000000000;3;9566930943;B
20240208;142823;7397.000000000;50;9566930951;B
20240208;142825;7397.000000000;5;9566931080;B
20240208;142825;7397.000000000;5;9566931081;B
20240208;142825;7396.500000000;1;9566931130;S
20240208;142826;7397.000000000;19;9566931179;B
20240208;142826;7397.000000000;4;9566931182;B
20240208;142826;7397.000000000;6;9566931198;B
20240208;142826;7397.000000000;9;9566931209;B
20240208;142826;7396.500000000;20;9566931224;S
20240208;142826;7396.500000000;8;9566931225;S
20240208;142826;7396.000000000;1;9566931226;S
20240208;142826;7396.500000000;222;9566931249;B
20240208;142826;7397.000000000;96;9566931250;B
20240208;142826;7397.000000000;1;9566931251;B
20240208;142826;7397.500000000;16;9566931252;B
20240208;142827;7397.500000000;4;9566931284;S
20240208;142827;7397.500000000;5;9566931313;S
20240208;142827;7398.000000000;2;9566931367;B
20240208;142827;7398.500000000;1;9566931369;B
20240208;142828;7399.000000000;3;9566931375;B
20240208;142829;7399.000000000;2;9566931463;B
20240208;142829;7399.000000000;76;9566931472;B
20240208;142829;7398.500000000;1;9566931480;S
20240208;142829;7399.000000000;6;9566931524;B
20240208;142830;7398.500000000;1;9566931578;S
20240208;142830;7399.000000000;2;9566931580;B
20240208;142830;7398.500000000;3;9566931627;S
20240208;142831;7399.000000000;10;9566931685;B
20240208;142831;7399.000000000;5;9566931692;B
20240208;142832;7399.000000000;10;9566931717;B
20240208;142832;7399.000000000;5;9566931727;B
20240208;142832;7398.500000000;10;9566931746;S
20240208;142832;7398.000000000;3;9566931747;S
20240208;142832;7398.000000000;1;9566931748;S
20240208;142832;7398.000000000;2;9566931749;S
20240208;142832;7397.500000000;2;9566931750;S
20240208;142832;7397.000000000;5;9566931751;S
20240208;142832;7397.000000000;6;9566931760;B
20240208;142833;7397.000000000;1;9566931790;B
20240208;142833;7397.000000000;5;9566931815;B
20240208;142833;7397.000000000;9;9566931823;B
20240208;142833;7397.000000000;36;9566931847;B
20240208;142833;7397.000000000;2;9566931856;B
20240208;142834;7397.000000000;25;9566931879;B
20240208;142834;7397.000000000;20;9566931913;B
20240208;142834;7397.000000000;10;9566931930;B
20240208;142835;7397.000000000;2;9566931953;B
20240208;142835;7397.000000000;22;9566931955;B
20240208;142836;7397.000000000;1;9566932044;B
20240208;142836;7397.000000000;9;9566932045;B
20240208;142836;7396.500000000;1;9566932049;S
20240208;142837;7397.000000000;1;9566932114;B
20240208;142837;7397.000000000;6;9566932136;B
20240208;142837;7397.000000000;4;9566932137;B
20240208;142838;7397.000000000;7;9566932176;B
20240208;142839;7397.000000000;2;9566932234;B
20240208;142839;7397.000000000;10;9566932244;B
20240208;142839;7396.500000000;1;9566932254;S
20240208;142839;7396.500000000;1;9566932285;S
20240208;142839;7396.000000000;19;9566932286;S
20240208;142839;7395.500000000;21;9566932287;S
20240208;142839;7395.000000000;9;9566932288;S
20240208;142839;7397.000000000;20;9566932298;B
20240208;142839;7397.000000000;15;9566932324;B
20240208;142840;7397.000000000;1;9566932509;B
20240208;142840;7397.000000000;9;9566932510;B
20240208;142841;7397.000000000;6;9566932556;B
20240208;142841;7397.000000000;20;9566932558;B
20240208;142841;7397.000000000;3;9566932591;B
20240208;142841;7397.000000000;8;9566932597;B
20240208;142841;7397.000000000;1;9566932598;B
20240208;142842;7397.000000000;476;9566932620;B
20240208;142842;7398.000000000;17;9566932621;B
20240208;142842;7399.000000000;17;9566932622;B
20240208;142842;7399.500000000;400;9566932623;B
20240208;142842;7399.500000000;5;9566932624;B
20240208;142842;7399.500000000;1;9566932625;B
20240208;142842;7399.500000000;20;9566932626;B
20240208;142842;7400.000000000;464;9566932627;B
20240208;142842;7400.000000000;2;9566932628;B
20240208;142842;7400.000000000;10;9566932629;B
20240208;142842;7400.000000000;5;9566932630;B
20240208;142842;7400.000000000;1;9566932631;B
20240208;142842;7399.500000000;1;9566932637;S
20240208;142842;7398.000000000;9;9566932638;S
20240208;142842;7398.000000000;12;9566932675;S
20240208;142842;7398.000000000;3;9566932676;S
20240208;142842;7397.500000000;85;9566932677;S
20240208;142843;7400.000000000;5;9566932743;B
20240208;142845;7399.500000000;7;9566932887;B
20240208;142845;7400.000000000;5;9566932888;B
20240208;142845;7400.000000000;1;9566932889;B
20240208;142845;7400.000000000;2;9566932890;B
20240208;142845;7400.000000000;15;9566932891;B
20240208;142845;7400.000000000;20;9566932892;B
20240208;142846;7399.500000000;1;9566933022;B
20240208;142847;7399.500000000;9;9566933054;B
20240208;142847;7400.000000000;17;9566933055;B
20240208;142847;7400.000000000;200;9566933077;B
20240208;142848;7400.000000000;20;9566933107;B
20240208;142848;7400.000000000;9;9566933127;B
20240208;142848;7400.000000000;1;9566933148;B
20240208;142848;7400.000000000;15;9566933149;B
20240208;142849;7399.500000000;1;9566933179;S
20240208;142849;7399.500000000;1;9566933190;S
20240208;142849;7399.500000000;8;9566933217;S
20240208;142849;7399.000000000;2;9566933218;S
20240208;142849;7400.000000000;1;9566933222;B
20240208;142851;7399.000000000;8;9566933338;S
20240208;142851;7398.500000000;6;9566933339;S
20240208;142851;7400.000000000;2;9566933353;B
20240208;142852;7400.000000000;10;9566933461;B
20240208;142853;7400.000000000;1;9566933470;B
20240208;142853;7399.500000000;4;9566933512;S
20240208;142853;7399.000000000;11;9566933513;S
20240208;142854;7398.500000000;14;9566933556;S
20240208;142854;7399.500000000;7;9566933611;B
20240208;142855;7399.500000000;1;9566933678;B
20240208;142855;7399.500000000;3;9566933713;B
20240208;142855;7399.500000000;10;9566933714;B
20240208;142855;7400.000000000;137;9566933715;B
20240208;142855;7400.000000000;22;9566933750;B
20240208;142856;7399.500000000;7;9566933757;S
20240208;142856;7399.000000000;21;9566933758;S
20240208;142856;7399.000000000;7;9566933759;B
20240208;142856;7399.000000000;1;9566933768;B
20240208;142856;7399.000000000;64;9566933808;B
20240208;142856;7400.000000000;45;9566933809;B
20240208;142856;7400.000000000;41;9566933810;B
20240208;142857;7399.000000000;2;9566933868;S
20240208;142857;7399.000000000;7;9566933888;S
20240208;142857;7399.000000000;3;9566933889;S
20240208;142857;7398.500000000;4;9566933890;S
20240208;142859;7399.000000000;1;9566934018;S
20240208;142859;7399.500000000;1;9566934055;B
20240208;142859;7399.500000000;7;9566934056;B
20240208;142859;7400.000000000;2;9566934057;B
20240208;142859;7400.000000000;20;9566934102;B
20240208;142900;7399.000000000;5;9566934244;S
20240208;142901;7399.500000000;2;9566934283;B
20240208;142902;7399.500000000;5;9566934368;S
20240208;142902;7399.000000000;14;9566934373;S
20240208;142903;7399.000000000;1;9566934386;S
20240208;142903;7399.500000000;1;9566934412;B
20240208;142904;7399.000000000;1;9566934475;S
20240208;142904;7399.500000000;94;9566934484;B
20240208;142904;7399.500000000;100;9566934485;B
20240208;142904;7399.500000000;21;9566934486;B
20240208;142904;7399.500000000;60;9566934487;B
20240208;142904;7400.000000000;437;9566934488;B
20240208;142904;7400.000000000;40;9566934489;B
20240208;142904;7400.000000000;7;9566934490;B
20240208;142904;7400.000000000;17;9566934491;B
20240208;142904;7400.000000000;224;9566934492;B
20240208;142904;7400.000000000;249;9566934493;B
20240208;142904;7399.500000000;6;9566934519;S
20240208;142905;7400.000000000;20;9566934539;B
20240208;142905;7400.000000000;2;9566934556;B
20240208;142905;7400.000000000;5;9566934557;B
20240208;142905;7400.000000000;1;9566934558;B
20240208;142905;7400.000000000;1;9566934559;B
20240208;142905;7400.500000000;10;9566934560;B
20240208;142905;7400.500000000;5;9566934605;B
20240208;142906;7399.500000000;2;9566934673;S
20240208;142906;7399.500000000;8;9566934674;S
20240208;142906;7399.500000000;4;9566934675;S
20240208;142906;7400.000000000;1;9566934687;B
20240208;142906;7399.500000000;17;9566934690;S
20240208;142906;7399.500000000;1;9566934691;S
20240208;142906;7399.000000000;18;9566934692;S
20240208;142906;7399.000000000;40;9566934693;S
20240208;142906;7399.000000000;5;9566934694;S
20240208;142906;7399.000000000;4;9566934695;S
20240208;142906;7398.500000000;66;9566934696;S
20240208;142906;7398.500000000;10;9566934697;S
20240208;142906;7398.000000000;35;9566934698;S
20240208;142906;7398.000000000;50;9566934699;S
20240208;142906;7398.000000000;20;9566934700;S
20240208;142906;7397.500000000;20;9566934701;S
20240208;142906;7397.000000000;1;9566934702;S
20240208;142906;7397.000000000;10;9566934703;S
20240208;142906;7397.000000000;1;9566934704;S
20240208;142906;7397.000000000;30;9566934705;S
20240208;142906;7397.000000000;4;9566934706;S
20240208;142906;7396.500000000;50;9566934707;S
20240208;142906;7396.000000000;1;9566934708;S
20240208;142906;7396.000000000;2;9566934709;S
20240208;142906;7396.000000000;45;9566934710;B
20240208;142907;7396.000000000;10;9566934730;B
20240208;142907;7396.000000000;1;9566934762;B
20240208;142907;7396.000000000;5;9566934808;B
20240208;142907;7395.500000000;1;9566934811;S
20240208;142908;7395.500000000;1;9566934815;S
20240208;142908;7396.000000000;4;9566934816;B
20240208;142908;7396.000000000;8;9566934876;B
20240208;142908;7396.000000000;4;9566934877;B
20240208;142908;7396.000000000;1000;9566934891;B
20240208;142909;7395.500000000;10;9566934906;S
20240208;142909;7396.000000000;10;9566934934;B
20240208;142910;7396.000000000;1;9566935016;B
20240208;142910;7396.000000000;7;9566935017;B
20240208;142910;7396.000000000;10;9566935032;B
20240208;142910;7396.000000000;10;9566935033;B
20240208;142910;7398.000000000;2;9566935034;B
20240208;142910;7398.500000000;11;9566935035;B
20240208;142910;7399.000000000;20;9566935036;B
20240208;142910;7399.000000000;5;9566935037;B
20240208;142910;7399.000000000;18;9566935038;B
20240208;142910;7400.000000000;1;9566935039;B
20240208;142910;7400.000000000;3;9566935040;B
20240208;142910;7400.000000000;7;9566935041;B
20240208;142910;7400.000000000;30;9566935042;B
20240208;142910;7400.500000000;5;9566935043;B
20240208;142910;7400.500000000;2;9566935044;B
20240208;142910;7401.000000000;1;9566935045;B
20240208;142910;7401.000000000;1;9566935046;B
20240208;142910;7401.000000000;1;9566935047;B
20240208;142910;7401.000000000;1;9566935048;B
20240208;142910;7401.000000000;10;9566935049;B
20240208;142910;7402.000000000;20;9566935050;B
20240208;142910;7402.000000000;1;9566935051;B
20240208;142910;7402.000000000;1;9566935052;B
20240208;142910;7402.500000000;20;9566935053;B
20240208;142910;7402.500000000;10;9566935054;B
20240208;142910;7403.000000000;20;9566935055;B
20240208;142910;7403.000000000;25;9566935056;B
20240208;142910;7403.000000000;10;9566935057;B
20240208;142910;7403.000000000;10;9566935058;B
20240208;142910;7403.500000000;1;9566935059;B
20240208;142910;7403.500000000;54;9566935060;B
20240208;142912;7400.000000000;10;9566935200;S
20240208;142912;7401.000000000;4;9566935239;B
20240208;142912;7401.500000000;15;9566935240;B
20240208;142912;7402.000000000;81;9566935241;B
20240208;142913;7402.000000000;19;9566935270;B
20240208;142913;7402.500000000;1;9566935284;B
20240208;142913;7403.000000000;1;9566935285;B
20240208;142913;7403.000000000;8;9566935286;B
20240208;142914;7402.000000000;12;9566935326;S
20240208;142914;7400.000000000;18;9566935327;S
20240208;142914;7400.000000000;4;9566935328;S
20240208;142914;7400.000000000;49;9566935329;B
20240208;142914;7400.000000000;3;9566935330;B
20240208;142914;7403.500000000;1;9566935332;B
20240208;142914;7403.500000000;1;9566935333;B
20240208;142914;7403.500000000;1;9566935334;B
20240208;142914;7403.500000000;10;9566935398;B
20240208;142915;7399.500000000;1;9566935424;S
20240208;142916;7402.000000000;4;9566935517;B
20240208;142916;7403.500000000;4;9566935518;B
20240208;142916;7403.500000000;1;9566935519;B
20240208;142916;7403.500000000;4;9566935572;B
20240208;142916;7403.500000000;1;9566935573;B
20240208;142916;7403.500000000;17;9566935574;B
20240208;142917;7403.500000000;10;9566935634;B
20240208;142917;7403.500000000;1;9566935660;B
20240208;142918;7404.000000000;10;9566935748;B
20240208;142918;7401.500000000;2;9566935760;S
20240208;142920;7401.500000000;1;9566935879;S
20240208;142920;7401.000000000;20;9566935880;S
20240208;142920;7400.000000000;1;9566935881;S
20240208;142920;7400.000000000;5;9566935882;S
20240208;142920;7400.000000000;10;9566935883;S
20240208;142921;7400.000000000;9;9566936012;B
20240208;142921;7400.000000000;1;9566936027;B
20240208;142921;7400.000000000;23;9566936038;B
20240208;142922;7399.500000000;1;9566936070;S
20240208;142922;7400.000000000;1;9566936151;B
20240208;142922;7401.000000000;1;9566936152;B
20240208;142922;7402.500000000;4;9566936153;B
20240208;142922;7402.500000000;4;9566936154;B
20240208;142922;7402.000000000;1;9566936155;S
20240208;142923;7403.000000000;6;9566936215;B
20240208;142924;7400.000000000;5;9566936241;B
20240208;142924;7402.500000000;2;9566936242;B
20240208;142924;7403.000000000;8;9566936243;B
20240208;142924;7403.000000000;3;9566936253;B
20240208;142924;7403.000000000;20;9566936264;B
20240208;142924;7403.000000000;13;9566936265;B
20240208;142924;7403.500000000;2;9566936266;B
20240208;142924;7403.500000000;50;9566936267;B
20240208;142924;7403.500000000;1;9566936268;B
20240208;142924;7403.500000000;1;9566936269;B
20240208;142924;7403.500000000;1;9566936270;B
20240208;142924;7403.500000000;1;9566936271;B
20240208;142924;7403.500000000;1;9566936272;B
20240208;142924;7404.000000000;45;9566936273;B
20240208;142925;7403.500000000;3;9566936367;B
20240208;142925;7404.000000000;8;9566936370;B
20240208;142926;7400.500000000;1;9566936399;S
20240208;142926;7404.000000000;37;9566936446;B
20240208;142926;7404.000000000;63;9566936447;B
20240208;142926;7400.000000000;4;9566936462;S
20240208;142926;7399.500000000;8;9566936463;S
20240208;142926;7399.500000000;6;9566936464;S
20240208;142927;7400.000000000;10;9566936489;S
20240208;142930;7403.000000000;21;9566936732;B
20240208;142930;7403.500000000;8;9566936733;B
20240208;142930;7403.000000000;3;9566936768;B
20240208;142934;7403.000000000;1;9566937056;B
20240208;142934;7403.000000000;1;9566937101;B
20240208;142936;7402.000000000;5;9566937191;S
20240208;142936;7402.500000000;1;9566937213;B
20240208;142936;7403.000000000;1;9566937225;B
20240208;142937;7402.500000000;4;9566937366;B
20240208;142937;7402.500000000;17;9566937367;B
20240208;142937;7403.000000000;1;9566937368;B
20240208;142938;7403.000000000;10;9566937402;B
20240208;142939;7402.000000000;1;9566937700;S
20240208;142944;7402.000000000;1;9566938055;B
20240208;142944;7402.000000000;2;9566938056;B
20240208;142944;7402.000000000;330;9566938057;B
20240208;142944;7402.000000000;21;9566938058;B
20240208;142949;7401.000000000;9;9566938848;B
20240208;142950;7401.500000000;21;9566938907;B
20240208;142950;7401.500000000;1;9566938908;B
20240208;142950;7401.500000000;17;9566938950;B
20240208;142950;7401.500000000;28;9566938951;B
20240208;142950;7401.500000000;15;9566939017;B
20240208;142951;7401.500000000;57;9566939064;B
20240208;142951;7402.000000000;25;9566939065;B
20240208;142951;7402.000000000;17;9566939066;B
20240208;142951;7403.000000000;1;9566939114;B
20240208;142951;7403.000000000;2;9566939128;B
20240208;142951;7403.500000000;100;9566939129;B
20240208;142951;7404.000000000;29;9566939130;B
20240208;142951;7404.000000000;4;9566939131;B
20240208;142953;7404.000000000;10;9566939246;B
20240208;142953;7402.500000000;13;9566939269;S
20240208;142953;7402.000000000;1;9566939270;S
20240208;142953;7402.000000000;21;9566939271;S
20240208;142953;7401.500000000;17;9566939272;S
20240208;142953;7401.500000000;8;9566939273;S
20240208;142953;7401.500000000;10;9566939274;S
20240208;142953;7400.500000000;6;9566939275;S
20240208;142953;7400.500000000;4;9566939276;S
20240208;142953;7400.000000000;15;9566939277;S
20240208;142953;7400.000000000;1;9566939278;S
20240208;142953;7400.000000000;1;9566939279;S
20240208;142953;7400.000000000;2;9566939280;S
20240208;142953;7400.000000000;50;9566939281;B
20240208;142953;7400.000000000;2;9566939282;B
20240208;142953;7400.000000000;9;9566939283;B
20240208;142953;7400.000000000;2;9566939289;B
20240208;142953;7400.000000000;3;9566939296;B
20240208;142953;7400.000000000;3;9566939328;B
20240208;142954;7400.000000000;1;9566939367;B
20240208;142954;7400.000000000;1;9566939410;B
20240208;142954;7400.000000000;11;9566939411;B
20240208;142954;7399.500000000;3;9566939421;S
20240208;142955;7400.000000000;3;9566939459;B
20240208;142956;7400.000000000;5;9566939610;B
20240208;142956;7400.000000000;6;9566939620;B
20240208;142956;7400.000000000;1;9566939644;B
20240208;142957;7400.000000000;1;9566939668;B
20240208;142957;7400.000000000;1;9566939692;B
20240208;142957;7399.500000000;2;9566939703;S
20240208;142957;7399.500000000;1;9566939704;S
20240208;142957;7400.000000000;14;9566939718;B
20240208;142958;7399.500000000;1;9566939781;S
20240208;142958;7400.000000000;1;9566939783;B
20240208;142958;7400.000000000;22;9566939826;B
20240208;142958;7400.000000000;30;9566939827;B
20240208;142959;7400.000000000;1;9566939861;B
20240208;142959;7400.000000000;4;9566939899;B
20240208;143001;7400.000000000;5;9566940011;B
20240208;143001;7400.000000000;22;9566940044;B
20240208;143002;7400.000000000;1;9566940109;B
20240208;143002;7400.000000000;53;9566940217;B
20240208;143002;7400.000000000;2;9566940231;B
20240208;143002;7400.000000000;47;9566940288;B
20240208;143004;7400.500000000;2;9566940450;S
20240208;143004;7400.500000000;10;9566940452;S
20240208;143007;7400.500000000;1;9566940615;S
20240208;143008;7400.500000000;1;9566940675;S
20240208;143009;7400.500000000;3;9566940810;S
20240208;143012;7400.500000000;1;9566941013;S
20240208;143014;7401.500000000;7;9566941265;B
20240208;143014;7402.000000000;30;9566941266;B
20240208;143014;7402.000000000;16;9566941267;B
20240208;143014;7403.000000000;50;9566941268;B
20240208;143014;7403.000000000;10;9566941269;B
20240208;143014;7403.000000000;5;9566941270;B
20240208;143014;7403.000000000;100;9566941271;B
20240208;143014;7403.500000000;100;9566941272;B
20240208;143014;7403.500000000;10;9566941273;B
20240208;143014;7404.000000000;53;9566941274;B
20240208;143014;7404.000000000;11;9566941275;B
20240208;143014;7404.000000000;1;9566941276;B
20240208;143014;7404.000000000;1;9566941277;B
20240208;143014;7404.000000000;195;9566941278;B
20240208;143014;7404.000000000;11;9566941279;B
20240208;143016;7403.500000000;10;9566941413;B
20240208;143016;7401.000000000;5;9566941424;S
20240208;143017;7403.500000000;15;9566941487;B
20240208;143017;7403.500000000;22;9566941543;B
20240208;143017;7401.000000000;3;9566941547;S
20240208;143019;7403.000000000;4;9566941704;B
20240208;143019;7403.000000000;4;9566941717;B
20240208;143019;7403.000000000;16;9566941718;B
20240208;143019;7403.500000000;2;9566941719;B
20240208;143019;7402.000000000;10;9566941751;S
20240208;143019;7401.500000000;16;9566941752;S
20240208;143019;7401.000000000;2;9566941753;S
20240208;143019;7401.000000000;8;9566941754;S
20240208;143019;7400.500000000;15;9566941755;S
20240208;143019;7400.000000000;53;9566941756;S
20240208;143019;7400.000000000;10;9566941757;S
20240208;143019;7400.000000000;16;9566941758;S
20240208;143020;7403.500000000;8;9566941787;B
20240208;143024;7402.000000000;1;9566942140;B
20240208;143024;7402.000000000;20;9566942170;B
20240208;143024;7402.000000000;10;9566942177;B
20240208;143027;7402.000000000;5;9566942476;B
20240208;143028;7402.000000000;3;9566942501;B
20240208;143028;7402.000000000;1;9566942508;B
20240208;143029;7402.000000000;77;9566942615;B
20240208;143030;7402.000000000;3;9566942675;B
20240208;143030;7402.000000000;7;9566942690;B
20240208;143030;7402.000000000;5;9566942708;B
20240208;143031;7402.000000000;2;9566942722;B
20240208;143032;7401.500000000;4;9566942834;S
20240208;143032;7401.500000000;1;9566942835;S
20240208;143032;7401.500000000;1;9566942836;S
20240208;143033;7401.500000000;1;9566942954;S
20240208;143033;7401.500000000;14;9566942968;B
20240208;143033;7402.000000000;150;9566942969;B
20240208;143033;7402.000000000;16;9566942970;B
20240208;143034;7402.000000000;1;9566942990;B
20240208;143034;7402.000000000;99;9566943012;B
20240208;143034;7402.000000000;1;9566943013;B
20240208;143034;7401.000000000;16;9566943017;S
20240208;143034;7401.000000000;20;9566943018;S
20240208;143034;7401.000000000;14;9566943019;S
20240208;143035;7401.000000000;1;9566943071;S
20240208;143035;7401.000000000;5;9566943088;S
20240208;143035;7401.000000000;150;9566943089;S
20240208;143035;7400.500000000;50;9566943090;S
20240208;143035;7400.500000000;16;9566943091;S
20240208;143035;7400.000000000;34;9566943092;S
20240208;143035;7400.000000000;8;9566943093;S
20240208;143035;7400.000000000;3;9566943094;S
20240208;143035;7400.000000000;134;9566943095;S
20240208;143035;7400.000000000;7;9566943219;S
20240208;143035;7400.000000000;200;9566943220;S
20240208;143035;7400.000000000;8;9566943221;S
20240208;143036;7400.500000000;1;9566943249;S
20240208;143036;7401.000000000;10;9566943275;B
20240208;143036;7401.000000000;75;9566943276;B
20240208;143036;7401.000000000;16;9566943277;B
20240208;143036;7401.500000000;10;9566943278;B
20240208;143036;7402.000000000;15;9566943279;B
20240208;143038;7401.500000000;8;9566943513;B
20240208;143038;7401.500000000;2;9566943514;B
20240208;143038;7401.500000000;5;9566943515;B
20240208;143038;7402.000000000;1;9566943518;B
20240208;143038;7402.000000000;8;9566943519;B
20240208;143039;7401.500000000;7;9566943544;B
20240208;143039;7402.000000000;8;9566943545;B
20240208;143039;7402.000000000;33;9566943614;B
20240208;143039;7402.000000000;2;9566943620;B
20240208;143040;7402.000000000;10;9566943665;B
20240208;143040;7402.000000000;14;9566943669;B
20240208;143040;7402.000000000;8;9566943670;B
20240208;143041;7402.000000000;9;9566943772;B
20240208;143041;7402.000000000;1;9566943773;B
20240208;143042;7401.500000000;1;9566943826;S
20240208;143043;7402.000000000;6;9566943874;B
20240208;143043;7402.000000000;4;9566943875;B
20240208;143044;7401.500000000;7;9566943966;S
20240208;143044;7401.500000000;1;9566943993;S
20240208;143045;7401.500000000;1;9566944076;S
20240208;143045;7401.500000000;1;9566944077;S
20240208;143045;7401.500000000;1;9566944078;S
20240208;143045;7401.500000000;11;9566944079;S
20240208;143045;7400.500000000;5;9566944080;S
20240208;143045;7401.500000000;1;9566944082;B
20240208;143046;7401.500000000;2;9566944096;B
20240208;143046;7401.500000000;2;9566944098;B
20240208;143046;7401.500000000;3;9566944105;B
20240208;143046;7401.500000000;3;9566944106;B
20240208;143046;7401.500000000;4;9566944107;B
20240208;143046;7401.500000000;10;9566944160;B
20240208;143046;7402.000000000;56;9566944161;B
20240208;143047;7401.000000000;5;9566944212;S
20240208;143047;7402.000000000;14;9566944241;B
20240208;143048;7402.000000000;2;9566944346;B
20240208;143048;7402.000000000;8;9566944347;B
20240208;143050;7402.000000000;1;9566944465;B
20240208;143050;7402.000000000;10;9566944466;B
20240208;143051;7402.000000000;7;9566944536;B
20240208;143051;7402.000000000;20;9566944557;B
20240208;143051;7401.500000000;1;9566944588;S
20240208;143051;7401.500000000;5;9566944589;S
20240208;143051;7401.500000000;1;9566944590;S
20240208;143051;7401.500000000;1;9566944591;S
20240208;143051;7401.500000000;2;9566944592;S
20240208;143051;7401.500000000;8;9566944593;S
20240208;143051;7401.000000000;9;9566944594;S
20240208;143051;7400.500000000;14;9566944595;S
20240208;143051;7400.500000000;1;9566944596;S
20240208;143051;7400.500000000;21;9566944597;S
20240208;143051;7400.000000000;1;9566944598;S
20240208;143051;7400.000000000;1;9566944599;S
20240208;143051;7400.000000000;5;9566944600;S
20240208;143051;7400.000000000;5;9566944601;S
20240208;143051;7400.000000000;100;9566944602;S
20240208;143051;7400.000000000;7;9566944603;S
20240208;143051;7400.000000000;2;9566944604;S
20240208;143051;7400.000000000;15;9566944605;S
20240208;143051;7400.000000000;10;9566944606;S
20240208;143051;7400.000000000;19;9566944607;S
20240208;143051;7400.000000000;170;9566944608;S
20240208;143051;7400.000000000;100;9566944609;S
20240208;143051;7400.000000000;2;9566944610;S
20240208;143051;7400.000000000;14;9566944638;B
20240208;143052;7399.000000000;2;9566944663;S
20240208;143052;7399.000000000;10;9566944664;S
20240208;143052;7398.500000000;8;9566944665;S
20240208;143052;7399.500000000;4;9566944675;B
20240208;143052;7399.500000000;16;9566944676;B
20240208;143052;7400.000000000;80;9566944677;B
20240208;143053;7400.000000000;10;9566944736;B
20240208;143053;7398.500000000;13;9566944747;S
20240208;143053;7398.000000000;2;9566944748;S
20240208;143053;7400.000000000;55;9566944778;B
20240208;143054;7399.500000000;5;9566944828;B
20240208;143054;7399.500000000;5;9566944829;B
20240208;143054;7398.500000000;1;9566944879;B
20240208;143055;7398.000000000;3;9566944897;S
20240208;143056;7398.500000000;6;9566945028;B
20240208;143056;7398.500000000;10;9566945032;B
20240208;143057;7398.500000000;10;9566945039;B
20240208;143057;7398.500000000;1;9566945082;B
20240208;143058;7398.500000000;4;9566945123;B
20240208;143058;7398.500000000;1;9566945124;B
20240208;143058;7398.500000000;5;9566945125;B
20240208;143059;7398.500000000;1;9566945209;S
20240208;143059;7398.500000000;1;9566945220;S
20240208;143100;7399.000000000;5;9566945259;B
20240208;143100;7399.000000000;2;9566945266;B
20240208;143100;7399.000000000;16;9566945267;B
20240208;143100;7399.500000000;82;9566945268;B
20240208;143100;7399.500000000;8;9566945269;B
20240208;143101;7400.000000000;1;9566945272;B
20240208;143101;7399.000000000;11;9566945275;S
20240208;143101;7399.000000000;1;9566945289;S
20240208;143101;7400.000000000;10;9566945290;B
20240208;143101;7400.000000000;180;9566945301;B
20240208;143101;7400.000000000;500;9566945302;B
20240208;143101;7400.500000000;16;9566945303;B
20240208;143101;7402.000000000;54;9566945304;B
20240208;143101;7402.000000000;94;9566945305;B
20240208;143101;7402.000000000;1;9566945306;B
20240208;143101;7402.000000000;15;9566945307;B
20240208;143101;7402.000000000;10;9566945308;B
20240208;143101;7402.000000000;1;9566945309;B
20240208;143101;7403.000000000;2;9566945310;B
20240208;143101;7403.000000000;100;9566945311;B
20240208;143101;7403.000000000;10;9566945312;B
20240208;143101;7403.000000000;10;9566945313;B
20240208;143101;7403.500000000;40;9566945314;B
20240208;143101;7403.500000000;20;9566945315;B
20240208;143101;7404.000000000;2092;9566945316;B
20240208;143101;7404.000000000;5;9566945317;B
20240208;143101;7404.000000000;100;9566945318;B
20240208;143101;7404.000000000;1;9566945319;B
20240208;143101;7404.000000000;10;9566945320;B
20240208;143101;7404.500000000;1;9566945321;B
20240208;143101;7404.500000000;1;9566945322;B
20240208;143101;7404.500000000;1;9566945323;B
20240208;143101;7404.500000000;1;9566945324;B
20240208;143101;7404.500000000;1;9566945325;B
20240208;143101;7404.500000000;1;9566945326;B
20240208;143101;7404.500000000;21;9566945327;B
20240208;143101;7404.500000000;30;9566945328;B
20240208;143101;7404.500000000;1;9566945329;B
20240208;143101;7404.500000000;3;9566945330;B
20240208;143101;7404.500000000;2;9566945331;B
20240208;143101;7404.500000000;1;9566945332;B
20240208;143101;7404.500000000;20;9566945333;B
20240208;143101;7405.000000000;1465;9566945334;B
20240208;143101;7405.000000000;10;9566945335;B
20240208;143101;7405.000000000;37;9566945336;B
20240208;143101;7405.000000000;55;9566945337;B
20240208;143101;7405.000000000;7;9566945338;B
20240208;143101;7405.000000000;2;9566945339;B
20240208;143101;7405.000000000;1;9566945340;B
20240208;143101;7405.000000000;1;9566945341;B
20240208;143101;7405.000000000;5;9566945342;B
20240208;143101;7405.000000000;25;9566945343;B
20240208;143101;7405.000000000;1;9566945344;B
20240208;143101;7405.000000000;46;9566945345;B
20240208;143101;7405.000000000;5;9566945348;B
20240208;143101;7405.000000000;10;9566945350;B
20240208;143101;7405.000000000;22;9566945351;B
20240208;143102;7403.500000000;1;9566945471;S
20240208;143103;7402.500000000;3;9566945581;S
20240208;143103;7402.500000000;2;9566945607;S
20240208;143105;7402.500000000;16;9566945785;S
20240208;143105;7402.000000000;9;9566945786;S
20240208;143105;7402.000000000;5;9566945787;S
20240208;143105;7401.500000000;20;9566945788;S
20240208;143105;7401.500000000;200;9566945789;S
20240208;143105;7400.000000000;20;9566945790;S
20240208;143105;7400.000000000;20;9566945791;S
20240208;143105;7399.000000000;10;9566945792;S
20240208;143105;7399.000000000;40;9566945793;S
20240208;143105;7399.000000000;27;9566945794;S
20240208;143105;7399.000000000;18;9566945795;S
20240208;143105;7399.000000000;84;9566945796;B
20240208;143107;7398.000000000;2;9566945944;S
20240208;143107;7398.000000000;1;9566945945;S
20240208;143107;7398.500000000;8;9566945961;B
20240208;143107;7398.500000000;1;9566945965;B
20240208;143108;7398.500000000;3;9566946034;B
20240208;143108;7398.500000000;6;9566946048;B
20240208;143109;7398.500000000;1;9566946109;B
20240208;143109;7398.500000000;3;9566946160;B
20240208;143110;7398.500000000;7;9566946219;B
20240208;143110;7398.500000000;3;9566946220;B
20240208;143110;7398.000000000;5;9566946273;S
20240208;143112;7398.000000000;23;9566946387;S
20240208;143112;7398.000000000;20;9566946388;S
20240208;143112;7398.000000000;12;9566946389;S
20240208;143113;7398.000000000;8;9566946437;S
20240208;143113;7398.000000000;1;9566946438;S
20240208;143113;7398.000000000;1;9566946439;S
20240208;143114;7398.500000000;5;9566946520;B
20240208;143114;7398.500000000;1;9566946541;B
20240208;143114;7398.000000000;3;9566946572;B
20240208;143116;7398.000000000;1;9566946696;S
20240208;143116;7398.500000000;9;9566946716;B
20240208;143117;7398.500000000;6;9566946747;B
20240208;143117;7398.500000000;4;9566946748;B
20240208;143117;7398.500000000;5;9566946756;B
20240208;143117;7398.500000000;5;9566946757;B
20240208;143117;7398.500000000;5;9566946772;B
20240208;143117;7399.000000000;40;9566946773;B
20240208;143117;7399.000000000;4;9566946774;B
20240208;143118;7398.000000000;5;9566946821;S
20240208;143118;7398.500000000;10;9566946856;B
20240208;143119;7398.500000000;13;9566946927;B
20240208;143119;7398.500000000;5;9566946928;B
20240208;143119;7399.000000000;11;9566946929;B
20240208;143119;7398.500000000;7;9566946936;S
20240208;143119;7398.000000000;2;9566946937;S
20240208;143119;7398.000000000;11;9566946938;S
20240208;143119;7398.000000000;11;9566946939;S
20240208;143119;7398.000000000;10;9566946951;B
20240208;143120;7398.000000000;2;9566946958;B
20240208;143120;7398.000000000;15;9566947015;B
20240208;143122;7398.000000000;22;9566947154;B
20240208;143122;7397.500000000;1;9566947174;S
20240208;143122;7398.000000000;10;9566947187;B
20240208;143123;7398.000000000;14;9566947277;B
20240208;143124;7398.000000000;10;9566947310;B
20240208;143124;7398.000000000;5;9566947335;B
20240208;143124;7397.500000000;9;9566947393;S
20240208;143124;7397.500000000;3;9566947394;S
20240208;143126;7398.000000000;10;9566947539;B
20240208;143126;7397.500000000;2;9566947578;S
20240208;143126;7398.000000000;19;9566947580;B
20240208;143126;7398.000000000;2;9566947612;B
20240208;143126;7397.500000000;1;9566947629;S
20240208;143127;7398.000000000;1;9566947715;B
20240208;143127;7398.000000000;1;9566947716;B
20240208;143127;7398.500000000;3;9566947717;B
20240208;143127;7399.000000000;60;9566947718;B
20240208;143129;7399.000000000;2416;9566947882;B
20240208;143129;7400.000000000;5;9566947883;B
20240208;143129;7402.000000000;41;9566947884;B
20240208;143129;7402.000000000;33;9566947885;B
20240208;143129;7402.000000000;26;9566947886;B
20240208;143129;7402.000000000;1;9566947887;B
20240208;143129;7403.500000000;1;9566947904;B
20240208;143130;7401.500000000;1;9566948018;S
20240208;143130;7401.500000000;10;9566948080;S
20240208;143131;7402.000000000;2;9566948095;S
20240208;143132;7403.500000000;1;9566948203;B
20240208;143133;7404.500000000;1;9566948257;B
20240208;143133;7404.500000000;1;9566948258;B
20240208;143133;7405.000000000;3;9566948259;B
20240208;143134;7405.000000000;5;9566948336;B
20240208;143134;7405.000000000;60;9566948348;B
20240208;143134;7405.000000000;9;9566948349;B
20240208;143134;7405.000000000;1;9566948413;B
20240208;143134;7405.000000000;4;9566948414;B
20240208;143135;7405.000000000;6;9566948448;B
20240208;143135;7405.000000000;1;9566948449;B
20240208;143135;7405.000000000;12;9566948450;B
20240208;143136;7405.000000000;10;9566948496;B
20240208;143137;7405.000000000;10;9566948589;B
20240208;143138;7404.500000000;7;9566948658;S
20240208;143138;7405.000000000;7;9566948662;B
20240208;143138;7405.000000000;1;9566948663;B
20240208;143138;7405.000000000;19;9566948728;B
20240208;143138;7405.000000000;5;9566948729;B
20240208;143138;7405.000000000;2;9566948730;B
20240208;143138;7405.500000000;3;9566948731;B
20240208;143138;7406.000000000;1;9566948732;B
20240208;143138;7405.000000000;1;9566948763;S
20240208;143139;7406.000000000;10;9566948765;B
20240208;143139;7406.000000000;10;9566948806;B
20240208;143139;7405.500000000;2;9566948825;B
20240208;143139;7406.000000000;48;9566948826;B
20240208;143140;7405.000000000;3;9566948852;B
20240208;143141;7404.500000000;2;9566948931;S
20240208;143141;7406.000000000;25;9566948956;B
20240208;143141;7406.000000000;6;9566948961;B
20240208;143142;7406.000000000;20;9566949072;B
20240208;143143;7406.000000000;22;9566949091;B
20240208;143144;7405.000000000;1;9566949141;S
20240208;143144;7405.000000000;8;9566949144;S
20240208;143144;7405.000000000;18;9566949145;S
20240208;143144;7404.500000000;9;9566949146;S
20240208;143145;7404.000000000;4;9566949221;S
20240208;143145;7404.000000000;1;9566949222;S
20240208;143145;7405.500000000;9;9566949238;B
20240208;143145;7405.500000000;6;9566949239;B
20240208;143149;7405.000000000;1;9566949511;B
20240208;143149;7405.000000000;2;9566949542;B
20240208;143149;7405.000000000;1;9566949551;B
20240208;143149;7405.000000000;5;9566949552;B
20240208;143149;7405.500000000;9;9566949553;B
20240208;143149;7405.000000000;1;9566949569;B
20240208;143150;7405.000000000;1;9566949592;B
20240208;143150;7404.500000000;9;9566949650;S
20240208;143150;7404.000000000;59;9566949651;S
20240208;143155;7405.000000000;3;9566950013;B
20240208;143155;7405.000000000;2;9566950014;B
20240208;143155;7405.000000000;16;9566950015;B
20240208;143155;7405.000000000;16;9566950016;B
20240208;143155;7404.500000000;1;9566950058;S
20240208;143155;7405.000000000;2;9566950061;B
20240208;143155;7404.500000000;7;9566950065;S
20240208;143155;7404.000000000;40;9566950066;S
20240208;143155;7403.500000000;15;9566950067;S
20240208;143155;7403.000000000;138;9566950068;S
20240208;143156;7404.500000000;1;9566950112;B
20240208;143156;7403.000000000;1;9566950114;S
20240208;143156;7403.000000000;17;9566950120;S
20240208;143157;7402.500000000;3;9566950212;S
20240208;143157;7403.000000000;5;9566950239;B
20240208;143157;7403.000000000;14;9566950251;B
20240208;143159;7403.000000000;10;9566950355;B
20240208;143159;7403.000000000;10;9566950358;B
20240208;143159;7402.500000000;2;9566950376;S
20240208;143159;7403.000000000;44;9566950382;B
20240208;143159;7403.000000000;18;9566950383;B
20240208;143200;7405.000000000;4;9566950488;B
20240208;143204;7405.000000000;14;9566950753;B
20240208;143204;7405.000000000;8;9566950754;B
20240208;143204;7405.000000000;1;9566950762;B
20240208;143204;7405.000000000;19;9566950763;B
20240208;143204;7404.500000000;5;9566950796;B
20240208;143204;7404.500000000;1;9566950797;B
20240208;143207;7404.000000000;2;9566951013;S
20240208;143207;7403.500000000;2;9566951062;B
20240208;143207;7404.000000000;98;9566951063;B
20240208;143207;7404.000000000;18;9566951064;B
20240208;143207;7404.500000000;6;9566951065;B
20240208;143207;7404.500000000;100;9566951066;B
20240208;143208;7405.000000000;150;9566951181;B
20240208;143208;7405.000000000;15;9566951201;B
20240208;143210;7405.000000000;1;9566951435;B
20240208;143211;7404.500000000;1;9566951523;S
20240208;143212;7405.000000000;65;9566951601;B
20240208;143212;7405.500000000;78;9566951602;B
20240208;143212;7405.500000000;18;9566951603;B
20240208;143212;7406.000000000;358;9566951604;B
20240208;143212;7406.000000000;1;9566951605;B
20240208;143212;7406.000000000;6;9566951606;B
20240208;143212;7406.000000000;3;9566951607;B
20240208;143212;7406.000000000;5;9566951608;B
20240208;143212;7406.000000000;2;9566951609;B
20240208;143212;7406.500000000;10;9566951610;B
20240208;143212;7407.000000000;14;9566951611;B
20240208;143212;7407.000000000;1;9566951612;B
20240208;143212;7407.000000000;3;9566951613;B
20240208;143212;7408.000000000;2;9566951614;B
20240208;143212;7408.000000000;20;9566951615;B
20240208;143213;7407.500000000;5;9566951697;S
20240208;143214;7407.500000000;16;9566951721;S
20240208;143214;7407.500000000;1;9566951722;S
20240208;143214;7407.500000000;1;9566951842;S
20240208;143215;7408.000000000;30;9566951913;B
20240208;143216;7407.500000000;4;9566952075;S
20240208;143216;7407.500000000;15;9566952076;S
20240208;143216;7407.000000000;40;9566952131;S
20240208;143216;7407.500000000;2;9566952167;B
20240208;143216;7407.500000000;3;9566952168;B
20240208;143218;7407.500000000;3;9566952408;B
20240208;143218;7408.000000000;1;9566952409;B
20240208;143221;7407.500000000;2;9566952876;B
20240208;143221;7407.500000000;18;9566952877;B
20240208;143221;7408.000000000;85;9566952878;B
20240208;143221;7408.000000000;10;9566952879;B
20240208;143221;7408.000000000;1;9566952880;B
20240208;143221;7408.500000000;28;9566952881;B
20240208;143221;7409.000000000;5;9566952882;B
20240208;143221;7409.000000000;100;9566952883;B
20240208;143221;7409.000000000;1;9566952884;B
20240208;143221;7409.000000000;1;9566952885;B
20240208;143221;7409.000000000;1000;9566952886;B
20240208;143221;7409.000000000;1;9566952887;B
20240208;143221;7409.000000000;1;9566952888;B
20240208;143221;7409.500000000;1;9566952889;B
20240208;143221;7409.500000000;200;9566952890;B
20240208;143221;7409.500000000;1;9566952891;B
20240208;143221;7410.000000000;10;9566952892;B
20240208;143221;7410.000000000;2;9566952893;B
20240208;143221;7410.000000000;5;9566952894;B
20240208;143221;7410.000000000;10;9566952895;B
20240208;143221;7410.000000000;5;9566952896;B
20240208;143221;7410.000000000;1;9566952897;B
20240208;143221;7410.000000000;20;9566952898;B
20240208;143221;7410.000000000;1;9566952899;B
20240208;143221;7410.000000000;4;9566952900;B
20240208;143221;7410.000000000;30;9566952901;B
20240208;143221;7410.000000000;1;9566952902;B
20240208;143221;7410.000000000;5;9566952903;B
20240208;143221;7410.000000000;100;9566952904;B
20240208;143221;7410.000000000;1;9566952905;B
20240208;143221;7410.000000000;1;9566952906;B
20240208;143221;7410.000000000;1;9566952907;B
20240208;143221;7410.000000000;5;9566952908;B
20240208;143221;7410.000000000;20;9566952909;B
20240208;143221;7410.000000000;1;9566952910;B
20240208;143221;7410.000000000;10;9566952911;B
20240208;143221;7410.000000000;9;9566952912;B
20240208;143221;7410.000000000;3;9566952913;B
20240208;143221;7410.000000000;10;9566952914;B
20240208;143221;7410.500000000;5;9566952923;B
20240208;143221;7410.500000000;1;9566952924;B
20240208;143221;7410.500000000;194;9566952925;B
20240208;143221;7410.500000000;2;9566952926;B
20240208;143221;7410.500000000;4;9566952941;B
20240208;143221;7410.000000000;5;9566952986;S
20240208;143221;7410.000000000;10;9566953056;S
20240208;143221;7410.500000000;20;9566953085;B
20240208;143221;7410.500000000;15;9566953098;B
20240208;143221;7410.000000000;10;9566953101;S
20240208;143222;7410.000000000;10;9566953116;S
20240208;143222;7410.500000000;20;9566953159;B
20240208;143222;7410.500000000;45;9566953161;B
20240208;143222;7411.000000000;1;9566953162;B
20240208;143222;7411.000000000;4;9566953163;B
20240208;143222;7411.000000000;1;9566953164;B
20240208;143222;7411.000000000;100;9566953165;B
20240208;143222;7411.000000000;73;9566953166;B
20240208;143222;7411.000000000;1;9566953175;B
20240208;143222;7411.000000000;20;9566953189;B
20240208;143222;7411.000000000;1;9566953192;B
20240208;143223;7411.000000000;3;9566953315;B
20240208;143223;7411.000000000;2;9566953326;B
20240208;143223;7411.000000000;1;9566953327;B
20240208;143223;7411.500000000;1;9566953328;B
20240208;143223;7411.500000000;2;9566953329;B
20240208;143224;7413.000000000;1;9566953501;B
20240208;143224;7413.500000000;1;9566953503;B
20240208;143224;7413.500000000;1;9566953512;B
20240208;143224;7413.500000000;16;9566953542;B
20240208;143224;7413.500000000;3;9566953556;B
20240208;143224;7413.500000000;50;9566953561;B
20240208;143224;7413.500000000;9;9566953602;B
20240208;143224;7413.500000000;50;9566953625;B
20240208;143224;7413.500000000;70;9566953632;B
20240208;143224;7413.500000000;4;9566953633;B
20240208;143224;7414.000000000;7;9566953634;B
20240208;143224;7414.000000000;4;9566953635;B
20240208;143224;7414.500000000;50;9566953636;B
20240208;143224;7413.000000000;1;9566953637;S
20240208;143225;7414.500000000;22;9566953665;B
20240208;143225;7414.500000000;1;9566953695;B
20240208;143225;7414.500000000;2;9566953712;B
20240208;143225;7414.500000000;30;9566953720;B
20240208;143225;7414.500000000;60;9566953739;B
20240208;143225;7414.500000000;1;9566953741;B
20240208;143225;7414.500000000;10;9566953742;B
20240208;143225;7414.500000000;74;9566953752;B
20240208;143225;7414.500000000;1;9566953753;B
20240208;143225;7415.000000000;50;9566953754;B
20240208;143225;7415.000000000;375;9566953755;B
20240208;143225;7415.000000000;40;9566953793;B
20240208;143225;7415.000000000;85;9566953839;B
20240208;143225;7415.000000000;22;9566953840;B
20240208;143225;7415.000000000;5;9566953841;B
20240208;143225;7415.000000000;5;9566953842;B
20240208;143225;7415.000000000;5;9566953843;B
20240208;143225;7415.000000000;5;9566953844;B
20240208;143225;7415.000000000;19;9566953845;B
20240208;143225;7415.000000000;2;9566953846;B
20240208;143225;7415.000000000;13;9566953847;B
20240208;143226;7416.000000000;1;9566953909;B
20240208;143226;7416.500000000;6;9566953910;B
20240208;143226;7417.000000000;9;9566953911;B
20240208;143226;7417.000000000;3;9566953912;B
20240208;143226;7417.500000000;6;9566953913;B
20240208;143226;7416.000000000;3;9566953947;S
20240208;143227;7417.000000000;1;9566954079;B
20240208;143227;7417.000000000;16;9566954081;B
20240208;143228;7416.000000000;7;9566954227;S
20240208;143228;7416.000000000;16;9566954228;S
20240208;143228;7415.500000000;20;9566954229;S
20240208;143228;7415.500000000;1;9566954230;S
20240208;143228;7415.000000000;76;9566954231;S
20240208;143228;7414.500000000;22;9566954232;S
20240208;143228;7417.500000000;100;9566954275;B
20240208;143228;7417.500000000;1;9566954323;B
20240208;143228;7417.500000000;10;9566954328;B
20240208;143229;7417.500000000;20;9566954419;B
20240208;143229;7417.500000000;4;9566954446;B
20240208;143229;7415.500000000;7;9566954484;S
20240208;143229;7415.500000000;5;9566954485;S
20240208;143229;7415.000000000;20;9566954486;S
20240208;143229;7415.000000000;42;9566954487;S
20240208;143230;7417.000000000;21;9566954563;B
20240208;143230;7417.000000000;10;9566954564;B
20240208;143230;7417.000000000;5;9566954565;B
20240208;143230;7417.500000000;17;9566954566;B
20240208;143231;7416.000000000;1;9566954663;B
20240208;143231;7416.000000000;2;9566954691;B
20240208;143232;7416.000000000;1;9566954707;B
20240208;143232;7416.000000000;4;9566954733;B
20240208;143235;7415.500000000;5;9566955034;B
20240208;143235;7416.000000000;5;9566955035;B
20240208;143235;7416.000000000;3;9566955036;B
20240208;143235;7416.500000000;7;9566955037;B
20240208;143235;7416.000000000;21;9566955105;B
20240208;143235;7416.500000000;18;9566955106;B
20240208;143235;7417.000000000;5;9566955107;B
20240208;143235;7417.000000000;22;9566955108;B
20240208;143235;7417.000000000;1;9566955109;B
20240208;143235;7417.000000000;1;9566955110;B
20240208;143235;7417.500000000;128;9566955111;B
20240208;143235;7417.500000000;3;9566955112;B
20240208;143236;7417.500000000;21;9566955133;B
20240208;143236;7417.500000000;67;9566955164;S
20240208;143238;7418.000000000;5;9566955324;B
20240208;143238;7418.000000000;5;9566955325;B
20240208;143238;7418.000000000;1;9566955359;B
20240208;143239;7417.500000000;5;9566955443;S
20240208;143240;7418.000000000;2;9566955530;B
20240208;143240;7418.000000000;2;9566955531;B
20240208;143240;7418.500000000;3;9566955532;B
20240208;143240;7418.500000000;18;9566955533;B
20240208;143240;7419.000000000;25;9566955534;B
20240208;143240;7419.000000000;10;9566955535;B
20240208;143240;7419.000000000;1;9566955536;B
20240208;143240;7419.500000000;1;9566955537;B
20240208;143240;7419.500000000;7;9566955538;B
20240208;143241;7419.500000000;43;9566955627;B
20240208;143241;7419.500000000;1;9566955628;B
20240208;143241;7419.500000000;45;9566955629;B
20240208;143241;7419.500000000;30;9566955630;B
20240208;143241;7419.500000000;11;9566955631;B
20240208;143241;7419.000000000;20;9566955686;B
20240208;143241;7418.500000000;1;9566955691;S
20240208;143241;7417.500000000;3;9566955692;S
20240208;143242;7418.000000000;1;9566955792;B
20240208;143242;7418.500000000;4;9566955793;B
20240208;143242;7418.500000000;8;9566955794;B
20240208;143243;7419.000000000;1;9566955819;B
20240208;143243;7419.000000000;14;9566955854;B
20240208;143245;7418.000000000;1;9566956012;S
20240208;143245;7417.500000000;100;9566956030;S
20240208;143245;7417.500000000;7;9566956031;S
20240208;143245;7418.000000000;1;9566956034;B
20240208;143245;7418.000000000;18;9566956035;B
20240208;143245;7418.500000000;3;9566956036;B
20240208;143246;7418.500000000;5;9566956053;B
20240208;143247;7418.000000000;4;9566956160;B
20240208;143247;7418.000000000;1;9566956173;B
20240208;143248;7418.000000000;1;9566956283;B
20240208;143249;7418.000000000;3;9566956297;B
20240208;143249;7418.000000000;3;9566956373;B
20240208;143250;7418.000000000;10;9566956447;B
20240208;143250;7418.000000000;20;9566956454;B
20240208;143250;7417.500000000;3;9566956469;S
20240208;143251;7417.500000000;49;9566956526;S
20240208;143251;7417.500000000;1;9566956527;S
20240208;143251;7417.500000000;5;9566956560;S
20240208;143251;7417.500000000;1;9566956577;S
20240208;143252;7418.000000000;1;9566956633;B
20240208;143252;7417.500000000;3;9566956642;S
20240208;143254;7415.500000000;1;9566956882;S
20240208;143255;7416.000000000;5;9566956913;B
20240208;143255;7416.000000000;5;9566956950;B
20240208;143256;7416.000000000;10;9566956988;B
20240208;143257;7415.500000000;5;9566957178;S
20240208;143258;7415.500000000;2;9566957290;S
20240208;143258;7415.500000000;1;9566957291;S
20240208;143259;7415.500000000;9;9566957389;S
20240208;143300;7414.000000000;1;9566957572;S
20240208;143300;7413.000000000;4;9566957593;S
20240208;143300;7411.500000000;13;9566957594;S
20240208;143300;7410.500000000;7;9566957595;S
20240208;143300;7410.000000000;22;9566957596;S
20240208;143302;7410.000000000;1;9566957779;S
20240208;143303;7410.000000000;80;9566957872;S
20240208;143305;7412.000000000;6;9566958102;B
20240208;143305;7413.000000000;7;9566958103;B
20240208;143306;7410.500000000;6;9566958177;S
20240208;143306;7410.000000000;16;9566958178;S
20240208;143306;7413.000000000;1;9566958237;B
20240208;143306;7413.000000000;13;9566958240;B
20240208;143306;7413.500000000;1;9566958241;B
20240208;143306;7413.500000000;8;9566958242;B
20240208;143308;7410.000000000;2;9566958378;S
20240208;143309;7412.500000000;10;9566958545;B
20240208;143310;7411.500000000;1;9566958679;B
20240208;143311;7411.500000000;4;9566958744;B
20240208;143311;7411.500000000;10;9566958772;B
20240208;143313;7410.000000000;79;9566959030;S
20240208;143313;7410.000000000;1;9566959031;S
20240208;143316;7407.500000000;1;9566959350;S
20240208;143316;7406.500000000;1;9566959351;S
20240208;143316;7406.500000000;10;9566959352;S
20240208;143316;7406.000000000;10;9566959353;S
20240208;143316;7405.500000000;26;9566959354;S
20240208;143316;7405.000000000;2;9566959355;S
20240208;143317;7405.000000000;18;9566959373;S
20240208;143317;7405.000000000;58;9566959374;S
20240208;143317;7404.500000000;4;9566959375;S
20240208;143317;7404.500000000;50;9566959376;S
20240208;143317;7408.500000000;21;9566959385;B
20240208;143317;7409.000000000;10;9566959386;B
20240208;143317;7409.000000000;27;9566959387;B
20240208;143317;7409.500000000;16;9566959388;B
20240208;143318;7404.500000000;2;9566959534;S
20240208;143320;7404.500000000;5;9566959662;S
20240208;143320;7406.000000000;21;9566959723;B
20240208;143320;7406.500000000;1;9566959724;B
20240208;143320;7406.500000000;16;9566959725;B
20240208;143320;7407.000000000;12;9566959726;B
20240208;143320;7404.500000000;5;9566959728;S
20240208;143321;7404.500000000;407;9566959795;S
20240208;143321;7404.500000000;13;9566959796;S
20240208;143321;7404.000000000;15;9566959797;S
20240208;143321;7402.500000000;5;9566959798;S
20240208;143321;7402.000000000;4;9566959799;S
20240208;143321;7401.500000000;10;9566959800;S
20240208;143321;7401.000000000;8;9566959801;S
20240208;143321;7400.500000000;38;9566959802;S
20240208;143322;7401.500000000;2;9566959912;S
20240208;143322;7401.000000000;8;9566959913;S
20240208;143322;7404.500000000;5;9566959921;B
20240208;143323;7403.500000000;9;9566959939;B
20240208;143323;7403.500000000;6;9566959940;B
20240208;143323;7404.000000000;50;9566959991;B
20240208;143323;7404.500000000;27;9566959992;B
20240208;143324;7401.500000000;5;9566960031;S
20240208;143324;7401.500000000;9;9566960032;S
20240208;143324;7401.500000000;1;9566960033;S
20240208;143324;7401.000000000;42;9566960034;S
20240208;143324;7400.500000000;25;9566960035;S
20240208;143324;7400.500000000;9;9566960036;S
20240208;143324;7400.000000000;2;9566960037;S
20240208;143324;7400.000000000;2;9566960038;S
20240208;143324;7400.000000000;1;9566960039;S
20240208;143324;7400.000000000;4;9566960040;S
20240208;143324;7400.000000000;4;9566960041;S
20240208;143324;7400.000000000;15;9566960042;S
20240208;143324;7400.000000000;5;9566960043;S
20240208;143324;7400.000000000;70;9566960044;S
20240208;143324;7400.000000000;306;9566960045;S
20240208;143324;7400.000000000;1;9566960068;S
20240208;143324;7400.000000000;35;9566960104;S
20240208;143325;7403.500000000;2;9566960173;B
20240208;143325;7400.000000000;2;9566960222;S
20240208;143327;7402.500000000;5;9566960475;B
20240208;143327;7402.500000000;1;9566960476;B
20240208;143327;7402.500000000;15;9566960477;B
20240208;143327;7403.000000000;1;9566960478;B
20240208;143327;7402.500000000;8;9566960484;B
20240208;143327;7403.000000000;37;9566960485;B
20240208;143327;7403.000000000;55;9566960486;B
20240208;143329;7402.000000000;3;9566960650;S
20240208;143329;7402.000000000;5;9566960687;S
20240208;143335;7402.500000000;1;9566961250;S
20240208;143337;7404.500000000;7;9566961526;B
20240208;143337;7402.500000000;21;9566961530;S
20240208;143337;7402.500000000;15;9566961531;S
20240208;143337;7402.000000000;9;9566961532;S
20240208;143337;7402.000000000;45;9566961533;B
20240208;143338;7401.500000000;2;9566961598;S
20240208;143339;7401.000000000;5;9566961659;S
20240208;143339;7401.000000000;4;9566961660;S
20240208;143339;7400.500000000;6;9566961661;S
20240208;143339;7400.500000000;2;9566961662;S
20240208;143339;7400.500000000;21;9566961663;S
20240208;143339;7400.000000000;36;9566961664;S
20240208;143339;7400.000000000;139;9566961665;S
20240208;143339;7400.500000000;21;9566961681;S
20240208;143339;7400.000000000;312;9566961682;S
20240208;143339;7400.000000000;2;9566961683;S
20240208;143339;7400.000000000;1;9566961684;S
20240208;143339;7400.000000000;1;9566961685;S
20240208;143339;7399.500000000;1;9566961686;S
20240208;143339;7399.000000000;1;9566961687;S
20240208;143339;7399.000000000;10;9566961688;S
20240208;143339;7398.000000000;1;9566961689;S
20240208;143339;7398.000000000;7;9566961690;S
20240208;143339;7398.000000000;27;9566961691;S
20240208;143339;7398.000000000;20;9566961692;S
20240208;143339;7397.500000000;5;9566961693;S
20240208;143339;7397.000000000;1;9566961694;S
20240208;143339;7397.000000000;10;9566961695;S
20240208;143339;7397.000000000;2;9566961696;S
20240208;143339;7397.000000000;10;9566961697;S
20240208;143339;7397.000000000;20;9566961698;S
20240208;143339;7396.000000000;10;9566961699;S
20240208;143339;7395.500000000;1;9566961700;S
20240208;143339;7395.500000000;6;9566961701;S
20240208;143339;7395.500000000;50;9566961702;S
20240208;143339;7395.500000000;1;9566961703;S
20240208;143339;7395.000000000;11;9566961704;S
20240208;143339;7395.000000000;1;9566961705;S
20240208;143339;7395.000000000;35;9566961706;S
20240208;143342;7398.000000000;1;9566961993;B
20240208;143342;7397.000000000;1;9566961996;S
20240208;143342;7398.000000000;1;9566961999;B
20240208;143342;7397.000000000;2;9566962022;S
20240208;143344;7398.000000000;2;9566962171;B
20240208;143344;7398.000000000;3;9566962172;B
20240208;143346;7398.000000000;6;9566962385;B
20240208;143348;7398.500000000;12;9566962488;B
20240208;143348;7398.500000000;22;9566962516;B
20240208;143350;7398.000000000;4;9566962637;S
20240208;143350;7398.500000000;16;9566962650;B
20240208;143350;7398.500000000;11;9566962651;B
20240208;143350;7398.500000000;15;9566962652;B
20240208;143350;7398.500000000;7;9566962653;B
20240208;143350;7399.000000000;1;9566962654;B
20240208;143350;7398.000000000;1;9566962686;S
20240208;143351;7398.000000000;17;9566962764;S
20240208;143351;7397.000000000;3;9566962765;S
20240208;143352;7397.000000000;1;9566962816;S
20240208;143352;7397.000000000;1;9566962818;S
20240208;143352;7397.000000000;2;9566962822;S
20240208;143352;7396.000000000;1;9566962823;S
20240208;143352;7396.000000000;8;9566962824;S
20240208;143352;7396.000000000;5;9566962825;S
20240208;143352;7395.000000000;44;9566962826;S
20240208;143353;7395.000000000;1;9566963003;S
20240208;143353;7395.000000000;2;9566963078;S
20240208;143353;7395.000000000;1;9566963093;S
20240208;143355;7395.500000000;10;9566963374;B
20240208;143355;7395.000000000;1;9566963408;S
20240208;143359;7395.000000000;1;9566963850;S
20240208;143359;7395.500000000;5;9566963884;B
20240208;143359;7395.500000000;10;9566963891;B
20240208;143359;7395.500000000;76;9566963899;B
20240208;143359;7395.500000000;7;9566963900;B
20240208;143359;7396.000000000;14;9566963901;B
20240208;143359;7396.000000000;25;9566963902;B
20240208;143359;7396.500000000;1;9566963903;B
20240208;143359;7397.000000000;20;9566963904;B
20240208;143359;7398.000000000;25;9566963905;B
20240208;143359;7398.000000000;2;9566963906;B
20240208;143359;7398.500000000;20;9566963907;B
20240208;143359;7398.500000000;58;9566963908;B
20240208;143359;7398.500000000;21;9566963909;B
20240208;143359;7399.000000000;25;9566963910;B
20240208;143359;7399.000000000;25;9566963911;B
20240208;143359;7399.000000000;20;9566963912;B
20240208;143359;7399.000000000;93;9566963913;B
20240208;143359;7399.500000000;4;9566963914;B
20240208;143359;7399.500000000;93;9566963915;B
20240208;143359;7399.500000000;6;9566963916;B
20240208;143359;7400.000000000;100;9566963917;B
20240208;143359;7400.000000000;1565;9566963918;B
20240208;143400;7396.500000000;4;9566964117;S
20240208;143400;7395.500000000;4;9566964118;S
20240208;143400;7395.500000000;1;9566964119;S
20240208;143400;7395.000000000;15;9566964120;S
20240208;143400;7395.000000000;10;9566964121;S
20240208;143400;7395.000000000;10;9566964122;S
20240208;143400;7395.000000000;5;9566964123;S
20240208;143400;7395.000000000;4;9566964124;S
20240208;143400;7395.000000000;17;9566964125;S
20240208;143404;7395.500000000;70;9566964394;B
20240208;143404;7395.500000000;21;9566964395;B
20240208;143404;7395.500000000;14;9566964396;B
20240208;143404;7397.500000000;100;9566964397;B
20240208;143404;7398.000000000;1;9566964398;B
20240208;143404;7398.500000000;9;9566964399;B
20240208;143404;7399.000000000;200;9566964400;B
20240208;143404;7399.000000000;4;9566964401;B
20240208;143404;7399.000000000;20;9566964402;B
20240208;143404;7399.000000000;1;9566964403;B
20240208;143404;7399.500000000;20;9566964404;B
20240208;143404;7399.500000000;93;9566964405;B
20240208;143404;7399.500000000;93;9566964406;B
20240208;143404;7400.000000000;354;9566964407;B
20240208;143407;7395.500000000;4;9566964764;S
20240208;143407;7395.500000000;1;9566964765;S
20240208;143407;7395.500000000;2;9566964766;S
20240208;143407;7395.000000000;3;9566964767;S
20240208;143409;7398.500000000;4;9566965038;B
20240208;143409;7398.500000000;10;9566965039;B
20240208;143409;7399.000000000;8;9566965040;B
20240208;143410;7396.500000000;11;9566965138;S
20240208;143410;7396.500000000;1;9566965139;S
20240208;143410;7395.500000000;58;9566965140;S
20240208;143410;7395.500000000;20;9566965141;S
20240208;143410;7395.000000000;7;9566965142;S
20240208;143410;7395.000000000;1;9566965143;S
20240208;143410;7395.000000000;8;9566965144;S
20240208;143410;7395.000000000;495;9566965145;S
20240208;143410;7394.000000000;1;9566965146;S
20240208;143410;7394.000000000;20;9566965147;S
20240208;143410;7393.500000000;2;9566965148;S
20240208;143410;7393.000000000;3;9566965149;S
20240208;143410;7393.000000000;3;9566965150;S
20240208;143410;7393.000000000;5;9566965151;S
20240208;143410;7392.500000000;5;9566965152;S
20240208;143410;7392.500000000;20;9566965153;S
20240208;143410;7392.000000000;1;9566965154;S
20240208;143410;7392.000000000;1;9566965155;S
20240208;143410;7392.000000000;1;9566965156;S
20240208;143410;7392.000000000;20;9566965157;S
20240208;143410;7392.000000000;21;9566965158;S
20240208;143410;7391.500000000;40;9566965159;S
20240208;143410;7391.500000000;4;9566965160;S
20240208;143410;7391.500000000;27;9566965161;S
20240208;143410;7391.000000000;2;9566965162;S
20240208;143410;7391.000000000;10;9566965163;S
20240208;143410;7391.000000000;70;9566965164;S
20240208;143410;7391.000000000;5;9566965165;S
20240208;143410;7391.000000000;19;9566965166;B
20240208;143410;7391.000000000;1;9566965167;B
20240208;143410;7391.000000000;10;9566965226;B
20240208;143410;7391.000000000;1;9566965252;B
20240208;143411;7391.000000000;3;9566965329;B
20240208;143411;7391.000000000;1;9566965330;B
20240208;143411;7391.000000000;5;9566965351;B
20240208;143412;7391.000000000;3;9566965421;B
20240208;143413;7391.000000000;5;9566965657;B
20240208;143413;7391.000000000;5;9566965663;B
20240208;143414;7391.000000000;7;9566965812;B
20240208;143415;7390.500000000;20;9566965880;S
20240208;143415;7391.000000000;30;9566965916;B
20240208;143417;7391.000000000;5;9566966075;B
20240208;143418;7391.000000000;1;9566966126;B
20240208;143418;7391.000000000;13;9566966144;B
20240208;143418;7391.000000000;500;9566966165;B
20240208;143418;7391.000000000;1;9566966182;B
20240208;143419;7391.000000000;5;9566966233;B
20240208;143419;7391.000000000;500;9566966258;B
20240208;143420;7391.000000000;60;9566966300;B
20240208;143420;7391.000000000;200;9566966304;B
20240208;143420;7390.500000000;4;9566966321;S
20240208;143420;7391.000000000;200;9566966369;B
20240208;143421;7391.000000000;30;9566966405;B
20240208;143421;7391.000000000;33;9566966458;B
20240208;143421;7391.000000000;6;9566966459;B
20240208;143421;7391.000000000;24;9566966468;B
20240208;143421;7390.500000000;1;9566966471;S
20240208;143422;7390.500000000;1;9566966590;S
20240208;143422;7390.500000000;1;9566966591;S
20240208;143422;7390.500000000;2;9566966592;S
20240208;143422;7391.000000000;1;9566966593;B
20240208;143422;7391.000000000;75;9566966643;B
20240208;143423;7391.000000000;2;9566966795;B
20240208;143424;7391.000000000;21;9566966843;B
20240208;143424;7391.000000000;1;9566966845;B
20240208;143424;7390.500000000;18;9566966850;S
20240208;143424;7390.500000000;20;9566966851;S
20240208;143424;7390.500000000;7;9566966852;S
20240208;143424;7391.000000000;1;9566966873;B
20240208;143424;7391.000000000;5;9566966904;B
20240208;143424;7391.000000000;61;9566966906;B
20240208;143425;7391.000000000;3;9566966953;B
20240208;143425;7391.000000000;196;9566966995;B
20240208;143425;7391.000000000;1;9566966996;B
20240208;143425;7391.000000000;8;9566966997;B
20240208;143426;7391.000000000;2;9566967027;B
20240208;143426;7390.500000000;5;9566967030;S
20240208;143427;7391.000000000;2;9566967128;B
20240208;143427;7391.000000000;1;9566967136;B
20240208;143427;7391.000000000;25;9566967142;B
20240208;143428;7390.500000000;1;9566967202;S
20240208;143429;7391.000000000;15;9566967350;B
20240208;143429;7391.000000000;70;9566967351;B
20240208;143429;7391.000000000;1;9566967352;B
20240208;143429;7391.500000000;1;9566967358;B
20240208;143430;7391.500000000;2;9566967425;B
20240208;143430;7391.500000000;1;9566967426;B
20240208;143430;7391.500000000;1;9566967441;B
20240208;143430;7393.000000000;2;9566967442;B
20240208;143430;7392.000000000;1;9566967443;S
20240208;143430;7393.000000000;8;9566967456;B
20240208;143430;7395.000000000;1;9566967457;B
20240208;143430;7395.500000000;5;9566967458;B
20240208;143430;7396.000000000;1;9566967459;B
20240208;143430;7396.500000000;2;9566967460;B
20240208;143430;7397.000000000;5;9566967461;B
20240208;143431;7395.000000000;1;9566967561;S
20240208;143434;7396.500000000;1;9566967776;B
20240208;143434;7397.000000000;1;9566967777;B
20240208;143434;7397.000000000;1;9566967778;B
20240208;143436;7397.000000000;5;9566967920;B
20240208;143437;7397.000000000;4;9566968038;B
20240208;143437;7397.500000000;11;9566968039;B
20240208;143438;7397.500000000;1;9566968097;B
20240208;143438;7398.000000000;4;9566968098;B
20240208;143438;7396.000000000;3;9566968133;S
20240208;143439;7396.000000000;2;9566968208;S
20240208;143439;7395.500000000;1;9566968209;S
20240208;143442;7395.000000000;1;9566968409;S
20240208;143442;7395.000000000;1;9566968410;S
20240208;143442;7393.000000000;8;9566968411;S
20240208;143442;7392.500000000;21;9566968412;S
20240208;143442;7392.500000000;58;9566968413;S
20240208;143442;7392.000000000;20;9566968414;S
20240208;143442;7391.500000000;20;9566968415;S
20240208;143442;7391.000000000;1;9566968416;S
20240208;143444;7391.500000000;10;9566968585;S
20240208;143446;7395.000000000;2;9566968791;B
20240208;143446;7395.000000000;7;9566968820;B
20240208;143451;7395.500000000;3;9566969296;B
20240208;143451;7396.000000000;19;9566969297;B
20240208;143452;7394.000000000;1;9566969432;S
20240208;143454;7395.500000000;2;9566969544;B
20240208;143455;7395.500000000;1;9566969634;B
20240208;143455;7396.500000000;1;9566969635;B
20240208;143455;7396.500000000;1;9566969636;B
20240208;143455;7396.500000000;3;9566969637;B
20240208;143455;7397.000000000;5;9566969638;B
20240208;143455;7397.000000000;28;9566969639;B
20240208;143455;7397.000000000;12;9566969640;B
20240208;143455;7397.500000000;49;9566969641;B
20240208;143456;7395.500000000;1;9566969690;S
20240208;143501;7395.000000000;5;9566970482;S
20240208;143501;7394.000000000;4;9566970483;S
20240208;143501;7393.500000000;1;9566970484;S
20240208;143501;7393.000000000;12;9566970485;S
20240208;143501;7392.500000000;18;9566970486;S
20240208;143501;7395.500000000;8;9566970570;B
20240208;143501;7396.000000000;16;9566970571;B
20240208;143501;7397.000000000;22;9566970572;B
20240208;143501;7397.000000000;58;9566970573;B
20240208;143501;7397.500000000;91;9566970574;B
20240208;143501;7392.500000000;21;9566970616;S
20240208;143501;7392.500000000;6;9566970617;S
20240208;143501;7392.000000000;5;9566970618;S
20240208;143501;7392.000000000;5;9566970619;S
20240208;143501;7392.000000000;13;9566970620;S
20240208;143501;7396.500000000;2;9566970640;S
20240208;143503;7395.500000000;2;9566971003;B
20240208;143503;7395.500000000;1;9566971004;B
20240208;143503;7395.500000000;2;9566971005;B
20240208;143505;7395.500000000;1;9566971268;B
20240208;143510;7393.000000000;7;9566974123;S
20240208;143510;7392.500000000;1;9566974124;S
20240208;143510;7392.000000000;21;9566974125;S
20240208;143510;7392.000000000;1;9566974126;S
20240208;143510;7391.500000000;4;9566974127;S
20240208;143510;7391.500000000;4;9566974128;S
20240208;143510;7391.500000000;2;9566974129;S
20240208;143510;7391.500000000;10;9566974130;S
20240208;143512;7394.000000000;2;9566976341;S
20240208;143512;7394.500000000;21;9566976342;B
20240208;143512;7394.500000000;1;9566976343;B
20240208;143514;7395.000000000;1;9566977809;B
20240208;143514;7395.500000000;2;9566978177;B
20240208;143514;7395.500000000;5;9566978178;B
20240208;143519;7395.000000000;3;9566982205;S
20240208;143519;7395.000000000;1;9566983291;S
20240208;143520;7395.000000000;96;9566983353;S
20240208;143525;7394.500000000;6;9566987844;S
20240208;143525;7394.000000000;4;9566987845;S
20240208;143525;7394.000000000;1;9566988361;S
20240208;143527;7395.000000000;1;9566989497;B
20240208;143527;7394.000000000;15;9566990329;S
20240208;143527;7392.500000000;18;9566990330;S
20240208;143527;7392.000000000;1;9566990331;S
20240208;143527;7392.000000000;1;9566990332;S
20240208;143528;7394.500000000;11;9566990515;B
20240208;143528;7394.500000000;15;9566990516;B
20240208;143529;7394.000000000;1;9566991433;B
20240208;143530;7394.000000000;1;9566991615;B
20240208;143530;7395.000000000;3;9566991616;B
20240208;143530;7395.000000000;3;9566991617;B
20240208;143530;7395.000000000;20;9566991644;B
20240208;143533;7395.000000000;22;9566995052;B
20240208;143533;7395.000000000;4;9566995904;B
20240208;143535;7394.500000000;1;9566996894;S
20240208;143536;7395.000000000;1;9566997951;B
20240208;143536;7395.000000000;9;9566998067;B
20240208;143536;7395.000000000;1;9566998068;B
20240208;143539;7394.500000000;1;9567000999;S
20240208;143541;7394.500000000;7;9567001534;S
20240208;143541;7394.000000000;3;9567001535;S
20240208;143541;7394.000000000;5;9567001536;S
20240208;143542;7394.500000000;3;9567003016;B
20240208;143543;7394.500000000;7;9567003081;B
20240208;143543;7395.000000000;1;9567003082;B
20240208;143543;7395.000000000;1;9567003083;B
20240208;143543;7395.000000000;1;9567003084;B
20240208;143543;7394.500000000;4;9567003560;S
20240208;143545;7394.000000000;15;9567005505;S
20240208;143545;7394.500000000;6;9567005516;B
20240208;143545;7394.500000000;1;9567005517;B
20240208;143545;7395.000000000;3;9567005518;B
20240208;143547;7394.500000000;1;9567007850;B
20240208;143550;7394.500000000;1;9567009120;B
20240208;143552;7394.500000000;8;9567011311;B
20240208;143552;7394.500000000;2;9567011312;B
20240208;143553;7395.000000000;3;9567012905;B
20240208;143554;7395.000000000;4;9567013309;B
20240208;143554;7395.000000000;18;9567013310;B
20240208;143555;7394.000000000;1;9567014460;S
20240208;143556;7395.000000000;2;9567014468;B
20240208;143556;7395.000000000;1;9567015193;B
20240208;143557;7395.000000000;1;9567016155;B
20240208;143603;7395.000000000;5;9567020025;B
20240208;143603;7395.000000000;4;9567020725;B
20240208;143605;7395.000000000;5;9567022167;B
20240208;143607;7395.000000000;4;9567025258;B
20240208;143610;7395.000000000;1;9567026669;B
20240208;143610;7395.000000000;2;9567026670;B
20240208;143610;7395.000000000;1;9567026694;S
20240208;143612;7395.000000000;2;9567028849;S
20240208;143613;7394.500000000;1;9567029536;S
20240208;143613;7394.500000000;1;9567029537;S
20240208;143613;7394.500000000;1;9567029538;S
20240208;143613;7394.000000000;2;9567029539;S
20240208;143614;7395.000000000;4;9567029726;B
20240208;143615;7395.500000000;10;9567030698;B
20240208;143615;7395.500000000;12;9567030699;B
20240208;143615;7396.000000000;1;9567030703;B
20240208;143624;7395.500000000;5;9567037217;S
20240208;143624;7394.500000000;4;9567037218;S
20240208;143624;7394.000000000;5;9567037219;S
20240208;143624;7395.500000000;1;9567037259;B
20240208;143625;7394.000000000;1;9567038050;S
20240208;143626;7395.500000000;2;9567038589;B
20240208;143626;7396.000000000;4;9567038590;B
20240208;143626;7396.000000000;1;9567038591;B
20240208;143633;7394.000000000;11;9567044451;S
20240208;143633;7393.500000000;4;9567044452;S
20240208;143635;7395.000000000;1;9567046151;B
20240208;143635;7395.000000000;16;9567046152;B
20240208;143635;7395.500000000;2;9567046153;B
20240208;143635;7395.500000000;3;9567046154;B
20240208;143639;7395.500000000;2;9567048684;B
20240208;143639;7395.500000000;8;9567048685;B
20240208;143644;7393.500000000;1;9567051987;S
20240208;143644;7393.000000000;4;9567051988;S
20240208;143644;7392.500000000;3;9567051989;S
20240208;143644;7392.000000000;22;9567051990;S
20240208;143645;7393.500000000;12;9567053350;B
20240208;143645;7393.500000000;15;9567053351;B
20240208;143645;7394.000000000;21;9567053352;B
20240208;143645;7394.500000000;2;9567053353;B
20240208;143650;7392.500000000;1;9567056119;S
20240208;143650;7392.000000000;9;9567056120;S
20240208;143651;7392.000000000;50;9567056168;S
20240208;143651;7393.500000000;2;9567056327;B
20240208;143651;7393.500000000;1;9567056328;B
20240208;143652;7392.000000000;2;9567057978;S
20240208;143652;7392.000000000;2;9567058264;S
20240208;143652;7392.000000000;22;9567058268;S
20240208;143652;7391.500000000;4;9567058269;S
20240208;143652;7391.000000000;2;9567058270;S
20240208;143652;7391.000000000;2;9567058271;S
20240208;143652;7391.000000000;1;9567058272;S
20240208;143652;7391.000000000;60;9567058273;S
20240208;143652;7391.000000000;5;9567058274;S
20240208;143652;7390.500000000;2;9567058275;S
20240208;143652;7390.500000000;5;9567058276;S
20240208;143652;7390.500000000;6;9567058277;S
20240208;143652;7390.000000000;27;9567058278;S
20240208;143652;7390.000000000;2;9567058279;S
20240208;143652;7390.000000000;3;9567058280;S
20240208;143652;7390.000000000;7;9567058281;S
20240208;143652;7390.000000000;55;9567058282;S
20240208;143652;7390.000000000;20;9567058283;S
20240208;143652;7390.000000000;10;9567058284;S
20240208;143652;7390.000000000;1;9567058285;S
20240208;143652;7390.000000000;70;9567058286;S
20240208;143652;7390.000000000;1;9567058287;S
20240208;143652;7390.000000000;5;9567058288;S
20240208;143652;7390.000000000;90;9567058289;S
20240208;143652;7390.000000000;2;9567058290;S
20240208;143652;7390.000000000;8;9567058308;S
20240208;143652;7390.000000000;100;9567058309;S
20240208;143652;7390.000000000;10;9567058310;S
20240208;143652;7390.000000000;1;9567058311;S
20240208;143652;7390.000000000;10;9567058312;S
20240208;143652;7390.000000000;9;9567058313;S
20240208;143653;7390.000000000;32;9567058905;S
20240208;143653;7390.000000000;10;9567058906;S
20240208;143653;7390.000000000;5;9567058907;S
20240208;143653;7390.000000000;1;9567058908;S
20240208;143653;7389.500000000;50;9567058914;S
20240208;143653;7389.500000000;1;9567058915;S
20240208;143653;7389.500000000;27;9567058916;S
20240208;143653;7388.500000000;1;9567058928;S
20240208;143653;7388.500000000;16;9567058958;S
20240208;143653;7388.000000000;2;9567058970;S
20240208;143653;7388.000000000;3;9567058971;S
20240208;143653;7388.000000000;2;9567059023;S
20240208;143653;7388.000000000;4;9567059027;S
20240208;143653;7388.000000000;1;9567059028;S
20240208;143653;7387.500000000;1;9567059029;S
20240208;143653;7387.000000000;3;9567059037;S
20240208;143653;7387.000000000;2;9567059038;S
20240208;143653;7386.500000000;2;9567059048;S
20240208;143653;7385.500000000;1;9567059049;S
20240208;143653;7385.500000000;7;9567059168;S
20240208;143653;7385.500000000;7;9567059169;S
20240208;143653;7386.000000000;19;9567059194;S
20240208;143653;7385.500000000;20;9567059195;S
20240208;143653;7385.500000000;48;9567059196;S
20240208;143653;7385.000000000;10;9567059197;S
20240208;143653;7385.000000000;3;9567059198;S
20240208;143653;7385.000000000;2;9567059199;S
20240208;143653;7385.000000000;5;9567059200;S
20240208;143653;7385.000000000;10;9567059201;S
20240208;143653;7385.000000000;3;9567059202;S
20240208;143653;7385.000000000;3;9567059203;S
20240208;143653;7385.000000000;1;9567059204;S
20240208;143653;7385.000000000;20;9567059205;S
20240208;143653;7385.000000000;8;9567059206;S
20240208;143654;7388.500000000;1;9567059249;B
20240208;143654;7389.500000000;1;9567059250;B
20240208;143654;7389.500000000;15;9567059251;B
20240208;143654;7390.000000000;5;9567059252;B
20240208;143654;7390.500000000;3;9567059253;B
20240208;143654;7386.000000000;1;9567059257;S
20240208;143654;7390.000000000;2;9567059258;B
20240208;143654;7386.000000000;2;9567059269;S
20240208;143654;7386.000000000;6;9567059279;S
20240208;143654;7386.000000000;1;9567059305;S
20240208;143654;7386.000000000;3;9567059306;S
20240208;143654;7385.500000000;27;9567059307;S
20240208;143654;7385.500000000;13;9567059308;S
20240208;143654;7385.000000000;32;9567059309;S
20240208;143654;7384.500000000;11;9567059310;S
20240208;143655;7384.500000000;3;9567059758;S
20240208;143655;7387.500000000;3;9567059800;B
20240208;143656;7388.000000000;22;9567061189;B
20240208;143659;7388.000000000;28;9567063132;B
20240208;143659;7388.500000000;15;9567063133;B
20240208;143659;7389.500000000;2;9567063134;B
20240208;143659;7390.000000000;58;9567063135;B
20240208;143659;7390.500000000;4;9567063136;B
20240208;143659;7390.500000000;12;9567063137;B
20240208;143659;7391.000000000;20;9567063138;B
20240208;143659;7392.000000000;20;9567063139;B
20240208;143659;7392.000000000;8;9567063140;B
20240208;143659;7392.000000000;2;9567063141;B
20240208;143659;7392.500000000;19;9567063142;B
20240208;143659;7393.000000000;2;9567063143;B
20240208;143659;7393.000000000;58;9567063144;B
20240208;143659;7393.500000000;90;9567063145;B
20240208;143659;7393.500000000;10;9567063146;B
20240208;143659;7394.000000000;100;9567063147;B
20240208;143659;7394.000000000;4;9567063148;B
20240208;143659;7394.500000000;448;9567063149;B
20240208;143659;7390.000000000;21;9567063165;S
20240208;143659;7389.500000000;15;9567063166;S
20240208;143659;7389.000000000;14;9567063167;S
20240208;143700;7389.500000000;4;9567063171;S
20240208;143707;7392.500000000;4;9567068954;S
20240208;143707;7391.000000000;4;9567068955;S
20240208;143707;7391.000000000;15;9567068956;S
20240208;143707;7390.500000000;8;9567068957;S
20240208;143707;7389.500000000;21;9567068958;S
20240208;143707;7389.500000000;2;9567068959;S
20240208;143707;7389.000000000;20;9567068960;S
20240208;143707;7388.500000000;20;9567068961;S
20240208;143707;7388.500000000;6;9567068962;S
20240208;143710;7389.000000000;2;9567070800;S
20240208;143714;7392.000000000;2;9567074365;B
20240208;143714;7392.500000000;10;9567074366;B
20240208;143714;7393.000000000;1;9567074367;B
20240208;143714;7393.000000000;14;9567074368;B
20240208;143714;7393.000000000;3;9567074369;B
20240208;143714;7393.500000000;21;9567074370;B
20240208;143714;7393.500000000;1;9567074371;B
20240208;143714;7394.000000000;6;9567074372;B
20240208;143714;7394.000000000;20;9567074373;B
20240208;143714;7394.000000000;20;9567074374;B
20240208;143714;7394.500000000;2;9567074375;B
20240208;143717;7393.500000000;5;9567078038;B
20240208;143717;7393.500000000;14;9567078039;B
20240208;143717;7394.000000000;3;9567078040;B
20240208;143721;7391.500000000;15;9567080047;S
20240208;143721;7391.500000000;7;9567080048;S
20240208;143721;7391.000000000;11;9567080049;S
20240208;143721;7390.500000000;1;9567080050;S
20240208;143721;7390.500000000;2;9567080051;S
20240208;143721;7390.000000000;13;9567080052;S
20240208;143721;7389.500000000;26;9567080053;S
20240208;143722;7389.000000000;65;9567081580;S
20240208;143722;7389.000000000;10;9567081581;S
20240208;143722;7388.500000000;20;9567081582;S
20240208;143722;7387.500000000;10;9567081583;S
20240208;143722;7387.000000000;27;9567081584;S
20240208;143722;7387.000000000;20;9567081585;S
20240208;143722;7386.500000000;48;9567081586;S
20240208;143724;7392.000000000;8;9567083489;B
20240208;143724;7392.500000000;1;9567083490;B
20240208;143724;7388.000000000;6;9567083506;S
20240208;143724;7388.000000000;4;9567083507;S
20240208;143724;7387.500000000;14;9567083508;S
20240208;143724;7387.000000000;10;9567083509;S
20240208;143724;7387.000000000;27;9567083510;S
20240208;143724;7387.000000000;5;9567083511;S
20240208;143724;7386.000000000;2;9567083512;S
20240208;143724;7386.000000000;4;9567083513;S
20240208;143724;7386.000000000;10;9567083514;S
20240208;143724;7386.000000000;20;9567083515;S
20240208;143724;7385.500000000;68;9567083516;S
20240208;143727;7386.000000000;1;9567085607;S
20240208;143730;7386.000000000;1;9567087542;S
20240208;143734;7387.000000000;1;9567087969;S
20240208;143735;7387.000000000;1;9567088041;S
20240208;143735;7386.500000000;1;9567088042;S
20240208;143735;7386.500000000;4;9567088043;S
20240208;143735;7386.000000000;9;9567088044;S
20240208;143735;7385.500000000;15;9567088045;S
20240208;143735;7385.500000000;2;9567088119;S
20240208;143735;7385.500000000;27;9567088120;B
20240208;143735;7388.000000000;15;9567088127;B
20240208;143735;7389.000000000;13;9567088129;B
20240208;143735;7389.500000000;2;9567088130;B
20240208;143737;7386.000000000;2;9567088302;S
20240208;143738;7386.000000000;2;9567088333;S
20240208;143738;7386.000000000;4;9567088334;S
20240208;143738;7386.000000000;2;9567088335;S
20240208;143738;7385.500000000;12;9567088336;S
20240208;143738;7385.000000000;10;9567088337;S
20240208;143738;7389.000000000;21;9567088369;B
20240208;143738;7389.500000000;1;9567088370;B
20240208;143745;7387.000000000;1;9567089015;S
20240208;143745;7387.000000000;1;9567089016;S
20240208;143745;7386.000000000;1;9567089017;S
20240208;143745;7385.500000000;2;9567089018;S
20240208;143745;7385.500000000;1;9567089019;S
20240208;143745;7385.000000000;30;9567089020;S
20240208;143745;7385.000000000;4;9567089021;S
20240208;143749;7388.000000000;10;9567089322;B
20240208;143749;7388.000000000;1;9567089352;B
20240208;143750;7386.000000000;16;9567089455;B
20240208;143750;7386.000000000;15;9567089456;B
20240208;143750;7386.000000000;15;9567089457;B
20240208;143750;7386.000000000;15;9567089458;B
20240208;143750;7386.000000000;9;9567089459;B
20240208;143750;7387.000000000;4;9567089460;B
20240208;143750;7388.000000000;2;9567089461;B
20240208;143750;7388.000000000;5;9567089462;B
20240208;143750;7388.000000000;6;9567089463;B
20240208;143750;7388.000000000;2;9567089464;B
20240208;143750;7389.000000000;2;9567089465;B
20240208;143750;7390.000000000;13;9567089468;B
20240208;143751;7390.000000000;20;9567089504;B
20240208;143753;7386.500000000;1;9567089678;S
20240208;143758;7387.000000000;1;9567090095;S
20240208;143758;7387.000000000;1;9567090096;S
20240208;143758;7386.500000000;1;9567090097;S
20240208;143758;7386.500000000;1;9567090098;S
20240208;143758;7386.500000000;4;9567090099;S
20240208;143759;7389.500000000;12;9567090183;B
20240208;143759;7390.000000000;5;9567090184;B
20240208;143759;7390.000000000;1;9567090185;B
20240208;143759;7390.000000000;4;9567090186;B
20240208;143759;7390.000000000;1;9567090211;B
20240208;143800;7390.000000000;3;9567090369;B
20240208;143800;7387.500000000;21;9567090454;S
20240208;143800;7387.500000000;1;9567090455;S
20240208;143800;7387.000000000;1;9567090456;S
20240208;143800;7387.000000000;7;9567090457;S
20240208;143800;7387.000000000;13;9567090458;S
20240208;143800;7387.000000000;8;9567090459;S
20240208;143800;7386.500000000;1;9567090460;S
20240208;143800;7386.500000000;5;9567090461;S
20240208;143800;7386.000000000;10;9567090462;S
20240208;143800;7385.500000000;12;9567090463;S
20240208;143800;7385.000000000;26;9567090464;S
20240208;143800;7385.000000000;10;9567090465;S
20240208;143800;7385.000000000;1;9567090466;S
20240208;143800;7385.000000000;3;9567090467;S
20240208;143800;7385.000000000;1;9567090468;S
20240208;143800;7385.000000000;17;9567090469;S
20240208;143802;7386.000000000;1;9567090698;S
20240208;143803;7386.000000000;2;9567090848;S
20240208;143803;7386.000000000;9;9567090849;S
20240208;143803;7386.000000000;2;9567090850;S
20240208;143803;7385.500000000;11;9567090851;S
20240208;143803;7385.000000000;58;9567090852;S
20240208;143803;7384.500000000;9;9567090853;S
20240208;143803;7384.500000000;4;9567090854;S
20240208;143803;7384.500000000;20;9567090855;S
20240208;143803;7384.500000000;5;9567090856;S
20240208;143803;7384.500000000;27;9567090857;S
20240208;143803;7384.000000000;13;9567090858;S
20240208;143803;7384.000000000;1;9567090859;S
20240208;143803;7384.000000000;2;9567090860;S
20240208;143803;7384.000000000;4;9567090861;S
20240208;143803;7384.000000000;19;9567090862;S
20240208;143803;7383.500000000;40;9567090863;S
20240208;143803;7383.000000000;2;9567090864;S
20240208;143803;7383.000000000;10;9567090865;S
20240208;143803;7383.000000000;2;9567090866;S
20240208;143803;7383.000000000;67;9567090867;S
20240208;143803;7383.000000000;20;9567090868;S
20240208;143803;7383.000000000;10;9567090869;S
20240208;143803;7382.500000000;2;9567090870;S
20240208;143803;7382.500000000;1;9567090871;S
20240208;143803;7382.000000000;13;9567090872;S
20240208;143803;7382.000000000;10;9567090873;S
20240208;143803;7382.000000000;20;9567090874;S
20240208;143803;7381.500000000;5;9567090875;S
20240208;143803;7381.500000000;1;9567090876;S
20240208;143803;7381.500000000;2;9567090877;S
20240208;143803;7381.500000000;40;9567090878;S
20240208;143803;7381.000000000;133;9567090879;S
20240208;143803;7381.000000000;1;9567090880;S
20240208;143803;7381.000000000;10;9567090881;S
20240208;143803;7380.500000000;134;9567090882;S
20240208;143803;7380.500000000;12;9567090883;S
20240208;143803;7380.500000000;1;9567090884;S
20240208;143803;7380.500000000;7;9567090885;S
20240208;143803;7380.500000000;10;9567090886;S
20240208;143803;7380.500000000;20;9567090887;S
20240208;143803;7380.000000000;20;9567090888;S
20240208;143803;7380.000000000;7;9567090889;S
20240208;143803;7380.000000000;2;9567090890;S
20240208;143803;7380.000000000;2;9567090891;S
20240208;143803;7380.000000000;2;9567090892;S
20240208;143803;7380.000000000;12;9567090893;S
20240208;143803;7380.000000000;196;9567090894;S
20240208;143804;7381.000000000;1;9567091049;S
20240208;143804;7385.000000000;2;9567091107;S
20240208;143804;7385.000000000;8;9567091125;S
20240208;143804;7381.000000000;2;9567091126;S
20240208;143808;7384.500000000;2;9567091646;B
20240208;143808;7384.500000000;4;9567091647;B
20240208;143808;7385.000000000;2;9567091648;B
20240208;143808;7385.000000000;2;9567091649;B
20240208;143810;7385.000000000;1;9567091877;B
20240208;143812;7385.000000000;10;9567092210;B
20240208;143813;7385.000000000;1;9567092277;B
20240208;143813;7385.000000000;11;9567092401;B
20240208;143813;7386.500000000;11;9567092402;B
20240208;143813;7387.000000000;20;9567092403;B
20240208;143813;7387.000000000;20;9567092404;B
20240208;143813;7389.000000000;2;9567092405;B
20240208;143813;7389.000000000;12;9567092406;B
20240208;143813;7389.500000000;1;9567092407;B
20240208;143813;7389.500000000;20;9567092408;B
20240208;143813;7390.000000000;2;9567092409;B
20240208;143813;7390.000000000;1;9567092410;B
20240208;143813;7390.000000000;10;9567092411;B
20240208;143813;7390.000000000;1;9567092412;B
20240208;143813;7390.000000000;58;9567092413;B
20240208;143813;7390.000000000;1;9567092414;B
20240208;143813;7390.500000000;90;9567092415;B
20240208;143813;7390.500000000;12;9567092416;B
20240208;143813;7391.000000000;20;9567092417;B
20240208;143813;7391.000000000;8;9567092418;B
20240208;143814;7384.000000000;21;9567092574;S
20240208;143814;7383.500000000;11;9567092575;S
20240208;143814;7383.000000000;2;9567092576;S
20240208;143814;7383.000000000;20;9567092577;S
20240208;143814;7382.500000000;2;9567092578;S
20240208;143814;7382.000000000;20;9567092579;S
20240208;143814;7382.000000000;2;9567092580;B
20240208;143814;7382.000000000;2;9567092581;B
20240208;143814;7382.000000000;20;9567092582;B
20240208;143814;7388.500000000;7;9567092584;B
20240208;143814;7388.500000000;7;9567092585;B
20240208;143814;7388.500000000;1;9567092586;S
20240208;143814;7389.000000000;7;9567092590;S
20240208;143814;7389.500000000;4;9567092591;B
20240208;143814;7388.500000000;4;9567092594;S
20240208;143815;7384.000000000;1;9567092749;S
20240208;143815;7383.500000000;3;9567092750;S
20240208;143815;7388.000000000;1;9567092775;B
20240208;143817;7384.000000000;10;9567092990;S
20240208;143820;7388.000000000;3;9567093343;B
20240208;143820;7388.500000000;8;9567093344;B
20240208;143820;7389.000000000;11;9567093345;B
20240208;143825;7387.000000000;1;9567093878;S
20240208;143825;7387.000000000;3;9567093879;S
20240208;143826;7387.000000000;7;9567094026;S
20240208;143826;7387.000000000;8;9567094027;S
20240208;143826;7386.000000000;5;9567094028;S
20240208;143828;7386.500000000;3;9567094316;S
20240208;143829;7387.000000000;40;9567094405;B
20240208;143830;7386.000000000;5;9567094497;S
20240208;143830;7386.000000000;5;9567094498;S
20240208;143830;7385.500000000;14;9567094499;S
20240208;143831;7385.500000000;1;9567094547;S
20240208;143831;7385.500000000;20;9567094565;S
20240208;143831;7385.000000000;5;9567094566;S
20240208;143831;7386.000000000;1;9567094593;B
20240208;143841;7386.000000000;1;9567095430;B
20240208;143841;7386.000000000;11;9567095443;B
20240208;143841;7386.500000000;8;9567095444;B
20240208;143841;7386.500000000;3;9567095445;B
20240208;143841;7386.500000000;2;9567095451;B
20240208;143841;7387.000000000;8;9567095452;B
20240208;143842;7386.000000000;1;9567095502;S
20240208;143842;7387.000000000;6;9567095525;B
20240208;143845;7386.000000000;2;9567095762;S
20240208;143856;7385.500000000;6;9567097032;B
20240208;143856;7386.000000000;2;9567097033;B
20240208;143857;7386.500000000;7;9567097124;B
20240208;143858;7386.000000000;12;9567097198;S
20240208;143858;7385.500000000;5;9567097199;S
20240208;143858;7385.000000000;86;9567097200;S
20240208;143858;7385.000000000;5;9567097201;S
20240208;143858;7385.000000000;1;9567097202;S
20240208;143858;7385.000000000;1;9567097203;S
20240208;143858;7385.000000000;8;9567097204;S
20240208;143902;7385.000000000;22;9567097535;B
20240208;143904;7385.000000000;1;9567097782;B
20240208;143904;7384.500000000;2;9567097783;S
20240208;143905;7384.500000000;5;9567097894;S
20240208;143908;7384.500000000;3;9567098150;S
20240208;143908;7384.000000000;1;9567098151;S
20240208;143908;7384.000000000;4;9567098217;S
20240208;143910;7384.000000000;1;9567098316;B
20240208;143910;7383.500000000;6;9567098322;S
20240208;143910;7383.000000000;1;9567098394;S
20240208;143914;7383.000000000;3;9567098602;S
20240208;143914;7384.000000000;7;9567098648;B
20240208;143914;7384.500000000;8;9567098649;B
20240208;143914;7384.500000000;15;9567098650;B
20240208;143915;7384.500000000;10;9567098751;S
20240208;143915;7385.000000000;3;9567098756;B
20240208;143916;7385.000000000;1;9567098772;B
20240208;143916;7384.500000000;5;9567098776;S
20240208;143916;7384.500000000;1;9567098791;S
20240208;143916;7384.500000000;3;9567098792;S
20240208;143916;7384.500000000;2;9567098827;S
20240208;143918;7384.500000000;1;9567099020;S
20240208;143918;7383.500000000;4;9567099021;S
20240208;143918;7383.000000000;4;9567099022;S
20240208;143920;7382.500000000;1;9567099305;S
20240208;143920;7382.500000000;4;9567099306;S
20240208;143920;7382.000000000;8;9567099307;S
20240208;143920;7381.500000000;1;9567099308;S
20240208;143920;7381.500000000;1;9567099309;S
20240208;143920;7381.500000000;5;9567099310;S
20240208;143920;7381.000000000;10;9567099311;S
20240208;143920;7381.000000000;39;9567099312;S
20240208;143920;7381.000000000;10;9567099316;S
20240208;143920;7381.000000000;6;9567099412;S
20240208;143921;7381.000000000;23;9567099650;S
20240208;143922;7381.000000000;10;9567099868;S
20240208;143923;7383.000000000;7;9567099948;B
20240208;143923;7383.000000000;15;9567099949;B
20240208;143923;7381.000000000;4;9567100061;S
20240208;143926;7381.000000000;5;9567100294;S
20240208;143926;7381.000000000;3;9567100313;S
20240208;143926;7381.000000000;2;9567100314;S
20240208;143926;7380.500000000;1;9567100365;S
20240208;143926;7380.500000000;4;9567100386;S
20240208;143927;7380.500000000;3;9567100422;S
20240208;143927;7380.000000000;3;9567100423;S
20240208;143927;7380.500000000;1;9567100484;S
20240208;143927;7380.000000000;4;9567100485;S
20240208;143928;7380.000000000;1;9567100507;S
20240208;143928;7380.000000000;2;9567100537;S
20240208;143928;7380.000000000;1;9567100546;S
20240208;143930;7380.500000000;1;9567100668;S
20240208;143930;7380.000000000;1;9567100670;S
20240208;143930;7380.000000000;2;9567100706;S
20240208;143931;7381.000000000;8;9567100764;B
20240208;143931;7381.500000000;1;9567100793;S
20240208;143931;7381.000000000;4;9567100818;S
20240208;143932;7381.000000000;3;9567100827;S
20240208;143932;7381.500000000;1;9567100868;S
20240208;143932;7381.000000000;7;9567100869;S
20240208;143933;7381.000000000;3;9567100882;S
20240208;143934;7381.500000000;2;9567101123;S
20240208;143934;7381.000000000;1;9567101176;S
20240208;143935;7381.000000000;1;9567101331;S
20240208;143936;7381.000000000;1;9567101353;S
20240208;143937;7381.500000000;5;9567101600;S
20240208;143937;7381.000000000;5;9567101601;S
20240208;143937;7381.000000000;1;9567101618;S
20240208;143937;7381.000000000;2;9567101626;S
20240208;143937;7381.000000000;1;9567101660;S
20240208;143938;7381.000000000;13;9567101693;S
20240208;143938;7380.500000000;4;9567101694;S
20240208;143938;7380.500000000;3;9567101695;S
20240208;143938;7380.000000000;80;9567101696;S
20240208;143938;7380.000000000;3;9567101724;S
20240208;143939;7380.000000000;8;9567101756;S
20240208;143939;7380.000000000;28;9567101785;S
20240208;143939;7382.000000000;1;9567101821;B
20240208;143940;7380.500000000;10;9567101858;S
20240208;143940;7380.000000000;84;9567101859;S
20240208;143940;7382.500000000;4;9567101901;B
20240208;143940;7382.500000000;2;9567101902;B
20240208;143940;7382.500000000;4;9567101921;B
20240208;143941;7380.500000000;1;9567101946;S
20240208;143941;7380.500000000;1;9567102003;S
20240208;143941;7382.000000000;1;9567102069;B
20240208;143942;7381.500000000;2;9567102100;S
20240208;143942;7380.500000000;2;9567102101;S
20240208;143942;7380.500000000;1;9567102112;S
20240208;143943;7380.500000000;2;9567102199;S
20240208;143943;7380.500000000;1;9567102209;S
20240208;143943;7380.500000000;1;9567102290;S
20240208;143944;7382.500000000;21;9567102318;B
20240208;143944;7383.000000000;1;9567102319;B
20240208;143944;7380.000000000;2;9567102388;S
20240208;143945;7381.000000000;1;9567102448;B
20240208;143946;7381.000000000;1;9567102485;B
20240208;143947;7380.500000000;5;9567102634;S
20240208;143948;7381.000000000;56;9567102681;S
20240208;143949;7381.000000000;4;9567102798;S
20240208;143949;7381.000000000;1;9567102802;S
20240208;143951;7381.500000000;2;9567102986;S
20240208;143951;7381.000000000;1;9567103079;S
20240208;143951;7381.000000000;1;9567103089;S
20240208;143952;7381.000000000;20;9567103197;S
20240208;143953;7381.000000000;3;9567103261;S
20240208;143953;7381.500000000;1;9567103290;S
20240208;143954;7382.000000000;1;9567103348;B
20240208;143954;7381.000000000;8;9567103352;S
20240208;143955;7381.000000000;2;9567103408;S
20240208;143955;7381.000000000;4;9567103435;S
20240208;143955;7381.000000000;4;9567103479;S
20240208;143957;7381.000000000;1;9567103726;S
20240208;143958;7381.000000000;2;9567103787;S
20240208;143959;7381.000000000;43;9567103946;S
20240208;143959;7381.000000000;2;9567103947;S
20240208;143959;7381.000000000;20;9567103948;S
20240208;143959;7381.000000000;1;9567103949;S
20240208;143959;7381.000000000;5;9567103950;S
20240208;143959;7380.500000000;200;9567103951;S
20240208;143959;7380.500000000;10;9567103952;S
20240208;143959;7380.000000000;85;9567103953;S
20240208;143959;7380.000000000;2;9567103954;S
20240208;143959;7380.000000000;1;9567103955;S
20240208;143959;7380.000000000;5;9567103956;S
20240208;143959;7380.000000000;1;9567103957;S
20240208;143959;7380.000000000;10;9567103958;S
20240208;143959;7380.000000000;15;9567103959;S
20240208;143959;7380.000000000;1;9567103960;S
20240208;143959;7380.000000000;24;9567103961;S
20240208;143959;7380.000000000;30;9567103962;S
20240208;143959;7380.000000000;6;9567103963;S
20240208;143959;7380.000000000;1;9567103964;S
20240208;143959;7379.500000000;4;9567103965;S
20240208;143959;7379.500000000;7;9567103966;S
20240208;144000;7379.000000000;1;9567104004;S
20240208;144000;7379.000000000;1;9567104013;S
20240208;144000;7379.500000000;15;9567104015;B
20240208;144000;7379.500000000;7;9567104016;B
20240208;144000;7379.500000000;7;9567104017;B
20240208;144000;7379.500000000;8;9567104018;B
20240208;144000;7379.500000000;1;9567104023;B
20240208;144001;7379.000000000;1;9567104139;S
20240208;144001;7378.500000000;3;9567104140;S
20240208;144001;7378.500000000;1;9567104141;S
20240208;144001;7378.500000000;71;9567104142;S
20240208;144002;7378.500000000;1;9567104252;S
20240208;144003;7378.500000000;1;9567104290;S
20240208;144003;7379.000000000;21;9567104291;B
20240208;144003;7379.000000000;7;9567104292;B
20240208;144003;7379.500000000;72;9567104293;B
20240208;144003;7378.500000000;213;9567104349;S
20240208;144003;7378.000000000;6;9567104350;S
20240208;144003;7377.500000000;7;9567104351;S
20240208;144003;7377.500000000;1;9567104352;S
20240208;144003;7377.000000000;30;9567104353;S
20240208;144003;7377.000000000;1;9567104354;S
20240208;144003;7376.000000000;5;9567104355;S
20240208;144003;7376.000000000;27;9567104356;S
20240208;144003;7375.500000000;1;9567104357;S
20240208;144003;7375.500000000;16;9567104358;S
20240208;144003;7375.500000000;20;9567104359;S
20240208;144003;7375.500000000;10;9567104360;S
20240208;144003;7375.500000000;1;9567104361;S
20240208;144003;7375.500000000;58;9567104362;S
20240208;144003;7375.000000000;19;9567104363;S
20240208;144003;7375.000000000;1;9567104364;S
20240208;144003;7375.000000000;2;9567104365;S
20240208;144003;7375.000000000;5;9567104366;S
20240208;144003;7375.000000000;10;9567104367;S
20240208;144003;7375.000000000;5;9567104368;S
20240208;144003;7375.000000000;2;9567104369;S
20240208;144003;7375.000000000;1;9567104370;S
20240208;144003;7375.000000000;40;9567104371;S
20240208;144003;7375.000000000;10;9567104372;S
20240208;144003;7375.000000000;40;9567104373;S
20240208;144003;7375.000000000;4;9567104374;S
20240208;144003;7375.000000000;15;9567104375;B
20240208;144003;7375.000000000;15;9567104376;B
20240208;144003;7375.000000000;40;9567104377;B
20240208;144003;7375.000000000;1;9567104378;B
20240208;144003;7374.500000000;1;9567104379;S
20240208;144003;7375.000000000;10;9567104390;B
20240208;144003;7375.000000000;4;9567104391;B
20240208;144003;7374.500000000;20;9567104392;S
20240208;144003;7374.000000000;10;9567104393;S
20240208;144003;7374.000000000;13;9567104394;S
20240208;144004;7374.500000000;2;9567104405;B
20240208;144004;7374.000000000;10;9567104435;S
20240208;144004;7375.000000000;15;9567104445;B
20240208;144004;7374.000000000;1;9567104449;S
20240208;144004;7374.000000000;2;9567104456;S
20240208;144004;7374.000000000;50;9567104471;S
20240208;144004;7374.000000000;1;9567104578;S
20240208;144005;7374.500000000;10;9567104581;B
20240208;144005;7374.500000000;6;9567104582;B
20240208;144005;7375.000000000;6;9567104583;B
20240208;144005;7375.000000000;60;9567104602;B
20240208;144005;7374.000000000;2;9567104620;S
20240208;144005;7374.000000000;10;9567104653;S
20240208;144007;7374.500000000;1;9567104820;S
20240208;144007;7374.500000000;1;9567104830;S
20240208;144007;7374.500000000;5;9567104873;S
20240208;144007;7375.000000000;1;9567104909;B
20240208;144008;7374.500000000;2;9567104961;S
20240208;144008;7374.500000000;1;9567104995;S
20240208;144008;7374.500000000;4;9567105035;S
20240208;144009;7374.500000000;1;9567105047;S
20240208;144009;7375.000000000;298;9567105099;B
20240208;144009;7375.000000000;2;9567105100;B
20240208;144009;7375.000000000;1;9567105102;S
20240208;144010;7375.000000000;2;9567105162;S
20240208;144012;7376.000000000;1;9567105393;S
20240208;144012;7375.500000000;8;9567105394;S
20240208;144012;7375.000000000;2;9567105395;S
20240208;144012;7375.000000000;1;9567105396;S
20240208;144012;7375.000000000;3;9567105397;S
20240208;144012;7377.500000000;1;9567105452;B
20240208;144012;7378.500000000;8;9567105453;B
20240208;144012;7378.500000000;5;9567105454;B
20240208;144013;7375.500000000;3;9567105544;S
20240208;144014;7375.500000000;1;9567105609;S
20240208;144016;7375.500000000;4;9567105858;S
20240208;144016;7375.500000000;1;9567105898;S
20240208;144016;7375.500000000;5;9567105899;S
20240208;144017;7376.000000000;4;9567105941;S
20240208;144017;7376.000000000;4;9567105987;S
20240208;144017;7376.000000000;3;9567106003;S
20240208;144018;7376.000000000;1;9567106013;S
20240208;144018;7376.000000000;21;9567106014;S
20240208;144018;7376.000000000;6;9567106015;S
20240208;144018;7375.500000000;1;9567106016;S
20240208;144018;7375.500000000;1;9567106017;S
20240208;144018;7375.500000000;31;9567106018;S
20240208;144018;7375.500000000;50;9567106019;S
20240208;144018;7375.500000000;1;9567106020;B
20240208;144018;7375.500000000;37;9567106054;B
20240208;144018;7375.500000000;1;9567106075;B
20240208;144018;7375.000000000;1;9567106113;S
20240208;144019;7375.500000000;13;9567106146;B
20240208;144020;7375.500000000;1;9567106202;B
20240208;144020;7375.000000000;1;9567106261;S
20240208;144020;7375.500000000;3;9567106265;B
20240208;144020;7375.500000000;18;9567106280;B
20240208;144020;7375.500000000;10;9567106281;B
20240208;144020;7375.500000000;1;9567106282;B
20240208;144020;7375.500000000;8;9567106289;B
20240208;144020;7375.500000000;62;9567106291;B
20240208;144021;7376.500000000;18;9567106312;S
20240208;144021;7377.000000000;1;9567106388;S
20240208;144021;7376.500000000;21;9567106389;S
20240208;144021;7376.500000000;58;9567106390;S
20240208;144022;7379.000000000;5;9567106439;B
20240208;144022;7377.500000000;1;9567106455;S
20240208;144023;7378.500000000;10;9567106468;S
20240208;144023;7379.000000000;1;9567106489;B
20240208;144024;7380.000000000;2;9567106547;B
20240208;144024;7380.000000000;3;9567106548;B
20240208;144024;7379.500000000;4;9567106553;S
20240208;144024;7380.000000000;1;9567106561;B
20240208;144024;7380.000000000;1;9567106562;B
20240208;144024;7380.000000000;4;9567106563;B
20240208;144024;7380.000000000;8;9567106564;B
20240208;144024;7380.500000000;6;9567106597;B
20240208;144024;7380.000000000;86;9567106598;S
20240208;144024;7380.000000000;8;9567106599;S
20240208;144024;7380.000000000;21;9567106600;S
20240208;144024;7379.000000000;94;9567106601;S
20240208;144024;7379.000000000;41;9567106602;S
20240208;144024;7379.500000000;17;9567106610;S
20240208;144025;7378.500000000;1;9567106753;S
20240208;144025;7378.500000000;1;9567106754;S
20240208;144025;7380.500000000;4;9567106775;B
20240208;144025;7381.000000000;200;9567106776;B
20240208;144025;7381.000000000;1;9567106777;B
20240208;144025;7381.000000000;4;9567106778;B
20240208;144025;7381.000000000;1;9567106779;B
20240208;144025;7381.000000000;50;9567106780;B
20240208;144025;7381.000000000;8;9567106781;B
20240208;144025;7382.000000000;8;9567106782;B
20240208;144025;7382.000000000;1;9567106904;B
20240208;144025;7383.000000000;9;9567106905;B
20240208;144025;7383.000000000;4;9567106906;B
20240208;144025;7383.000000000;1;9567106907;B
20240208;144025;7383.000000000;2;9567106908;B
20240208;144025;7383.500000000;5;9567106909;B
20240208;144028;7383.500000000;1;9567107310;B
20240208;144028;7383.500000000;34;9567107311;B
20240208;144028;7384.000000000;10;9567107312;B
20240208;144028;7384.000000000;55;9567107313;B
20240208;144028;7379.500000000;10;9567107349;S
20240208;144029;7379.500000000;8;9567107571;S
20240208;144029;7379.000000000;2;9567107572;S
20240208;144029;7379.000000000;10;9567107573;S
20240208;144029;7378.500000000;55;9567107574;S
20240208;144029;7378.000000000;30;9567107575;S
20240208;144029;7377.500000000;20;9567107576;S
20240208;144029;7376.500000000;60;9567107577;S
20240208;144029;7376.500000000;16;9567107578;S
20240208;144029;7376.000000000;10;9567107579;S
20240208;144029;7376.000000000;10;9567107580;S
20240208;144029;7376.000000000;21;9567107581;S
20240208;144029;7375.500000000;60;9567107582;S
20240208;144029;7375.000000000;9;9567107583;S
20240208;144029;7375.000000000;20;9567107584;S
20240208;144029;7375.000000000;40;9567107585;S
20240208;144029;7375.000000000;1;9567107586;S
20240208;144029;7374.500000000;1;9567107587;S
20240208;144029;7374.500000000;1;9567107588;S
20240208;144029;7374.500000000;20;9567107589;S
20240208;144029;7374.500000000;2;9567107590;S
20240208;144029;7374.500000000;90;9567107591;S
20240208;144029;7374.500000000;27;9567107592;S
20240208;144029;7374.000000000;111;9567107593;S
20240208;144029;7374.000000000;5;9567107594;S
20240208;144029;7374.000000000;3;9567107595;S
20240208;144029;7374.000000000;19;9567107596;B
20240208;144029;7374.000000000;111;9567107597;B
20240208;144029;7374.000000000;3;9567107598;B
20240208;144029;7374.000000000;1;9567107599;B
20240208;144029;7374.000000000;12;9567107600;B
20240208;144029;7374.000000000;2;9567107606;B
20240208;144029;7374.000000000;4;9567107609;B
20240208;144029;7374.000000000;1;9567107610;B
20240208;144029;7374.000000000;15;9567107611;B
20240208;144029;7374.000000000;20;9567107650;B
20240208;144031;7374.000000000;5;9567107794;B
20240208;144031;7373.500000000;3;9567107832;S
20240208;144031;7373.500000000;3;9567107833;S
20240208;144031;7373.500000000;13;9567107835;S
20240208;144031;7373.500000000;38;9567107836;S
20240208;144032;7374.000000000;10;9567107870;B
20240208;144032;7374.000000000;1;9567107910;B
20240208;144032;7374.000000000;5;9567107918;B
20240208;144032;7374.000000000;60;9567107974;B
20240208;144033;7374.000000000;20;9567108035;B
20240208;144033;7373.500000000;1;9567108043;S
20240208;144033;7374.000000000;40;9567108045;B
20240208;144033;7374.000000000;6;9567108058;B
20240208;144034;7374.000000000;20;9567108099;B
20240208;144034;7373.500000000;1;9567108105;S
20240208;144034;7374.000000000;488;9567108116;B
20240208;144034;7374.000000000;2;9567108117;B
20240208;144034;7374.500000000;4;9567108140;B
20240208;144035;7374.500000000;1;9567108184;B
20240208;144035;7374.000000000;2;9567108195;S
20240208;144035;7374.500000000;2;9567108200;B
20240208;144035;7375.000000000;5;9567108243;B
20240208;144035;7377.500000000;1;9567108289;B
20240208;144036;7379.000000000;5;9567108358;S
20240208;144036;7379.000000000;1;9567108363;S
20240208;144036;7379.500000000;2;9567108408;B
20240208;144037;7379.500000000;2;9567108487;B
20240208;144037;7380.000000000;8;9567108488;B
20240208;144040;7379.000000000;8;9567108788;S
20240208;144040;7380.000000000;8;9567108830;B
20240208;144040;7380.000000000;1;9567108831;B
20240208;144040;7380.500000000;6;9567108832;B
20240208;144040;7380.500000000;4;9567108837;S
20240208;144040;7380.500000000;1;9567108839;S
20240208;144041;7380.500000000;1;9567108872;S
20240208;144041;7379.000000000;4;9567108873;S
20240208;144043;7380.000000000;3;9567109076;B
20240208;144044;7379.500000000;2;9567109155;S
20240208;144045;7380.000000000;3;9567109246;B
20240208;144046;7380.000000000;7;9567109305;B
20240208;144046;7380.000000000;12;9567109306;B
20240208;144046;7380.000000000;3;9567109307;B
20240208;144046;7380.000000000;2;9567109322;B
20240208;144047;7379.500000000;1;9567109361;S
20240208;144048;7379.500000000;1;9567109424;S
20240208;144048;7380.000000000;2;9567109444;B
20240208;144048;7380.500000000;8;9567109445;B
20240208;144048;7379.500000000;1;9567109461;S
20240208;144050;7379.500000000;3;9567109622;S
20240208;144052;7379.500000000;17;9567109788;S
20240208;144052;7379.500000000;10;9567109789;S
20240208;144052;7379.500000000;3;9567109790;S
20240208;144052;7379.000000000;2;9567109791;S
20240208;144053;7379.000000000;4;9567109828;S
20240208;144053;7376.000000000;3;9567109829;S
20240208;144053;7376.000000000;2;9567109836;S
20240208;144053;7376.000000000;4;9567109843;S
20240208;144054;7378.500000000;21;9567109894;B
20240208;144054;7378.500000000;1;9567109895;B
20240208;144054;7379.000000000;12;9567109896;B
20240208;144054;7379.500000000;7;9567109897;B
20240208;144054;7380.000000000;1;9567109898;B
20240208;144054;7380.000000000;20;9567109899;B
20240208;144054;7380.000000000;1;9567109900;B
20240208;144054;7380.500000000;20;9567109901;B
20240208;144054;7381.500000000;3;9567109902;B
20240208;144054;7381.500000000;16;9567109903;B
20240208;144054;7381.500000000;20;9567109904;B
20240208;144054;7382.000000000;1;9567109905;B
20240208;144054;7382.000000000;2;9567109906;B
20240208;144054;7382.500000000;20;9567109907;B
20240208;144054;7382.500000000;31;9567109908;B
20240208;144055;7377.000000000;10;9567110013;S
20240208;144056;7380.500000000;2;9567110161;B
20240208;144058;7380.000000000;2;9567110359;B
20240208;144059;7380.000000000;2;9567110511;B
20240208;144059;7380.000000000;8;9567110512;B
20240208;144101;7377.500000000;1;9567110641;S
20240208;144101;7377.500000000;1;9567110673;S
20240208;144102;7378.000000000;7;9567110692;B
20240208;144103;7378.000000000;5;9567110753;B
20240208;144103;7377.500000000;1;9567110779;S
20240208;144104;7378.000000000;3;9567110843;B
20240208;144104;7380.000000000;3;9567110844;B
20240208;144104;7380.000000000;1;9567110845;B
20240208;144104;7380.000000000;1;9567110893;S
20240208;144105;7380.000000000;5;9567110922;S
20240208;144105;7378.500000000;10;9567110923;S
20240208;144105;7378.000000000;1;9567110924;S
20240208;144105;7377.500000000;1;9567110925;S
20240208;144105;7377.500000000;21;9567110926;S
20240208;144105;7377.000000000;40;9567110927;S
20240208;144105;7377.000000000;20;9567110928;S
20240208;144105;7376.000000000;1;9567110929;S
20240208;144105;7375.500000000;5;9567110930;S
20240208;144105;7375.500000000;4;9567110931;S
20240208;144105;7375.500000000;10;9567110932;S
20240208;144105;7375.500000000;31;9567110933;S
20240208;144105;7375.000000000;10;9567110934;S
20240208;144105;7375.000000000;50;9567110935;S
20240208;144105;7375.000000000;6;9567110936;S
20240208;144105;7375.000000000;20;9567110937;S
20240208;144105;7374.500000000;1;9567110938;S
20240208;144105;7374.500000000;1;9567110939;S
20240208;144105;7374.500000000;27;9567110940;S
20240208;144105;7374.000000000;1;9567110941;S
20240208;144105;7374.000000000;10;9567110942;S
20240208;144105;7374.000000000;15;9567110943;S
20240208;144105;7374.000000000;2;9567110944;S
20240208;144105;7373.500000000;299;9567110945;S
20240208;144105;7373.500000000;1;9567110946;S
20240208;144105;7373.000000000;10;9567110947;S
20240208;144105;7373.000000000;1;9567110948;S
20240208;144105;7373.000000000;10;9567110949;S
20240208;144105;7373.000000000;5;9567110950;S
20240208;144105;7373.000000000;20;9567110951;S
20240208;144105;7372.500000000;1;9567110952;S
20240208;144105;7372.500000000;2;9567110953;S
20240208;144105;7372.000000000;7;9567110954;S
20240208;144105;7372.000000000;16;9567110955;S
20240208;144105;7372.000000000;5;9567110956;S
20240208;144105;7372.000000000;1;9567110957;S
20240208;144105;7372.000000000;50;9567110958;S
20240208;144105;7371.500000000;10;9567110959;S
20240208;144105;7371.500000000;6;9567110960;S
20240208;144105;7371.000000000;8;9567110961;S
20240208;144105;7371.000000000;2;9567110962;S
20240208;144105;7371.000000000;3;9567110963;S
20240208;144105;7371.000000000;1;9567110964;S
20240208;144105;7371.000000000;5;9567110965;S
20240208;144105;7371.000000000;1;9567110966;S
20240208;144105;7370.500000000;10;9567110967;S
20240208;144105;7370.500000000;11;9567110968;S
20240208;144105;7370.500000000;1;9567110969;S
20240208;144105;7370.500000000;20;9567110970;S
20240208;144105;7370.500000000;2;9567110971;S
20240208;144106;7376.500000000;1;9567111067;B
20240208;144106;7372.500000000;2;9567111098;S
20240208;144106;7372.000000000;4;9567111099;S
20240208;144107;7372.500000000;5;9567111145;S
20240208;144107;7372.000000000;5;9567111146;S
20240208;144107;7376.500000000;1;9567111158;B
20240208;144107;7376.500000000;5;9567111159;B
20240208;144107;7377.000000000;1;9567111160;B
20240208;144107;7377.000000000;15;9567111161;B
20240208;144110;7377.000000000;1;9567111331;B
20240208;144112;7373.000000000;3;9567111548;S
20240208;144115;7376.000000000;1;9567111730;B
20240208;144115;7376.000000000;10;9567111731;B
20240208;144115;7376.500000000;11;9567111732;B
20240208;144115;7376.500000000;4;9567111733;B
20240208;144115;7377.000000000;19;9567111734;B
20240208;144115;7377.000000000;20;9567111735;B
20240208;144115;7377.000000000;1;9567111736;B
20240208;144115;7377.000000000;1;9567111737;B
20240208;144115;7377.000000000;4;9567111738;B
20240208;144115;7377.000000000;8;9567111774;S
20240208;144116;7377.000000000;50;9567111825;S
20240208;144116;7377.000000000;1;9567111826;S
20240208;144116;7377.000000000;5;9567111829;S
20240208;144119;7377.000000000;3;9567112035;S
20240208;144120;7377.000000000;5;9567112106;S
20240208;144121;7377.000000000;1;9567112178;S
20240208;144122;7377.500000000;2;9567112302;B
20240208;144122;7377.500000000;1;9567112303;B
20240208;144122;7377.500000000;8;9567112304;B
20240208;144122;7377.000000000;1;9567112365;S
20240208;144124;7377.500000000;12;9567112448;B
20240208;144124;7377.500000000;4;9567112449;B
20240208;144124;7377.500000000;21;9567112450;B
20240208;144124;7377.500000000;1;9567112451;B
20240208;144124;7377.500000000;1;9567112452;B
20240208;144124;7377.500000000;11;9567112453;B
20240208;144125;7377.000000000;150;9567112589;S
20240208;144126;7377.000000000;1;9567112614;S
20240208;144126;7377.000000000;50;9567112675;S
20240208;144127;7377.000000000;60;9567112737;S
20240208;144127;7377.000000000;4;9567112738;S
20240208;144127;7375.000000000;1;9567112739;S
20240208;144127;7375.000000000;10;9567112742;S
20240208;144128;7372.000000000;4;9567112833;S
20240208;144128;7371.000000000;3;9567112834;S
20240208;144128;7371.000000000;8;9567112835;S
20240208;144128;7370.500000000;5;9567112836;S
20240208;144128;7370.500000000;1;9567112837;S
20240208;144128;7370.500000000;10;9567112838;S
20240208;144128;7370.500000000;1;9567112839;S
20240208;144128;7370.500000000;1;9567112840;S
20240208;144128;7370.500000000;1;9567112841;S
20240208;144128;7370.500000000;1;9567112842;S
20240208;144128;7370.500000000;1;9567112843;S
20240208;144128;7370.500000000;59;9567112844;S
20240208;144128;7370.500000000;1;9567112859;S
20240208;144128;7370.500000000;100;9567112870;S
20240208;144128;7370.500000000;5;9567112879;S
20240208;144128;7372.500000000;21;9567112889;B
20240208;144128;7373.000000000;1;9567112890;B
20240208;144129;7370.500000000;335;9567112914;S
20240208;144129;7370.000000000;2;9567112915;S
20240208;144129;7370.000000000;10;9567112916;S
20240208;144129;7370.000000000;5;9567112917;S
20240208;144129;7370.000000000;20;9567112918;S
20240208;144129;7370.000000000;1;9567112919;S
20240208;144129;7370.000000000;3;9567112920;S
20240208;144129;7370.000000000;2;9567112921;S
20240208;144129;7370.000000000;10;9567112922;S
20240208;144129;7370.000000000;12;9567112923;S
20240208;144130;7370.500000000;15;9567113057;B
20240208;144130;7370.500000000;10;9567113087;B
20240208;144130;7372.500000000;11;9567113088;B
20240208;144130;7373.000000000;24;9567113089;B
20240208;144130;7373.500000000;5;9567113090;B
20240208;144131;7370.500000000;4;9567113143;S
20240208;144131;7370.000000000;1;9567113153;S
20240208;144133;7370.000000000;17;9567113297;S
20240208;144133;7370.000000000;4;9567113298;S
20240208;144133;7370.000000000;5;9567113299;S
20240208;144133;7370.000000000;5;9567113300;S
20240208;144133;7370.000000000;10;9567113301;S
20240208;144133;7370.000000000;9;9567113302;S
20240208;144134;7370.000000000;1;9567113361;S
20240208;144134;7370.000000000;1;9567113362;S
20240208;144134;7370.000000000;1;9567113386;S
20240208;144135;7370.500000000;6;9567113439;B
20240208;144135;7370.500000000;16;9567113440;B
20240208;144135;7370.500000000;1;9567113444;B
20240208;144136;7370.500000000;8;9567113519;B
20240208;144136;7372.000000000;1;9567113520;B
20240208;144137;7372.000000000;20;9567113609;B
20240208;144140;7371.000000000;1;9567113980;S
20240208;144140;7372.000000000;1;9567113984;B
20240208;144141;7370.500000000;1;9567114023;S
20240208;144141;7370.500000000;20;9567114037;S
20240208;144141;7370.500000000;2;9567114038;S
20240208;144141;7370.000000000;3;9567114039;S
20240208;144141;7370.000000000;47;9567114040;S
20240208;144141;7370.000000000;80;9567114041;S
20240208;144141;7369.500000000;1;9567114042;S
20240208;144141;7369.500000000;10;9567114043;S
20240208;144141;7369.500000000;20;9567114044;S
20240208;144141;7369.500000000;5;9567114045;S
20240208;144141;7369.500000000;1;9567114046;S
20240208;144141;7369.500000000;2;9567114047;S
20240208;144141;7369.500000000;100;9567114048;S
20240208;144141;7369.500000000;27;9567114049;S
20240208;144141;7369.000000000;5;9567114050;S
20240208;144141;7369.000000000;6;9567114051;S
20240208;144141;7369.000000000;130;9567114052;S
20240208;144141;7369.000000000;4;9567114053;S
20240208;144141;7369.000000000;15;9567114054;B
20240208;144141;7369.000000000;15;9567114055;B
20240208;144141;7369.000000000;10;9567114057;B
20240208;144141;7369.000000000;5;9567114058;B
20240208;144141;7369.000000000;15;9567114059;B
20240208;144141;7369.000000000;15;9567114061;B
20240208;144141;7369.000000000;1;9567114071;B
20240208;144141;7369.000000000;1;9567114095;B
20240208;144142;7369.000000000;5;9567114139;B
20240208;144142;7369.000000000;1;9567114153;B
20240208;144142;7368.500000000;1;9567114160;S
20240208;144142;7368.500000000;29;9567114161;S
20240208;144142;7368.500000000;25;9567114162;S
20240208;144142;7368.500000000;27;9567114169;S
20240208;144142;7368.500000000;6;9567114170;S
20240208;144143;7368.500000000;20;9567114216;S
20240208;144143;7369.000000000;1;9567114223;B
20240208;144143;7368.500000000;7;9567114254;S
20240208;144143;7368.500000000;4;9567114291;S
20240208;144144;7369.000000000;1;9567114304;B
20240208;144144;7368.500000000;9;9567114358;S
20240208;144144;7368.000000000;5;9567114359;S
20240208;144146;7368.000000000;11;9567114506;B
20240208;144146;7369.000000000;393;9567114507;B
20240208;144146;7369.000000000;1;9567114508;B
20240208;144146;7369.000000000;1;9567114509;B
20240208;144148;7369.000000000;2;9567114680;B
20240208;144149;7369.000000000;22;9567114765;B
20240208;144149;7369.000000000;45;9567114779;B
20240208;144149;7369.000000000;1;9567114780;B
20240208;144150;7369.000000000;2;9567114813;B
20240208;144151;7369.000000000;20;9567114993;B
20240208;144152;7369.000000000;15;9567115076;B
20240208;144153;7369.000000000;23;9567115133;B
20240208;144153;7368.500000000;3;9567115138;S
20240208;144154;7368.500000000;1;9567115241;B
20240208;144154;7369.000000000;13;9567115242;B
20240208;144156;7368.500000000;1;9567115470;S
20240208;144158;7369.000000000;2;9567115655;B
20240208;144158;7369.000000000;5;9567115690;B
20240208;144159;7369.000000000;1;9567115744;B
20240208;144159;7368.500000000;2;9567115752;S
20240208;144159;7368.500000000;1;9567115767;S
20240208;144200;7369.000000000;498;9567115833;B
20240208;144200;7369.000000000;1;9567115834;B
20240208;144200;7369.000000000;1;9567115835;B
20240208;144202;7368.500000000;1;9567115999;S
20240208;144202;7368.000000000;1;9567116000;S
20240208;144202;7368.000000000;6;9567116001;S
20240208;144202;7368.000000000;10;9567116002;S
20240208;144202;7367.000000000;2;9567116003;S
20240208;144204;7368.500000000;1;9567116112;B
20240208;144204;7368.000000000;1;9567116131;S
20240208;144204;7367.500000000;1;9567116132;S
20240208;144205;7368.500000000;1;9567116237;B
20240208;144205;7368.500000000;1;9567116238;B
20240208;144207;7367.500000000;1;9567116365;S
20240208;144207;7367.500000000;1;9567116366;S
20240208;144207;7368.000000000;1;9567116378;B
20240208;144209;7368.000000000;8;9567116612;B
20240208;144210;7368.000000000;1;9567116763;B
20240208;144210;7368.000000000;1;9567116764;B
20240208;144210;7368.000000000;1;9567116765;B
20240208;144210;7368.500000000;1;9567116766;B
20240208;144210;7368.500000000;14;9567116767;B
20240208;144210;7369.000000000;4;9567116768;B
20240208;144211;7369.000000000;7;9567116957;B
20240208;144211;7369.000000000;1;9567116958;B
20240208;144211;7369.000000000;5;9567116959;B
20240208;144211;7369.000000000;4;9567116960;B
20240208;144211;7369.000000000;33;9567116961;B
20240208;144211;7368.500000000;4;9567116983;S
20240208;144211;7368.500000000;2;9567117008;S
20240208;144212;7369.000000000;27;9567117158;B
20240208;144213;7369.000000000;225;9567117376;B
20240208;144213;7369.000000000;4;9567117403;B
20240208;144214;7368.500000000;1;9567117515;S
20240208;144214;7369.000000000;111;9567117558;B
20240208;144214;7369.000000000;389;9567117559;B
20240208;144215;7369.000000000;1;9567117758;B
20240208;144215;7369.000000000;1;9567117786;B
20240208;144215;7368.500000000;1;9567117803;S
20240208;144216;7369.000000000;5;9567117859;B
20240208;144216;7369.000000000;6;9567117959;B
20240208;144217;7369.000000000;12;9567118101;B
20240208;144217;7368.500000000;2;9567118164;S
20240208;144219;7369.000000000;100;9567118385;B
20240208;144219;7369.000000000;5;9567118426;B
20240208;144220;7369.000000000;2;9567118469;B
20240208;144220;7369.000000000;1;9567118510;B
20240208;144220;7369.000000000;7;9567118536;B
20240208;144221;7368.500000000;3;9567118606;S
20240208;144221;7369.000000000;100;9567118632;B
20240208;144221;7368.500000000;1;9567118638;S
20240208;144222;7369.000000000;71;9567118677;B
20240208;144222;7369.000000000;1;9567118678;B
20240208;144223;7369.000000000;1;9567118749;B
20240208;144223;7369.000000000;20;9567118811;B
20240208;144224;7369.000000000;60;9567118903;B
20240208;144225;7369.000000000;10;9567118974;B
20240208;144226;7368.500000000;2;9567119019;S
20240208;144226;7369.000000000;10;9567119023;B
20240208;144226;7369.000000000;100;9567119032;B
20240208;144227;7369.000000000;10;9567119197;B
20240208;144228;7369.000000000;3;9567119214;B
20240208;144228;7369.000000000;1;9567119240;B
20240208;144228;7368.500000000;1;9567119256;S
20240208;144228;7368.500000000;1;9567119264;S
20240208;144230;7369.000000000;1;9567119421;B
20240208;144230;7369.000000000;474;9567119534;B
20240208;144230;7369.000000000;24;9567119535;B
20240208;144230;7369.000000000;2;9567119536;B
20240208;144231;7369.000000000;18;9567119565;B
20240208;144231;7369.000000000;22;9567119571;B
20240208;144231;7369.000000000;39;9567119589;B
20240208;144232;7368.500000000;1;9567119641;S
20240208;144232;7368.500000000;10;9567119642;S
20240208;144232;7369.000000000;1;9567119698;B
20240208;144232;7369.000000000;500;9567119701;B
20240208;144234;7368.500000000;14;9567119890;S
20240208;144236;7369.000000000;52;9567120004;B
20240208;144236;7369.000000000;100;9567120005;B
20240208;144236;7369.000000000;100;9567120006;B
20240208;144236;7369.000000000;100;9567120007;B
20240208;144236;7369.000000000;100;9567120008;B
20240208;144237;7369.000000000;2;9567120093;B
20240208;144237;7369.000000000;6;9567120155;B
20240208;144238;7369.000000000;1;9567120193;B
20240208;144238;7369.000000000;1;9567120198;B
20240208;144238;7369.000000000;1;9567120247;B
20240208;144241;7369.000000000;2;9567120469;B
20240208;144242;7369.000000000;1;9567120510;B
20240208;144242;7369.000000000;63;9567120515;B
20240208;144242;7369.000000000;100;9567120516;B
20240208;144242;7369.000000000;87;9567120517;B
20240208;144242;7368.500000000;1;9567120534;S
20240208;144242;7369.000000000;2;9567120561;B
20240208;144243;7369.000000000;6;9567120592;B
20240208;144243;7369.000000000;5;9567120594;B
20240208;144243;7369.000000000;2;9567120595;B
20240208;144243;7369.000000000;2;9567120621;B
20240208;144244;7368.500000000;2;9567120682;S
20240208;144245;7369.000000000;16;9567120815;B
20240208;144245;7369.000000000;10;9567120840;B
20240208;144245;7369.000000000;5;9567120841;B
20240208;144246;7369.000000000;1;9567120925;B
20240208;144246;7368.500000000;1;9567120932;S
20240208;144247;7369.000000000;20;9567120977;B
20240208;144248;7369.000000000;5;9567121043;B
20240208;144249;7369.000000000;1;9567121135;B
20240208;144249;7368.500000000;13;9567121145;S
20240208;144250;7369.000000000;16;9567121237;B
20240208;144252;7368.500000000;2;9567121348;S
20240208;144252;7369.000000000;22;9567121357;B
20240208;144252;7369.000000000;2;9567121371;B
20240208;144254;7368.500000000;1;9567121499;S
20240208;144254;7369.000000000;2;9567121574;B
20240208;144256;7368.500000000;2;9567121664;S
20240208;144257;7368.500000000;1;9567121766;S
20240208;144257;7369.000000000;2;9567121794;B
20240208;144258;7369.000000000;3;9567121826;B
20240208;144258;7369.000000000;7;9567121916;B
20240208;144258;7369.000000000;1;9567121924;B
20240208;144259;7369.000000000;22;9567121978;B
20240208;144259;7368.500000000;4;9567121991;S
20240208;144301;7368.500000000;1;9567122135;S
20240208;144302;7368.500000000;8;9567122173;S
20240208;144302;7368.500000000;1;9567122174;S
20240208;144302;7368.500000000;3;9567122175;S
20240208;144303;7369.000000000;7;9567122283;B
20240208;144305;7369.000000000;32;9567122465;B
20240208;144306;7368.500000000;1;9567122590;S
20240208;144310;7369.000000000;11;9567122949;B
20240208;144311;7368.500000000;8;9567123021;S
20240208;144312;7368.500000000;1;9567123075;S
20240208;144312;7368.500000000;1;9567123076;S
20240208;144313;7369.000000000;22;9567123161;B
20240208;144313;7369.000000000;5;9567123260;B
20240208;144315;7369.000000000;4;9567123385;B
20240208;144316;7368.500000000;1;9567123446;S
20240208;144316;7368.500000000;2;9567123492;S
20240208;144316;7369.000000000;34;9567123497;B
20240208;144317;7369.000000000;7;9567123574;B
20240208;144317;7369.000000000;3;9567123575;B
20240208;144317;7369.000000000;40;9567123576;B
20240208;144319;7368.500000000;5;9567123726;S
20240208;144319;7368.500000000;5;9567123727;S
20240208;144319;7368.500000000;4;9567123728;S
20240208;144320;7368.500000000;2;9567123747;S
20240208;144320;7368.500000000;4;9567123748;S
20240208;144322;7369.000000000;15;9567123924;B
20240208;144323;7368.500000000;1;9567124027;S
20240208;144324;7369.000000000;15;9567124072;B
20240208;144325;7368.500000000;5;9567124127;S
20240208;144325;7368.500000000;15;9567124128;S
20240208;144328;7368.500000000;2;9567124559;S
20240208;144329;7368.500000000;1;9567124638;S
20240208;144329;7368.500000000;1;9567124719;S
20240208;144331;7368.500000000;10;9567124822;S
20240208;144331;7368.500000000;1;9567124839;S
20240208;144331;7368.500000000;5;9567124842;S
20240208;144331;7368.500000000;10;9567124843;S
20240208;144331;7368.500000000;15;9567124844;S
20240208;144331;7368.500000000;12;9567124845;S
20240208;144331;7368.500000000;8;9567124846;S
20240208;144332;7369.000000000;3;9567124903;B
20240208;144333;7369.000000000;15;9567124979;B
20240208;144333;7368.500000000;1;9567125010;S
20240208;144334;7369.000000000;22;9567125058;B
20240208;144334;7369.000000000;1;9567125120;B
20240208;144335;7369.000000000;1;9567125152;B
20240208;144335;7368.500000000;1;9567125157;S
20240208;144335;7369.000000000;1;9567125197;B
20240208;144336;7368.500000000;1;9567125219;S
20240208;144336;7368.500000000;1;9567125232;S
20240208;144336;7369.000000000;1;9567125243;B
20240208;144336;7368.500000000;2;9567125249;S
20240208;144336;7369.000000000;10;9567126478;B
20240208;144336;7368.500000000;1;9567126480;S
20240208;144337;7369.000000000;1;9567126502;B
20240208;144337;7369.000000000;1;9567126549;B
20240208;144337;7368.500000000;1;9567126569;S
20240208;144338;7369.000000000;1;9567126615;B
20240208;144338;7369.000000000;1;9567126679;B
20240208;144339;7369.000000000;7;9567126733;B
20240208;144339;7369.000000000;1;9567126751;B
20240208;144339;7369.000000000;1;9567126794;B
20240208;144340;7369.000000000;9;9567126857;B
20240208;144342;7368.500000000;1;9567127020;S
20240208;144345;7368.500000000;1;9567127231;S
20240208;144345;7368.500000000;2;9567127238;S
20240208;144345;7369.000000000;2;9567127375;B
20240208;144347;7369.000000000;10;9567127512;B
20240208;144348;7368.500000000;3;9567127583;S
20240208;144349;7369.000000000;3;9567127652;B
20240208;144349;7369.000000000;15;9567127694;B
20240208;144350;7369.000000000;2;9567127718;B
20240208;144350;7368.500000000;1;9567127724;S
20240208;144350;7369.000000000;5;9567127727;B
20240208;144350;7368.500000000;12;9567127730;S
20240208;144350;7368.500000000;21;9567127731;S
20240208;144351;7368.500000000;7;9567127810;S
20240208;144351;7369.000000000;2;9567127868;B
20240208;144351;7369.000000000;3;9567127869;B
20240208;144352;7368.500000000;2;9567127938;S
20240208;144352;7368.500000000;1;9567127939;S
20240208;144352;7368.500000000;2;9567127940;S
20240208;144354;7369.000000000;3;9567128080;B
20240208;144354;7369.000000000;9;9567128111;B
20240208;144354;7369.000000000;2;9567128112;B
20240208;144354;7369.000000000;1;9567128113;B
20240208;144354;7369.000000000;10;9567128114;B
20240208;144356;7368.500000000;8;9567128223;S
20240208;144357;7368.500000000;1;9567128344;S
20240208;144357;7368.500000000;1;9567128345;S
20240208;144357;7368.500000000;5;9567128346;S
20240208;144357;7368.500000000;6;9567128347;B
20240208;144358;7368.500000000;15;9567128403;B
20240208;144358;7368.000000000;4;9567128408;S
20240208;144358;7368.500000000;1;9567128445;B
20240208;144359;7368.500000000;1;9567128526;B
20240208;144359;7368.500000000;1;9567128581;B
20240208;144359;7368.000000000;1;9567128600;S
20240208;144400;7368.500000000;1;9567128656;B
20240208;144400;7368.500000000;1;9567128730;B
20240208;144401;7368.500000000;1;9567128796;B
20240208;144402;7368.500000000;1;9567128849;B
20240208;144403;7368.500000000;3;9567128900;B
20240208;144403;7368.500000000;1;9567128924;B
20240208;144405;7368.500000000;61;9567129069;B
20240208;144405;7368.500000000;20;9567129070;B
20240208;144405;7368.500000000;1;9567129071;B
20240208;144405;7368.500000000;179;9567129072;B
20240208;144405;7368.000000000;1;9567129146;S
20240208;144407;7368.000000000;1;9567129327;S
20240208;144407;7368.000000000;2;9567129400;S
20240208;144410;7368.000000000;31;9567129804;S
20240208;144410;7368.000000000;10;9567129805;S
20240208;144410;7368.000000000;1;9567129806;S
20240208;144410;7368.000000000;10;9567129807;S
20240208;144410;7368.000000000;10;9567129808;S
20240208;144410;7368.000000000;10;9567129809;S
20240208;144410;7368.000000000;16;9567129810;S
20240208;144410;7368.000000000;1;9567129811;S
20240208;144410;7367.500000000;25;9567129813;S
20240208;144410;7367.500000000;1;9567129814;S
20240208;144410;7367.000000000;1;9567129815;S
20240208;144410;7367.000000000;7;9567129816;S
20240208;144410;7366.500000000;8;9567129818;S
20240208;144410;7366.500000000;3;9567129819;S
20240208;144410;7366.500000000;20;9567129820;S
20240208;144410;7366.500000000;1;9567129821;S
20240208;144410;7366.000000000;1;9567129822;S
20240208;144410;7366.000000000;1;9567129823;S
20240208;144410;7367.500000000;1;9567129827;B
20240208;144412;7366.000000000;8;9567129991;S
20240208;144412;7365.500000000;1;9567129992;S
20240208;144412;7365.500000000;1;9567129993;S
20240208;144413;7365.000000000;1;9567130103;S
20240208;144413;7365.000000000;6;9567130104;S
20240208;144413;7365.000000000;1;9567130107;S
20240208;144413;7365.000000000;2;9567130132;S
20240208;144414;7365.000000000;4;9567130259;S
20240208;144415;7365.000000000;2;9567130343;S
20240208;144415;7366.000000000;20;9567130350;B
20240208;144415;7366.000000000;2;9567130351;B
20240208;144416;7365.500000000;1;9567130409;B
20240208;144416;7365.000000000;2;9567130451;S
20240208;144422;7365.500000000;1;9567131054;S
20240208;144423;7366.000000000;1;9567131199;B
20240208;144423;7366.000000000;9;9567131200;B
20240208;144423;7365.500000000;9;9567131212;S
20240208;144423;7365.500000000;1;9567131213;S
20240208;144424;7365.500000000;3;9567131305;S
20240208;144425;7366.000000000;3;9567131398;S
20240208;144426;7366.000000000;4;9567131543;S
20240208;144427;7366.000000000;3;9567131576;S
20240208;144427;7365.500000000;2;9567131577;S
20240208;144428;7365.500000000;1;9567131706;S
20240208;144428;7366.000000000;16;9567131714;B
20240208;144428;7366.000000000;20;9567131715;B
20240208;144428;7366.500000000;11;9567131716;B
20240208;144428;7367.000000000;5;9567131717;B
20240208;144428;7367.000000000;1;9567131718;B
20240208;144428;7367.000000000;193;9567131719;B
20240208;144429;7365.500000000;4;9567131812;S
20240208;144429;7365.500000000;16;9567131813;S
20240208;144429;7365.500000000;1;9567131814;S
20240208;144429;7365.000000000;43;9567131815;S
20240208;144429;7365.000000000;1;9567131816;S
20240208;144429;7365.000000000;10;9567131817;S
20240208;144429;7365.000000000;2;9567131818;S
20240208;144429;7365.000000000;10;9567131819;S
20240208;144429;7365.000000000;1;9567131820;S
20240208;144429;7365.000000000;1;9567131821;S
20240208;144429;7365.000000000;5;9567131822;S
20240208;144429;7364.500000000;10;9567131823;S
20240208;144429;7364.500000000;1;9567131824;S
20240208;144429;7364.000000000;1;9567131825;S
20240208;144429;7364.000000000;3;9567131826;S
20240208;144429;7364.000000000;1;9567131827;S
20240208;144429;7364.000000000;14;9567131828;S
20240208;144429;7364.000000000;4;9567131829;S
20240208;144429;7363.500000000;13;9567131830;S
20240208;144429;7363.500000000;1;9567131831;S
20240208;144429;7363.000000000;13;9567131832;S
20240208;144429;7363.000000000;1;9567131833;S
20240208;144429;7362.500000000;2;9567131834;S
20240208;144429;7362.500000000;1;9567131835;S
20240208;144429;7362.500000000;1;9567131836;S
20240208;144429;7362.500000000;1;9567131837;S
20240208;144429;7362.000000000;2;9567131838;S
20240208;144429;7362.000000000;1;9567131839;S
20240208;144429;7362.000000000;1;9567131840;S
20240208;144429;7361.500000000;3;9567131841;S
20240208;144429;7361.500000000;1;9567131842;S
20240208;144429;7361.500000000;30;9567131843;S
20240208;144429;7361.500000000;1;9567131844;S
20240208;144429;7362.000000000;1;9567131850;S
20240208;144430;7362.000000000;1;9567131926;S
20240208;144430;7361.500000000;1;9567131927;S
20240208;144430;7361.500000000;4;9567131928;S
20240208;144433;7363.000000000;1;9567132134;S
20240208;144434;7364.500000000;5;9567132247;B
20240208;144434;7365.000000000;5;9567132248;B
20240208;144435;7365.000000000;1;9567132369;B
20240208;144436;7365.000000000;7;9567132414;B
20240208;144436;7365.500000000;15;9567132415;B
20240208;144440;7364.000000000;10;9567132788;S
20240208;144440;7363.500000000;2;9567132789;S
20240208;144440;7363.000000000;9;9567132790;S
20240208;144440;7363.000000000;1;9567132791;S
20240208;144440;7363.000000000;6;9567132792;S
20240208;144440;7362.500000000;27;9567132793;S
20240208;144440;7362.500000000;1;9567132794;S
20240208;144440;7362.000000000;10;9567132795;S
20240208;144440;7361.500000000;1;9567132796;S
20240208;144440;7361.500000000;2;9567132797;S
20240208;144440;7361.000000000;10;9567132798;S
20240208;144440;7361.000000000;1;9567132799;S
20240208;144440;7361.000000000;103;9567132800;S
20240208;144440;7361.000000000;13;9567132801;S
20240208;144440;7361.000000000;20;9567132802;S
20240208;144440;7361.000000000;5;9567132803;S
20240208;144440;7360.500000000;1;9567132804;S
20240208;144440;7360.500000000;1;9567132805;S
20240208;144440;7360.500000000;10;9567132806;S
20240208;144440;7360.000000000;1;9567132807;S
20240208;144440;7360.000000000;14;9567132808;S
20240208;144440;7360.000000000;2;9567132809;S
20240208;144440;7360.000000000;1;9567132810;S
20240208;144440;7360.000000000;30;9567132811;S
20240208;144440;7360.000000000;13;9567132812;S
20240208;144440;7360.000000000;40;9567132813;S
20240208;144440;7360.000000000;1;9567132814;S
20240208;144440;7360.000000000;1;9567132815;S
20240208;144440;7360.000000000;1;9567132816;S
20240208;144440;7360.000000000;8;9567132817;S
20240208;144440;7359.500000000;5;9567132818;S
20240208;144440;7359.500000000;3;9567132819;S
20240208;144440;7359.500000000;14;9567132820;S
20240208;144440;7359.000000000;5;9567132821;S
20240208;144440;7359.000000000;23;9567132822;S
20240208;144440;7358.500000000;5;9567132823;S
20240208;144440;7358.500000000;10;9567132824;S
20240208;144440;7358.500000000;20;9567132825;S
20240208;144440;7358.000000000;10;9567132826;S
20240208;144440;7358.000000000;5;9567132827;S
20240208;144440;7358.000000000;32;9567132828;S
20240208;144440;7358.000000000;10;9567132829;S
20240208;144440;7357.500000000;5;9567132830;S
20240208;144440;7357.500000000;1;9567132831;S
20240208;144440;7357.000000000;5;9567132832;S
20240208;144440;7357.000000000;1;9567132833;S
20240208;144440;7357.000000000;1;9567132834;S
20240208;144440;7357.000000000;2;9567132835;S
20240208;144440;7357.000000000;10;9567132836;S
20240208;144440;7357.000000000;10;9567132837;S
20240208;144440;7357.000000000;16;9567132838;S
20240208;144440;7357.000000000;16;9567132839;S
20240208;144440;7357.000000000;20;9567132840;S
20240208;144440;7356.500000000;100;9567132841;S
20240208;144440;7356.500000000;1;9567132842;S
20240208;144440;7356.500000000;5;9567132843;S
20240208;144440;7356.500000000;10;9567132844;S
20240208;144440;7356.500000000;40;9567132845;S
20240208;144440;7356.000000000;5;9567132846;S
20240208;144440;7356.000000000;40;9567132847;S
20240208;144440;7355.500000000;5;9567132848;S
20240208;144440;7355.000000000;30;9567132849;S
20240208;144440;7355.000000000;5;9567132850;S
20240208;144440;7355.000000000;6;9567132851;S
20240208;144440;7355.000000000;200;9567132852;S
20240208;144440;7355.000000000;200;9567132853;S
20240208;144440;7354.500000000;5;9567132854;S
20240208;144440;7354.500000000;1;9567132855;S
20240208;144440;7354.500000000;20;9567132856;S
20240208;144440;7354.000000000;5;9567132857;S
20240208;144440;7354.000000000;1;9567132858;S
20240208;144440;7354.000000000;3;9567132859;S
20240208;144440;7354.000000000;7;9567132860;S
20240208;144440;7354.000000000;10;9567132861;S
20240208;144440;7354.000000000;1;9567132862;S
20240208;144440;7353.500000000;5;9567132863;S
20240208;144440;7353.500000000;12;9567132864;S
20240208;144440;7353.500000000;29;9567132865;S
20240208;144440;7353.500000000;8;9567132866;S
20240208;144440;7353.500000000;5;9567132867;S
20240208;144440;7353.500000000;40;9567132868;S
20240208;144440;7353.500000000;10;9567132869;S
20240208;144440;7353.500000000;1;9567132870;S
20240208;144440;7353.500000000;2;9567132871;S
20240208;144440;7353.000000000;5;9567132872;S
20240208;144440;7353.000000000;10;9567132873;S
20240208;144440;7353.000000000;40;9567132874;S
20240208;144440;7353.000000000;5;9567132875;S
20240208;144440;7353.000000000;40;9567132876;S
20240208;144440;7353.000000000;15;9567132877;S
20240208;144440;7356.500000000;6;9567132878;S
20240208;144440;7353.500000000;4;9567132879;S
20240208;144440;7354.500000000;1;9567132880;S
20240208;144440;7354.500000000;1;9567132883;S
20240208;144440;7354.500000000;2;9567132884;S
20240208;144440;7354.000000000;5;9567132885;S
20240208;144440;7354.000000000;22;9567132887;S
20240208;144440;7353.500000000;6;9567132888;S
20240208;144440;7353.500000000;2;9567132889;S
20240208;144441;7358.000000000;40;9567132966;B
20240208;144441;7353.500000000;1;9567132967;S
20240208;144441;7355.000000000;4;9567132984;S
20240208;144441;7358.000000000;20;9567133034;B
20240208;144441;7358.500000000;15;9567133035;B
20240208;144441;7359.000000000;1;9567133036;B
20240208;144441;7359.500000000;20;9567133037;B
20240208;144441;7361.000000000;109;9567133038;B
20240208;144441;7361.500000000;20;9567133039;B
20240208;144441;7362.000000000;10;9567133040;B
20240208;144441;7364.000000000;10;9567133041;B
20240208;144441;7364.000000000;20;9567133042;B
20240208;144441;7365.500000000;20;9567133043;B
20240208;144441;7365.500000000;31;9567133044;B
20240208;144445;7361.500000000;15;9567133407;B
20240208;144445;7362.500000000;50;9567133408;B
20240208;144445;7362.500000000;15;9567133409;B
20240208;144445;7363.000000000;10;9567133410;B
20240208;144445;7363.000000000;16;9567133411;B
20240208;144445;7363.500000000;20;9567133412;B
20240208;144445;7365.000000000;16;9567133413;B
20240208;144445;7365.000000000;1;9567133414;S
20240208;144445;7365.000000000;5;9567133415;S
20240208;144445;7365.000000000;2;9567133472;S
20240208;144447;7365.000000000;1;9567133600;S
20240208;144447;7365.000000000;1;9567133623;S
20240208;144447;7365.000000000;1;9567133625;S
20240208;144447;7365.000000000;3;9567133639;S
20240208;144448;7365.000000000;7;9567133753;S
20240208;144450;7365.000000000;1;9567133937;S
20240208;144451;7365.000000000;36;9567134002;S
20240208;144451;7365.000000000;4;9567134003;S
20240208;144451;7365.000000000;1;9567134031;S
20240208;144452;7365.000000000;1;9567134151;S
20240208;144453;7365.000000000;1;9567134183;S
20240208;144453;7365.000000000;6;9567134200;S
20240208;144453;7365.000000000;1;9567134201;S
20240208;144453;7364.000000000;1;9567134204;S
20240208;144455;7363.500000000;1;9567134403;B
20240208;144455;7361.500000000;1;9567134414;S
20240208;144455;7361.500000000;1;9567134415;S
20240208;144455;7361.500000000;1;9567134416;S
20240208;144457;7362.500000000;8;9567134593;B
20240208;144457;7362.500000000;14;9567134594;B
20240208;144457;7363.000000000;1;9567134607;B
20240208;144459;7363.500000000;1;9567134804;B
20240208;144501;7363.000000000;5;9567135009;B
20240208;144501;7363.000000000;7;9567135021;B
20240208;144501;7363.500000000;3;9567135022;B
20240208;144503;7362.000000000;1;9567135165;S
20240208;144504;7363.000000000;10;9567135194;B
20240208;144504;7363.500000000;17;9567135242;B
20240208;144504;7364.000000000;11;9567135243;B
20240208;144504;7364.000000000;5;9567135244;B
20240208;144504;7364.500000000;7;9567135245;B
20240208;144505;7362.000000000;1;9567135275;S
20240208;144505;7362.000000000;3;9567135278;S
20240208;144505;7361.500000000;10;9567135279;S
20240208;144505;7361.000000000;6;9567135280;S
20240208;144505;7360.000000000;13;9567135281;S
20240208;144505;7360.000000000;13;9567135282;S
20240208;144505;7359.000000000;6;9567135283;S
20240208;144505;7359.000000000;7;9567135284;S
20240208;144505;7358.500000000;1;9567135285;S
20240208;144505;7358.000000000;10;9567135286;S
20240208;144505;7357.500000000;10;9567135287;S
20240208;144505;7357.500000000;10;9567135288;S
20240208;144505;7357.500000000;10;9567135289;S
20240208;144505;7357.000000000;1;9567135290;S
20240208;144505;7357.500000000;3;9567135304;S
20240208;144506;7357.500000000;4;9567135331;S
20240208;144506;7362.000000000;2;9567135441;B
20240208;144506;7362.000000000;6;9567135442;B
20240208;144507;7361.000000000;1;9567135531;S
20240208;144507;7361.000000000;1;9567135546;S
20240208;144508;7362.000000000;5;9567135582;B
20240208;144510;7361.000000000;1;9567135780;S
20240208;144510;7361.000000000;2;9567135781;S
20240208;144511;7360.000000000;2;9567135826;S
20240208;144511;7359.000000000;10;9567135827;S
20240208;144511;7358.500000000;1;9567135828;S
20240208;144511;7361.000000000;10;9567135871;B
20240208;144511;7362.000000000;10;9567135872;B
20240208;144511;7362.000000000;25;9567135873;B
20240208;144511;7362.500000000;25;9567135874;B
20240208;144511;7363.000000000;20;9567135875;B
20240208;144512;7363.500000000;1;9567135941;B
20240208;144512;7363.500000000;1;9567136005;B
20240208;144513;7363.000000000;5;9567136072;S
20240208;144513;7363.000000000;1;9567136074;S
20240208;144513;7363.500000000;1;9567136076;B
20240208;144513;7363.000000000;1;9567136086;S
20240208;144514;7363.500000000;1;9567136132;B
20240208;144514;7363.000000000;1;9567136182;S
20240208;144514;7363.500000000;1;9567136200;B
20240208;144515;7363.000000000;2;9567136211;S
20240208;144515;7361.000000000;3;9567136212;S
20240208;144518;7362.000000000;9;9567136491;B
20240208;144518;7362.000000000;13;9567136492;B
20240208;144519;7361.000000000;12;9567136538;S
20240208;144519;7359.000000000;13;9567136539;S
20240208;144519;7359.000000000;3;9567136540;S
20240208;144519;7358.500000000;28;9567136541;S
20240208;144519;7358.000000000;10;9567136542;S
20240208;144519;7358.000000000;34;9567136543;S
20240208;144520;7358.500000000;2;9567136655;S
20240208;144520;7358.500000000;1;9567136656;S
20240208;144520;7358.000000000;37;9567136657;S
20240208;144523;7358.000000000;1;9567136848;S
20240208;144524;7359.000000000;2;9567137576;S
20240208;144525;7359.000000000;8;9567137782;S
20240208;144525;7358.500000000;2;9567137783;S
20240208;144525;7358.500000000;50;9567137887;S
20240208;144526;7361.000000000;14;9567138109;B
20240208;144526;7361.000000000;13;9567138110;B
20240208;144529;7362.500000000;40;9567140744;B
20240208;144529;7362.500000000;13;9567140745;B
20240208;144529;7363.000000000;1;9567140746;B
20240208;144529;7363.000000000;1;9567140747;B
20240208;144529;7363.500000000;50;9567140748;B
20240208;144529;7363.500000000;10;9567140749;B
20240208;144529;7363.500000000;27;9567140750;B
20240208;144529;7364.500000000;10;9567140751;B
20240208;144529;7364.500000000;10;9567140752;B
20240208;144529;7365.000000000;11;9567140753;B
20240208;144529;7365.000000000;20;9567140754;B
20240208;144529;7365.000000000;10;9567140755;B
20240208;144529;7365.000000000;2;9567140756;B
20240208;144529;7365.500000000;2;9567140757;B
20240208;144529;7365.500000000;1;9567140758;B
20240208;144529;7366.000000000;2;9567140759;B
20240208;144529;7366.000000000;40;9567140760;B
20240208;144529;7366.000000000;58;9567140761;B
20240208;144529;7366.000000000;20;9567140762;B
20240208;144529;7366.500000000;5;9567140763;B
20240208;144529;7367.000000000;10;9567140764;B
20240208;144529;7367.000000000;7;9567140765;B
20240208;144533;7366.500000000;5;9567141414;B
20240208;144537;7366.500000000;1;9567141801;B
20240208;144539;7366.500000000;4;9567141883;B
20240208;144539;7366.500000000;4;9567141884;B
20240208;144539;7367.000000000;13;9567141885;B
20240208;144539;7367.500000000;1;9567141886;B
20240208;144539;7367.500000000;10;9567141887;B
20240208;144539;7367.500000000;2;9567141888;B
20240208;144539;7368.000000000;2;9567141889;B
20240208;144539;7368.000000000;10;9567141890;B
20240208;144539;7368.000000000;2;9567141891;B
20240208;144539;7368.000000000;5;9567141892;B
20240208;144539;7368.000000000;4;9567141893;B
20240208;144539;7368.000000000;1;9567141894;B
20240208;144539;7368.000000000;20;9567141895;B
20240208;144539;7368.500000000;11;9567141896;B
20240208;144539;7367.500000000;2;9567141927;B
20240208;144539;7368.000000000;20;9567141928;B
20240208;144539;7363.500000000;1;9567141954;S
20240208;144547;7367.000000000;4;9567142584;B
20240208;144547;7367.000000000;2;9567142585;B
20240208;144547;7367.500000000;1;9567142586;B
20240208;144548;7367.000000000;1;9567142729;B
20240208;144548;7367.500000000;4;9567142730;B
20240208;144548;7367.500000000;5;9567142731;B
20240208;144550;7367.000000000;1;9567142869;S
20240208;144550;7364.000000000;1;9567142870;S
20240208;144550;7364.500000000;4;9567142891;S
20240208;144550;7364.000000000;4;9567142892;S
20240208;144550;7363.500000000;2;9567142893;S
20240208;144550;7363.500000000;1;9567142894;S
20240208;144550;7363.500000000;2;9567142895;S
20240208;144550;7363.000000000;1;9567142896;S
20240208;144550;7363.000000000;13;9567142897;S
20240208;144550;7362.500000000;1;9567142898;S
20240208;144550;7362.500000000;22;9567142899;S
20240208;144552;7362.000000000;1;9567143044;S
20240208;144554;7363.500000000;1;9567143175;B
20240208;144554;7365.000000000;13;9567143176;B
20240208;144554;7365.500000000;4;9567143177;B
20240208;144555;7361.500000000;10;9567143363;S
20240208;144556;7363.000000000;1;9567143533;S
20240208;144556;7362.000000000;1;9567143534;S
20240208;144559;7362.000000000;9;9567143777;S
20240208;144559;7361.000000000;3;9567143778;S
20240208;144600;7363.500000000;1;9567143878;B
20240208;144600;7365.500000000;1;9567143879;B
20240208;144600;7366.000000000;18;9567143880;B
20240208;144600;7366.000000000;2;9567143881;B
20240208;144603;7361.500000000;15;9567144066;S
20240208;144604;7363.500000000;1;9567144195;S
20240208;144607;7363.500000000;2;9567144521;S
20240208;144609;7365.000000000;1;9567144709;B
20240208;144609;7365.000000000;1;9567144710;B
20240208;144609;7365.500000000;11;9567144711;B
20240208;144609;7364.500000000;1;9567144790;B
20240208;144609;7365.000000000;21;9567144791;B
20240208;144610;7365.000000000;1;9567144812;S
20240208;144611;7365.500000000;1;9567144893;B
20240208;144612;7365.000000000;1;9567145043;S
20240208;144613;7365.500000000;1;9567145099;B
20240208;144613;7365.500000000;12;9567145100;B
20240208;144613;7366.000000000;6;9567145101;B
20240208;144614;7365.500000000;9;9567145124;S
20240208;144614;7365.500000000;12;9567145155;S
20240208;144614;7365.000000000;53;9567145156;S
20240208;144614;7365.000000000;7;9567145157;S
20240208;144615;7366.500000000;1;9567145228;B
20240208;144617;7365.500000000;1;9567145380;S
20240208;144619;7365.500000000;1;9567145544;S
20240208;144619;7366.000000000;1;9567145562;B
20240208;144621;7366.000000000;4;9567145769;B
20240208;144621;7366.500000000;12;9567145770;B
20240208;144621;7367.000000000;6;9567145771;B
20240208;144624;7367.000000000;10;9567145999;B
20240208;144624;7367.000000000;2;9567146000;B
20240208;144624;7367.000000000;4;9567146001;B
20240208;144624;7367.000000000;14;9567146002;B
20240208;144626;7366.000000000;3;9567146283;S
20240208;144628;7366.000000000;11;9567146474;S
20240208;144628;7365.500000000;4;9567146475;S
20240208;144629;7367.000000000;3;9567146609;B
20240208;144629;7365.500000000;1;9567146665;S
20240208;144630;7365.500000000;1;9567146772;S
20240208;144631;7365.500000000;1;9567146814;S
20240208;144635;7367.000000000;2;9567147217;B
20240208;144635;7367.000000000;1;9567147218;B
20240208;144635;7367.000000000;10;9567147219;B
20240208;144635;7367.500000000;2;9567147220;B
20240208;144638;7367.500000000;1;9567147427;B
20240208;144638;7367.500000000;1;9567147428;B
20240208;144638;7368.000000000;8;9567147429;B
20240208;144639;7367.000000000;5;9567147512;B
20240208;144639;7368.000000000;5;9567147513;B
20240208;144639;7368.000000000;5;9567147530;B
20240208;144639;7368.000000000;1;9567147531;B
20240208;144639;7368.000000000;2;9567147532;B
20240208;144639;7368.000000000;2;9567147533;B
20240208;144639;7368.500000000;12;9567147534;B
20240208;144640;7368.500000000;9;9567147601;S
20240208;144640;7369.000000000;10;9567147639;B
20240208;144641;7369.000000000;61;9567147692;B
20240208;144642;7369.000000000;22;9567147774;B
20240208;144642;7369.000000000;7;9567147798;B
20240208;144642;7369.000000000;3;9567147799;B
20240208;144643;7369.000000000;2;9567147837;B
20240208;144643;7369.000000000;3;9567147838;B
20240208;144643;7369.000000000;6;9567147839;B
20240208;144643;7369.000000000;1;9567147840;B
20240208;144643;7369.000000000;7;9567147841;B
20240208;144643;7369.000000000;13;9567147842;B
20240208;144643;7369.000000000;2;9567147861;B
20240208;144643;7369.000000000;10;9567147898;B
20240208;144644;7369.000000000;10;9567147934;B
20240208;144644;7368.500000000;1;9567147985;S
20240208;144647;7369.000000000;10;9567148150;B
20240208;144647;7369.000000000;100;9567148160;B
20240208;144647;7369.000000000;3;9567148201;B
20240208;144647;7368.500000000;1;9567148237;S
20240208;144648;7369.000000000;132;9567148286;B
20240208;144648;7369.000000000;3;9567148287;B
20240208;144648;7369.000000000;1;9567148297;B
20240208;144649;7369.000000000;1;9567148357;B
20240208;144650;7369.000000000;2;9567148387;B
20240208;144651;7369.000000000;5;9567148455;B
20240208;144652;7369.000000000;1;9567148539;B
20240208;144653;7369.000000000;6;9567148657;B
20240208;144654;7369.000000000;90;9567148659;B
20240208;144656;7368.500000000;2;9567148869;S
20240208;144656;7368.500000000;4;9567148894;S
20240208;144657;7369.000000000;50;9567148925;B
20240208;144658;7368.500000000;11;9567149008;S
20240208;144658;7368.000000000;18;9567149062;B
20240208;144658;7368.500000000;4;9567149063;B
20240208;144658;7369.000000000;78;9567149064;B
20240208;144658;7367.000000000;1;9567149065;S
20240208;144700;7367.000000000;1;9567149222;S
20240208;144700;7366.500000000;1;9567149223;S
20240208;144700;7366.500000000;2;9567149224;S
20240208;144700;7368.500000000;3;9567149271;B
20240208;144703;7368.500000000;22;9567149460;B
20240208;144709;7368.000000000;1;9567150666;B
20240208;144709;7368.500000000;39;9567150667;B
20240208;144711;7367.500000000;1;9567150966;S
20240208;144713;7368.500000000;27;9567151228;B
20240208;144713;7368.500000000;7;9567151273;B
20240208;144717;7368.500000000;2;9567151635;B
20240208;144717;7368.500000000;8;9567151636;B
20240208;144718;7368.000000000;1;9567151656;S
20240208;144718;7368.000000000;6;9567151657;S
20240208;144718;7368.000000000;5;9567151678;S
20240208;144719;7368.500000000;3;9567151769;B
20240208;144723;7368.500000000;10;9567152030;B
20240208;144723;7368.500000000;12;9567152031;B
20240208;144723;7368.000000000;1;9567152068;B
20240208;144724;7368.000000000;2;9567152074;B
20240208;144724;7368.500000000;15;9567152075;B
20240208;144724;7368.500000000;22;9567152078;B
20240208;144724;7367.500000000;1;9567152106;S
20240208;144724;7367.500000000;2;9567152118;S
20240208;144725;7367.500000000;1;9567152148;S
20240208;144726;7368.500000000;5;9567152184;B
20240208;144728;7367.500000000;1;9567152389;S
20240208;144729;7367.500000000;5;9567152506;S
20240208;144730;7368.000000000;3;9567152541;B
20240208;144730;7368.500000000;46;9567152542;B
20240208;144730;7368.500000000;12;9567152543;B
20240208;144730;7368.500000000;44;9567152544;B
20240208;144734;7368.500000000;33;9567152820;B
20240208;144735;7368.000000000;8;9567152950;S
20240208;144735;7367.500000000;4;9567152951;S
20240208;144739;7368.500000000;1;9567153255;B
20240208;144739;7368.500000000;10;9567153256;B
20240208;144739;7369.000000000;26;9567153257;B
20240208;144740;7369.000000000;2;9567153380;B
20240208;144741;7368.500000000;1;9567153495;S
20240208;144742;7369.000000000;1;9567153509;B
20240208;144743;7369.000000000;1;9567153598;B
20240208;144744;7369.000000000;22;9567154042;B
20240208;144746;7369.000000000;2;9567154199;B
20240208;144746;7369.000000000;7;9567154206;B
20240208;144746;7369.000000000;1;9567154218;B
20240208;144748;7369.000000000;24;9567154469;B
20240208;144748;7369.000000000;1;9567154470;B
20240208;144752;7369.000000000;12;9567154810;B
20240208;144752;7369.000000000;5;9567154811;B
20240208;144752;7369.000000000;83;9567154812;B
20240208;144753;7369.000000000;1;9567154967;B
20240208;144754;7369.000000000;28;9567155023;B
20240208;144754;7369.000000000;5;9567155024;B
20240208;144754;7369.000000000;1;9567155066;B
20240208;144756;7369.000000000;2;9567155219;B
20240208;144757;7369.000000000;32;9567155298;B
20240208;144757;7369.000000000;68;9567155299;B
20240208;144758;7369.000000000;20;9567155418;B
20240208;144758;7368.500000000;1;9567155441;S
20240208;144758;7368.500000000;1;9567155442;S
20240208;144802;7369.000000000;12;9567155752;B
20240208;144802;7369.000000000;14;9567155753;B
20240208;144803;7369.000000000;20;9567155877;B
20240208;144805;7369.000000000;22;9567156044;B
20240208;144806;7368.500000000;1;9567156071;S
20240208;144807;7368.500000000;1;9567156160;S
20240208;144809;7369.000000000;39;9567156315;B
20240208;144812;7369.000000000;1;9567156677;B
20240208;144814;7369.500000000;12;9567156854;B
20240208;144814;7369.500000000;2;9567156855;B
20240208;144814;7370.000000000;15;9567156856;B
20240208;144814;7370.000000000;5;9567156857;B
20240208;144814;7370.000000000;1;9567156858;B
20240208;144814;7370.000000000;3;9567156859;B
20240208;144814;7370.000000000;12;9567156860;B
20240208;144814;7370.000000000;3;9567156884;B
20240208;144814;7370.000000000;1;9567156885;B
20240208;144814;7370.000000000;6;9567156886;B
20240208;144814;7370.000000000;1;9567156887;B
20240208;144814;7370.000000000;2;9567156888;B
20240208;144814;7370.000000000;5;9567156889;B
20240208;144814;7370.000000000;1;9567156890;B
20240208;144814;7370.000000000;1;9567156891;B
20240208;144814;7370.000000000;5;9567156892;B
20240208;144814;7370.000000000;1;9567156893;B
20240208;144814;7370.000000000;18;9567156894;B
20240208;144816;7370.000000000;1;9567157072;S
20240208;144816;7369.500000000;1;9567157073;S
20240208;144818;7369.000000000;1;9567157224;S
20240208;144824;7370.000000000;1;9567157725;S
20240208;144826;7371.000000000;1;9567157961;B
20240208;144826;7371.000000000;12;9567157962;B
20240208;144826;7371.000000000;9;9567157963;B
20240208;144826;7372.000000000;3;9567157974;B
20240208;144828;7369.500000000;2;9567158083;S
20240208;144828;7369.000000000;3;9567158084;S
20240208;144828;7369.000000000;2;9567158127;S
20240208;144831;7370.000000000;1;9567158326;B
20240208;144831;7370.000000000;1;9567158367;B
20240208;144832;7370.000000000;2;9567158404;B
20240208;144836;7370.000000000;1;9567158723;B
20240208;144847;7370.500000000;1;9567159858;B
20240208;144847;7370.500000000;10;9567159859;B
20240208;144847;7371.000000000;1;9567159860;B
20240208;144847;7371.000000000;10;9567159861;B
20240208;144850;7370.000000000;1;9567160186;S
20240208;144851;7370.000000000;4;9567160232;S
20240208;144854;7371.000000000;1;9567160464;B
20240208;144854;7371.000000000;1;9567160478;B
20240208;144854;7371.000000000;3;9567160492;B
20240208;144854;7371.000000000;11;9567160493;B
20240208;144854;7371.500000000;6;9567160494;B
20240208;144854;7370.500000000;9;9567160506;S
20240208;144854;7369.500000000;1;9567160507;S
20240208;144854;7369.500000000;5;9567160508;S
20240208;144857;7371.000000000;1;9567160793;B
20240208;144859;7370.500000000;1;9567160990;S
20240208;144901;7371.000000000;1;9567161175;B
20240208;144901;7371.000000000;11;9567161176;B
20240208;144901;7371.500000000;14;9567161177;B
20240208;144901;7371.500000000;3;9567161178;B
20240208;144903;7370.500000000;1;9567161327;S
20240208;144904;7371.000000000;1;9567161360;S
20240208;144904;7370.500000000;1;9567161361;S
20240208;144906;7370.500000000;1;9567161651;S
20240208;144908;7370.500000000;10;9567161869;S
20240208;144908;7370.500000000;7;9567161950;B
20240208;144908;7371.000000000;1;9567161951;B
20240208;144908;7371.000000000;11;9567161952;B
20240208;144908;7371.500000000;3;9567161953;B
20240208;144910;7370.000000000;3;9567162226;S
20240208;144911;7370.000000000;1;9567162347;S
20240208;144912;7370.500000000;1;9567162457;B
20240208;144913;7370.000000000;1;9567162633;S
20240208;144915;7370.500000000;3;9567162769;B
20240208;144915;7370.500000000;2;9567162834;S
20240208;144915;7370.000000000;5;9567162835;S
20240208;144917;7370.000000000;1;9567163003;S
20240208;144922;7370.000000000;4;9567163666;S
20240208;144922;7370.000000000;15;9567163667;S
20240208;144922;7369.500000000;1;9567163668;S
20240208;144923;7369.500000000;2;9567163769;S
20240208;144923;7369.500000000;2;9567163843;S
20240208;144924;7370.000000000;11;9567163919;B
20240208;144924;7370.000000000;3;9567163920;B
20240208;144924;7369.500000000;3;9567163957;S
20240208;144924;7369.500000000;2;9567164067;S
20240208;144924;7369.000000000;2;9567164068;S
20240208;144927;7370.500000000;2;9567164376;B
20240208;144927;7370.500000000;2;9567164377;B
20240208;144928;7370.000000000;1;9567164511;B
20240208;144929;7370.000000000;11;9567164677;B
20240208;144929;7370.500000000;1;9567164678;B
20240208;144929;7370.500000000;10;9567164679;B
20240208;144929;7369.000000000;4;9567164685;S
20240208;144934;7370.000000000;1;9567165305;B
20240208;144936;7369.500000000;4;9567165519;S
20240208;144939;7370.000000000;11;9567165874;B
20240208;144943;7371.000000000;1;9567166625;B
20240208;144944;7370.000000000;2;9567166696;S
20240208;144944;7370.000000000;1;9567166724;S
20240208;144947;7369.500000000;2;9567167416;S
20240208;144950;7370.500000000;4;9567167990;B
20240208;144950;7370.500000000;11;9567167991;B
20240208;144950;7371.000000000;7;9567167992;B
20240208;144952;7370.000000000;2;9567168524;S
20240208;144952;7370.000000000;10;9567168525;S
20240208;144952;7369.500000000;3;9567168526;S
20240208;144954;7370.000000000;3;9567168954;B
20240208;144958;7369.500000000;1;9567169546;S
20240208;144959;7370.000000000;1;9567169777;S
20240208;145000;7370.000000000;1;9567169858;S
20240208;145001;7370.000000000;5;9567170097;B
20240208;145002;7369.500000000;19;9567170176;S
20240208;145002;7369.000000000;44;9567170177;S
20240208;145002;7369.000000000;337;9567170178;S
20240208;145002;7369.000000000;69;9567170194;S
20240208;145002;7368.500000000;3;9567170196;S
20240208;145002;7368.500000000;1;9567170197;S
20240208;145002;7368.000000000;10;9567170198;S
20240208;145002;7368.000000000;1;9567170199;S
20240208;145002;7367.500000000;6;9567170200;S
20240208;145002;7367.500000000;20;9567170201;S
20240208;145002;7367.500000000;1;9567170202;S
20240208;145002;7367.500000000;1;9567170203;S
20240208;145002;7367.500000000;2;9567170204;S
20240208;145002;7367.500000000;6;9567170205;S
20240208;145002;7367.000000000;3;9567170206;S
20240208;145002;7367.000000000;5;9567170207;S
20240208;145002;7366.500000000;5;9567170208;S
20240208;145002;7366.000000000;1;9567170209;S
20240208;145002;7365.500000000;1;9567170281;S
20240208;145002;7365.500000000;1;9567170287;S
20240208;145004;7365.500000000;1;9567170474;S
20240208;145005;7365.500000000;2;9567170577;S
20240208;145005;7365.500000000;1;9567170638;S
20240208;145005;7365.500000000;1;9567170639;S
20240208;145006;7366.000000000;21;9567170643;B
20240208;145006;7366.000000000;66;9567170644;B
20240208;145006;7366.000000000;10;9567170645;B
20240208;145006;7366.500000000;3;9567170646;B
20240208;145006;7367.500000000;1;9567170691;B
20240208;145008;7367.000000000;1;9567170857;B
20240208;145009;7367.000000000;21;9567170921;B
20240208;145009;7367.000000000;10;9567170922;B
20240208;145009;7368.500000000;6;9567170923;B
20240208;145009;7369.000000000;106;9567170924;B
20240208;145011;7368.000000000;3;9567171229;B
20240208;145011;7368.500000000;19;9567171230;B
20240208;145012;7369.000000000;20;9567171393;B
20240208;145014;7369.000000000;50;9567171604;B
20240208;145017;7367.000000000;2;9567172184;S
20240208;145018;7367.000000000;1;9567172272;S
20240208;145021;7366.500000000;1;9567172550;S
20240208;145024;7368.500000000;3;9567172858;B
20240208;145024;7368.500000000;1;9567172859;B
20240208;145024;7368.500000000;1;9567172860;B
20240208;145024;7369.000000000;14;9567172861;B
20240208;145024;7368.500000000;3;9567172950;B
20240208;145025;7366.500000000;2;9567172982;S
20240208;145025;7366.500000000;1;9567172992;S
20240208;145025;7366.000000000;21;9567172993;S
20240208;145025;7366.000000000;1;9567172994;S
20240208;145025;7365.500000000;1;9567172995;S
20240208;145025;7365.500000000;5;9567172996;S
20240208;145025;7365.500000000;6;9567172997;S
20240208;145025;7365.000000000;30;9567172998;S
20240208;145025;7365.000000000;16;9567172999;S
20240208;145032;7366.500000000;1;9567173608;B
20240208;145032;7367.000000000;1;9567173609;B
20240208;145032;7367.500000000;1;9567173610;B
20240208;145032;7368.000000000;10;9567173611;B
20240208;145032;7368.000000000;1;9567173612;B
20240208;145032;7368.500000000;1;9567173613;B
20240208;145032;7368.500000000;1;9567173614;B
20240208;145032;7368.500000000;3;9567173615;B
20240208;145032;7369.000000000;3;9567173616;B
20240208;145034;7366.000000000;1;9567173816;S
20240208;145034;7366.000000000;4;9567173836;S
20240208;145034;7366.000000000;1;9567173837;S
20240208;145034;7365.500000000;4;9567173838;S
20240208;145035;7368.500000000;1;9567173869;B
20240208;145035;7368.500000000;1;9567173870;B
20240208;145035;7368.500000000;2;9567173871;B
20240208;145039;7367.000000000;1;9567174200;B
20240208;145039;7367.500000000;1;9567174201;B
20240208;145039;7368.000000000;1;9567174202;B
20240208;145039;7368.000000000;22;9567174203;B
20240208;145042;7365.500000000;13;9567174508;S
20240208;145042;7365.000000000;14;9567174509;S
20240208;145042;7365.000000000;1;9567174510;S
20240208;145042;7365.000000000;10;9567174511;S
20240208;145042;7365.000000000;1;9567174512;S
20240208;145042;7365.000000000;1;9567174513;S
20240208;145042;7364.500000000;10;9567174514;S
20240208;145042;7364.500000000;1;9567174515;S
20240208;145042;7363.500000000;6;9567174516;S
20240208;145042;7363.500000000;1;9567174517;S
20240208;145042;7363.000000000;1;9567174518;S
20240208;145042;7363.000000000;5;9567174519;S
20240208;145042;7363.000000000;1;9567174520;S
20240208;145042;7362.500000000;15;9567174521;S
20240208;145042;7362.500000000;10;9567174522;S
20240208;145051;7363.500000000;1;9567175290;S
20240208;145053;7364.500000000;10;9567175435;B
20240208;145053;7364.500000000;1;9567175436;B
20240208;145053;7365.000000000;10;9567175437;B
20240208;145053;7365.500000000;1;9567175438;B
20240208;145053;7363.500000000;2;9567175479;S
20240208;145054;7365.500000000;7;9567175519;B
20240208;145054;7366.000000000;10;9567175520;B
20240208;145054;7366.500000000;6;9567175521;B
20240208;145055;7366.500000000;15;9567175589;B
20240208;145055;7364.500000000;5;9567175611;S
20240208;145055;7364.000000000;1;9567175612;S
20240208;145055;7364.000000000;10;9567175613;S
20240208;145055;7363.500000000;1;9567175614;S
20240208;145055;7363.500000000;2;9567175615;S
20240208;145056;7365.000000000;1;9567175704;S
20240208;145057;7365.000000000;1;9567175772;S
20240208;145057;7363.000000000;1;9567175773;S
20240208;145057;7363.000000000;2;9567175774;S
20240208;145059;7364.000000000;1;9567176017;S
20240208;145102;7365.500000000;1;9567176233;B
20240208;145106;7367.000000000;1;9567176591;B
20240208;145106;7368.000000000;10;9567176618;B
20240208;145106;7368.000000000;10;9567176645;B
20240208;145108;7368.000000000;5;9567176795;B
20240208;145109;7368.000000000;1;9567176892;B
20240208;145109;7368.500000000;12;9567176893;B
20240208;145111;7368.000000000;1;9567177060;S
20240208;145113;7368.000000000;1;9567177218;S
20240208;145114;7368.500000000;10;9567177269;B
20240208;145114;7368.500000000;22;9567177270;B
20240208;145115;7368.500000000;4;9567177380;B
20240208;145115;7368.500000000;1;9567177398;B
20240208;145116;7368.500000000;2;9567177429;B
20240208;145116;7368.500000000;200;9567177459;B
20240208;145116;7368.500000000;28;9567177460;B
20240208;145116;7369.000000000;1;9567177461;B
20240208;145116;7369.000000000;1;9567177462;B
20240208;145116;7369.000000000;1;9567177463;B
20240208;145117;7370.000000000;3;9567177569;B
20240208;145117;7370.000000000;4;9567177570;B
20240208;145117;7370.000000000;1;9567177571;B
20240208;145117;7370.000000000;10;9567177572;B
20240208;145117;7370.500000000;1;9567177573;B
20240208;145117;7371.000000000;1;9567177574;B
20240208;145117;7371.500000000;2;9567177575;B
20240208;145117;7371.500000000;25;9567177576;B
20240208;145120;7371.000000000;6;9567177753;S
20240208;145120;7372.000000000;1;9567177800;B
20240208;145120;7372.000000000;2;9567177801;B
20240208;145120;7372.000000000;3;9567177802;B
20240208;145120;7371.500000000;2;9567177823;S
20240208;145121;7372.000000000;1;9567177854;B
20240208;145121;7372.000000000;3;9567177855;B
20240208;145127;7372.000000000;1;9567178703;B
20240208;145128;7372.000000000;1;9567178815;B
20240208;145128;7372.000000000;12;9567178816;B
20240208;145128;7372.500000000;4;9567178817;B
20240208;145128;7372.500000000;3;9567178818;B
20240208;145129;7372.000000000;4;9567178895;S
20240208;145129;7372.000000000;1;9567178933;S
20240208;145130;7372.000000000;2;9567178977;S
20240208;145131;7372.000000000;1;9567179132;B
20240208;145134;7372.000000000;4;9567179831;B
20240208;145134;7372.000000000;18;9567179832;B
20240208;145140;7371.000000000;2;9567180298;S
20240208;145143;7371.000000000;1;9567180503;S
20240208;145143;7370.500000000;2;9567180504;S
20240208;145143;7372.000000000;2;9567180537;B
20240208;145143;7372.000000000;9;9567180538;B
20240208;145143;7372.500000000;7;9567180539;B
20240208;145144;7372.500000000;1;9567180614;B
20240208;145148;7370.500000000;1;9567180908;S
20240208;145149;7371.000000000;1;9567181149;B
20240208;145150;7371.000000000;1;9567181186;B
20240208;145151;7370.500000000;1;9567181265;S
20240208;145155;7372.500000000;22;9567181699;B
20240208;145157;7370.500000000;2;9567181873;S
20240208;145200;7371.000000000;1;9567182252;B
20240208;145206;7370.500000000;1;9567182718;S
20240208;145208;7370.500000000;6;9567182872;S
20240208;145208;7370.000000000;2;9567182873;S
20240208;145208;7370.000000000;2;9567182874;S
20240208;145208;7370.000000000;5;9567182875;S
20240208;145209;7371.500000000;7;9567183035;B
20240208;145209;7372.000000000;10;9567183036;B
20240208;145209;7372.000000000;9;9567183037;B
20240208;145209;7372.000000000;1;9567183038;B
20240208;145209;7372.500000000;3;9567183039;B
20240208;145209;7372.500000000;1;9567183040;B
20240208;145209;7372.500000000;5;9567183041;B
20240208;145209;7372.500000000;10;9567183042;B
20240208;145209;7372.500000000;9;9567183043;B
20240208;145214;7371.000000000;1;9567183647;S
20240208;145214;7371.000000000;1;9567183648;S
20240208;145216;7372.000000000;8;9567183781;B
20240208;145216;7372.500000000;1;9567183782;B
20240208;145216;7373.000000000;13;9567183783;B
20240208;145216;7371.000000000;7;9567183790;S
20240208;145216;7371.000000000;3;9567183791;S
20240208;145227;7370.500000000;1;9567184550;S
20240208;145229;7370.500000000;1;9567184670;S
20240208;145236;7370.500000000;1;9567185360;S
20240208;145237;7371.000000000;21;9567185416;B
20240208;145237;7371.000000000;1;9567185417;B
20240208;145239;7370.500000000;1;9567185542;S
20240208;145239;7370.500000000;1;9567185543;S
20240208;145240;7371.000000000;1;9567185702;B
20240208;145241;7371.000000000;55;9567185766;B
20240208;145241;7371.000000000;5;9567185767;B
20240208;145242;7371.500000000;2;9567185847;B
20240208;145244;7371.000000000;1;9567186035;S
20240208;145245;7371.000000000;4;9567186228;S
20240208;145245;7371.000000000;4;9567186229;S
20240208;145248;7371.000000000;1;9567186965;B
20240208;145249;7371.000000000;5;9567187102;B
20240208;145250;7371.000000000;3;9567187283;B
20240208;145254;7371.000000000;1;9567187892;S
20240208;145258;7371.500000000;22;9567188288;B
20240208;145258;7371.500000000;55;9567188303;B
20240208;145303;7371.500000000;7;9567188738;B
20240208;145304;7371.500000000;7;9567188898;B
20240208;145306;7371.000000000;10;9567189009;S
20240208;145306;7371.500000000;4;9567189061;B
20240208;145308;7371.000000000;11;9567189485;S
20240208;145309;7371.000000000;9;9567189668;S
20240208;145310;7371.500000000;10;9567189830;B
20240208;145311;7371.000000000;1;9567190021;S
20240208;145314;7371.000000000;5;9567190607;S
20240208;145318;7371.500000000;6;9567191095;B
20240208;145319;7371.500000000;2;9567191183;B
20240208;145319;7371.500000000;3;9567191200;B
20240208;145319;7371.500000000;10;9567191201;B
20240208;145319;7371.500000000;1;9567191202;B
20240208;145319;7371.500000000;1;9567191203;B
20240208;145319;7372.000000000;1;9567191204;B
20240208;145319;7372.000000000;6;9567191205;B
20240208;145320;7371.500000000;1;9567191256;S
20240208;145321;7371.500000000;2;9567191339;S
20240208;145322;7371.500000000;1;9567191457;S
20240208;145323;7371.500000000;4;9567191531;S
20240208;145325;7371.500000000;2;9567191730;S
20240208;145325;7371.000000000;2;9567191731;S
20240208;145325;7371.000000000;2;9567191732;S
20240208;145327;7370.500000000;1;9567191908;S
20240208;145329;7372.000000000;1;9567192085;B
20240208;145336;7371.500000000;1;9567192846;S
20240208;145338;7371.500000000;10;9567192962;S
20240208;145340;7372.000000000;1;9567193121;B
20240208;145340;7372.000000000;1;9567193122;B
20240208;145340;7372.000000000;2;9567193123;B
20240208;145340;7372.000000000;18;9567193124;B
20240208;145340;7372.000000000;2;9567193130;B
20240208;145342;7372.500000000;2;9567193264;B
20240208;145342;7372.500000000;1;9567193341;B
20240208;145343;7372.500000000;1;9567193368;B
20240208;145343;7372.000000000;1;9567193384;S
20240208;145344;7372.000000000;1;9567193464;S
20240208;145344;7371.500000000;1;9567193465;S
20240208;145346;7372.500000000;6;9567193575;B
20240208;145346;7372.500000000;4;9567193576;B
20240208;145351;7372.500000000;1;9567194044;S
20240208;145352;7371.500000000;5;9567194140;S
20240208;145352;7371.500000000;5;9567194141;S
20240208;145352;7372.500000000;1;9567194185;B
20240208;145354;7371.500000000;1;9567194347;S
20240208;145359;7371.500000000;1;9567194659;S
20240208;145359;7371.500000000;2;9567194660;S
20240208;145359;7372.500000000;2;9567194693;B
20240208;145359;7373.000000000;1;9567194694;B
20240208;145359;7372.000000000;1;9567194729;S
20240208;145401;7373.000000000;22;9567194831;B
20240208;145403;7373.000000000;1;9567195052;B
20240208;145405;7371.500000000;10;9567195210;S
20240208;145406;7371.500000000;1;9567195254;S
20240208;145409;7372.500000000;2;9567195469;B
20240208;145409;7372.500000000;11;9567195470;B
20240208;145413;7371.500000000;1;9567196043;S
20240208;145417;7371.500000000;2;9567196337;S
20240208;145421;7372.000000000;2;9567196649;B
20240208;145422;7372.000000000;2;9567196675;B
20240208;145422;7372.500000000;2;9567196676;B
20240208;145422;7372.500000000;11;9567196677;B
20240208;145422;7372.500000000;2;9567196678;B
20240208;145422;7372.500000000;1;9567196679;B
20240208;145422;7372.500000000;1;9567196680;B
20240208;145422;7372.500000000;1;9567196681;B
20240208;145422;7372.500000000;1;9567196682;B
20240208;145422;7372.500000000;1;9567196683;B
20240208;145431;7372.000000000;1;9567197400;B
20240208;145431;7372.000000000;50;9567197401;B
20240208;145431;7372.000000000;10;9567197402;B
20240208;145431;7372.500000000;1;9567197403;B
20240208;145431;7373.000000000;66;9567197404;B
20240208;145431;7373.000000000;3;9567197405;B
20240208;145431;7373.000000000;9;9567197406;B
20240208;145431;7373.000000000;2;9567197407;B
20240208;145431;7373.000000000;1;9567197408;B
20240208;145431;7373.000000000;1;9567197409;B
20240208;145431;7373.000000000;9;9567197410;B
20240208;145431;7373.000000000;100;9567197411;B
20240208;145431;7373.000000000;2;9567197412;B
20240208;145431;7373.000000000;1;9567197413;B
20240208;145431;7373.500000000;1;9567197414;B
20240208;145431;7373.500000000;1;9567197415;B
20240208;145431;7373.500000000;1;9567197416;B
20240208;145431;7374.000000000;5;9567197417;B
20240208;145431;7374.000000000;2;9567197418;B
20240208;145432;7374.000000000;3;9567197535;B
20240208;145439;7373.000000000;27;9567198273;S
20240208;145443;7373.500000000;21;9567198492;B
20240208;145443;7373.500000000;1;9567198493;B
20240208;145443;7373.500000000;1;9567198498;B
20240208;145444;7373.500000000;7;9567198575;B
20240208;145444;7373.500000000;12;9567198576;B
20240208;145444;7374.000000000;5;9567198577;B
20240208;145444;7374.000000000;1;9567198578;B
20240208;145444;7374.000000000;21;9567198579;B
20240208;145444;7374.000000000;50;9567198580;B
20240208;145445;7374.500000000;5;9567198659;B
20240208;145445;7374.500000000;1;9567198660;B
20240208;145445;7374.500000000;27;9567198661;B
20240208;145445;7374.500000000;1;9567198662;B
20240208;145445;7374.500000000;1;9567198663;B
20240208;145445;7374.500000000;2;9567198664;B
20240208;145445;7375.000000000;5;9567198665;B
20240208;145445;7375.000000000;8;9567198666;B
20240208;145447;7374.000000000;3;9567198876;S
20240208;145451;7375.000000000;5;9567199154;B
20240208;145451;7373.000000000;15;9567199299;S
20240208;145454;7373.000000000;1;9567199444;S
20240208;145457;7374.500000000;3;9567199806;B
20240208;145457;7375.000000000;7;9567199807;B
20240208;145500;7374.500000000;4;9567200134;B
20240208;145504;7374.000000000;2;9567200468;B
20240208;145504;7374.000000000;10;9567200469;B
20240208;145504;7374.000000000;10;9567200470;B
20240208;145511;7373.000000000;1;9567201237;S
20240208;145512;7373.500000000;1;9567201315;B
20240208;145512;7373.000000000;16;9567201347;S
20240208;145512;7373.000000000;34;9567201348;S
20240208;145512;7373.000000000;2;9567201390;S
20240208;145513;7373.500000000;6;9567201452;B
20240208;145514;7373.000000000;5;9567201474;S
20240208;145514;7372.000000000;1;9567201475;S
20240208;145514;7372.000000000;1;9567201476;S
20240208;145514;7372.000000000;1;9567201477;S
20240208;145514;7371.500000000;1;9567201483;S
20240208;145515;7372.500000000;1;9567201543;B
20240208;145515;7371.500000000;2;9567201580;S
20240208;145524;7373.000000000;21;9567202327;B
20240208;145524;7373.000000000;1;9567202328;B
20240208;145525;7371.500000000;2;9567202393;S
20240208;145526;7371.500000000;4;9567202461;S
20240208;145526;7371.000000000;15;9567202462;S
20240208;145526;7371.000000000;4;9567202463;S
20240208;145526;7371.000000000;10;9567202464;S
20240208;145526;7371.000000000;10;9567202465;S
20240208;145526;7370.500000000;7;9567202466;S
20240208;145528;7371.000000000;8;9567202620;S
20240208;145528;7370.500000000;2;9567202621;S
20240208;145528;7370.500000000;1;9567202636;S
20240208;145528;7372.000000000;2;9567202667;B
20240208;145529;7370.500000000;10;9567202699;S
20240208;145529;7370.500000000;20;9567202700;S
20240208;145529;7370.500000000;60;9567202701;S
20240208;145529;7370.500000000;60;9567202702;S
20240208;145529;7370.000000000;10;9567202703;S
20240208;145529;7370.000000000;140;9567202704;S
20240208;145529;7370.000000000;1;9567202734;S
20240208;145530;7370.000000000;9;9567202755;S
20240208;145530;7370.000000000;1;9567202756;S
20240208;145530;7370.000000000;27;9567202757;S
20240208;145530;7370.000000000;110;9567202758;S
20240208;145530;7370.000000000;50;9567202759;S
20240208;145530;7370.000000000;10;9567202760;S
20240208;145530;7370.000000000;1;9567202761;S
20240208;145530;7369.500000000;32;9567202762;S
20240208;145531;7369.500000000;1;9567202853;S
20240208;145531;7369.500000000;19;9567202925;S
20240208;145533;7370.000000000;7;9567203093;B
20240208;145535;7369.500000000;1;9567203229;S
20240208;145536;7369.500000000;4;9567203325;S
20240208;145537;7370.000000000;6;9567203420;B
20240208;145537;7369.500000000;10;9567203458;S
20240208;145537;7370.000000000;40;9567203460;B
20240208;145538;7369.500000000;7;9567203559;S
20240208;145539;7370.000000000;102;9567203586;B
20240208;145541;7370.000000000;4;9567203786;S
20240208;145542;7369.500000000;1;9567203880;S
20240208;145543;7369.500000000;1;9567203932;S
20240208;145545;7370.000000000;22;9567204119;B
20240208;145546;7370.000000000;6;9567204176;B
20240208;145546;7369.500000000;20;9567204177;S
20240208;145547;7369.500000000;4;9567204262;S
20240208;145547;7369.000000000;8;9567204263;S
20240208;145552;7369.000000000;92;9567204645;S
20240208;145552;7369.000000000;1;9567204646;S
20240208;145552;7369.000000000;5;9567204647;S
20240208;145552;7369.000000000;1;9567204648;S
20240208;145552;7368.500000000;20;9567204649;S
20240208;145552;7368.500000000;10;9567204650;S
20240208;145552;7368.000000000;41;9567204651;S
20240208;145553;7368.000000000;10;9567204730;S
20240208;145554;7368.500000000;10;9567204787;B
20240208;145554;7368.500000000;21;9567204788;B
20240208;145554;7369.000000000;12;9567204789;B
20240208;145554;7369.000000000;45;9567204790;B
20240208;145554;7370.000000000;16;9567204791;B
20240208;145601;7369.000000000;2;9567205457;B
20240208;145601;7369.000000000;4;9567205458;B
20240208;145601;7369.500000000;1;9567205459;B
20240208;145602;7369.500000000;10;9567205564;B
20240208;145602;7368.500000000;1;9567205589;S
20240208;145606;7369.500000000;10;9567205982;B
20240208;145606;7369.500000000;10;9567205983;B
20240208;145606;7369.500000000;2;9567205984;B
20240208;145609;7368.000000000;2;9567206217;S
20240208;145609;7369.000000000;8;9567206218;B
20240208;145610;7369.000000000;1;9567206376;B
20240208;145612;7368.500000000;7;9567206504;S
20240208;145612;7368.500000000;1;9567206505;S
20240208;145612;7368.000000000;17;9567206506;S
20240208;145617;7368.500000000;4;9567206947;S
20240208;145617;7368.000000000;2;9567206948;S
20240208;145618;7368.500000000;1;9567207079;S
20240208;145618;7368.500000000;1;9567207149;S
20240208;145618;7368.000000000;28;9567207150;S
20240208;145618;7368.000000000;1;9567207151;S
20240208;145618;7368.000000000;1;9567207152;S
20240208;145620;7368.000000000;10;9567207314;B
20240208;145621;7367.500000000;10;9567207397;S
20240208;145621;7367.500000000;20;9567207398;S
20240208;145621;7367.000000000;6;9567207399;S
20240208;145621;7366.500000000;10;9567207400;S
20240208;145621;7366.000000000;3;9567207401;S
20240208;145621;7366.000000000;6;9567207402;S
20240208;145621;7366.000000000;1;9567207403;S
20240208;145621;7365.500000000;10;9567207404;S
20240208;145621;7365.500000000;3;9567207405;S
20240208;145621;7365.500000000;10;9567207406;S
20240208;145621;7365.500000000;1;9567207407;S
20240208;145621;7365.500000000;56;9567207408;S
20240208;145621;7365.000000000;5;9567207409;S
20240208;145621;7365.000000000;29;9567207410;S
20240208;145622;7368.000000000;6;9567207444;B
20240208;145624;7368.000000000;51;9567207611;B
20240208;145624;7367.500000000;2;9567207668;S
20240208;145627;7368.500000000;10;9567207907;B
20240208;145627;7369.000000000;12;9567207908;B
20240208;145629;7368.500000000;3;9567208115;S
20240208;145632;7368.500000000;21;9567208406;S
20240208;145632;7368.000000000;4;9567208407;S
20240208;145633;7369.500000000;10;9567208545;B
20240208;145633;7370.000000000;40;9567208546;B
20240208;145634;7368.000000000;7;9567208648;S
20240208;145638;7368.000000000;89;9567209087;S
20240208;145638;7368.000000000;10;9567209088;S
20240208;145638;7366.000000000;2;9567209089;S
20240208;145638;7366.000000000;6;9567209090;S
20240208;145638;7365.500000000;17;9567209091;S
20240208;145638;7365.500000000;1;9567209092;S
20240208;145638;7365.500000000;20;9567209093;S
20240208;145638;7365.000000000;106;9567209094;S
20240208;145638;7365.000000000;1;9567209095;S
20240208;145638;7365.000000000;21;9567209096;S
20240208;145638;7364.500000000;10;9567209097;S
20240208;145638;7364.500000000;2;9567209098;S
20240208;145638;7364.500000000;75;9567209099;S
20240208;145638;7364.500000000;4;9567209100;S
20240208;145638;7364.500000000;10;9567209101;S
20240208;145638;7364.500000000;1;9567209102;S
20240208;145638;7364.500000000;20;9567209103;S
20240208;145638;7364.500000000;3;9567209104;S
20240208;145638;7364.000000000;100;9567209105;S
20240208;145638;7364.000000000;100;9567209106;S
20240208;145638;7364.000000000;8;9567209107;S
20240208;145638;7364.000000000;30;9567209108;S
20240208;145638;7364.000000000;5;9567209109;S
20240208;145638;7364.000000000;19;9567209110;S
20240208;145639;7368.000000000;21;9567209180;B
20240208;145639;7368.000000000;42;9567209181;B
20240208;145639;7368.500000000;2;9567209189;B
20240208;145639;7368.500000000;150;9567209190;B
20240208;145639;7368.500000000;10;9567209191;B
20240208;145639;7369.500000000;4;9567209192;B
20240208;145639;7368.000000000;200;9567209253;S
20240208;145640;7368.500000000;3;9567209296;S
20240208;145641;7368.500000000;47;9567209404;S
20240208;145641;7368.000000000;8;9567209405;S
20240208;145642;7368.000000000;6;9567209473;S
20240208;145642;7368.000000000;1;9567209529;S
20240208;145643;7368.500000000;1;9567209609;B
20240208;145645;7368.000000000;130;9567209774;S
20240208;145645;7367.000000000;10;9567209775;S
20240208;145645;7365.500000000;5;9567209776;S
20240208;145645;7365.000000000;15;9567209777;S
20240208;145645;7365.000000000;10;9567209778;S
20240208;145645;7364.500000000;20;9567209779;S
20240208;145645;7364.500000000;3;9567209780;S
20240208;145645;7364.000000000;307;9567209781;S
20240208;145647;7365.000000000;1;9567209943;S
20240208;145647;7364.500000000;3;9567209944;S
20240208;145647;7364.500000000;1;9567209945;S
20240208;145647;7364.000000000;13;9567209946;S
20240208;145647;7364.000000000;3;9567209947;S
20240208;145647;7364.000000000;1;9567209948;S
20240208;145647;7364.000000000;10;9567209949;S
20240208;145647;7364.000000000;10;9567209950;S
20240208;145647;7364.000000000;1;9567209951;S
20240208;145647;7364.000000000;2;9567209952;S
20240208;145647;7364.000000000;8;9567209953;S
20240208;145647;7364.000000000;10;9567209954;S
20240208;145647;7364.000000000;20;9567209955;S
20240208;145647;7363.500000000;698;9567209956;S
20240208;145647;7363.500000000;10;9567209976;S
20240208;145648;7365.500000000;21;9567210020;B
20240208;145648;7365.500000000;1;9567210021;B
20240208;145649;7363.500000000;77;9567210076;S
20240208;145651;7363.500000000;155;9567210228;S
20240208;145652;7364.000000000;22;9567210294;S
20240208;145652;7364.000000000;1;9567210295;S
20240208;145652;7363.500000000;147;9567210296;S
20240208;145652;7363.500000000;500;9567210357;S
20240208;145654;7364.000000000;21;9567210480;B
20240208;145654;7364.500000000;24;9567210481;B
20240208;145654;7364.500000000;4;9567210482;B
20240208;145654;7365.000000000;447;9567210483;B
20240208;145658;7365.000000000;1;9567210929;S
20240208;145658;7365.000000000;4;9567210930;S
20240208;145658;7364.500000000;25;9567210931;S
20240208;145658;7364.500000000;8;9567210932;S
20240208;145658;7364.000000000;24;9567210933;S
20240208;145658;7364.000000000;4;9567210934;S
20240208;145658;7364.000000000;10;9567210935;S
20240208;145658;7363.500000000;424;9567210936;S
20240208;145658;7366.000000000;10;9567210977;B
20240208;145659;7364.000000000;5;9567211121;S
20240208;145700;7363.500000000;4;9567211228;S
20240208;145701;7363.500000000;5;9567211291;S
20240208;145701;7363.500000000;300;9567211347;S
20240208;145702;7363.500000000;10;9567211374;S
20240208;145702;7363.500000000;6;9567211412;S
20240208;145702;7363.500000000;1;9567211463;S
20240208;145702;7363.500000000;20;9567211468;S
20240208;145703;7363.500000000;6;9567211503;S
20240208;145704;7363.500000000;248;9567211566;S
20240208;145705;7363.500000000;301;9567211693;S
20240208;145705;7364.000000000;21;9567211696;B
20240208;145705;7364.000000000;13;9567211697;B
20240208;145705;7364.000000000;10;9567211698;B
20240208;145705;7364.000000000;56;9567211699;B
20240208;145706;7364.000000000;100;9567211820;B
20240208;145707;7363.500000000;3;9567211886;S
20240208;145707;7364.000000000;4;9567211975;B
20240208;145707;7364.000000000;10;9567211976;B
20240208;145707;7364.000000000;4;9567211977;B
20240208;145708;7363.500000000;8;9567212108;S
20240208;145709;7363.500000000;10;9567212125;S
20240208;145709;7364.000000000;5;9567212150;B
20240208;145709;7364.000000000;21;9567212151;B
20240208;145709;7364.000000000;1;9567212152;B
20240208;145709;7364.000000000;20;9567212153;B
20240208;145709;7364.000000000;110;9567212154;B
20240208;145709;7364.000000000;3;9567212155;B
20240208;145709;7364.500000000;20;9567212156;B
20240208;145709;7364.500000000;34;9567212157;B
20240208;145709;7364.500000000;3;9567212158;B
20240208;145709;7364.500000000;27;9567212159;B
20240208;145709;7364.500000000;20;9567212160;B
20240208;145709;7365.000000000;5;9567212161;B
20240208;145709;7365.000000000;3;9567212162;B
20240208;145709;7365.000000000;59;9567212163;B
20240208;145709;7364.000000000;21;9567212206;B
20240208;145709;7364.500000000;1;9567212207;B
20240208;145709;7363.500000000;4;9567212228;S
20240208;145709;7363.500000000;20;9567212243;S
20240208;145709;7363.500000000;1;9567212257;S
20240208;145710;7363.500000000;2;9567212272;S
20240208;145710;7364.000000000;6;9567212368;B
20240208;145710;7364.000000000;94;9567212369;B
20240208;145710;7364.000000000;6;9567212370;B
20240208;145710;7364.000000000;2;9567212371;B
20240208;145710;7364.000000000;55;9567212372;B
20240208;145710;7364.500000000;1;9567212373;B
20240208;145710;7364.500000000;2;9567212390;B
20240208;145710;7364.500000000;3;9567212403;B
20240208;145710;7364.000000000;1;9567212404;S
20240208;145714;7366.000000000;5;9567212695;S
20240208;145715;7366.000000000;20;9567212752;S
20240208;145715;7366.000000000;3;9567212753;S
20240208;145715;7365.500000000;21;9567212754;S
20240208;145715;7365.500000000;22;9567212755;S
20240208;145715;7365.000000000;25;9567212756;S
20240208;145715;7365.000000000;10;9567212757;S
20240208;145715;7364.500000000;1;9567212758;S
20240208;145715;7364.500000000;1;9567212759;S
20240208;145715;7364.500000000;20;9567212760;S
20240208;145715;7364.500000000;1;9567212761;S
20240208;145715;7364.000000000;10;9567212762;S
20240208;145715;7364.000000000;20;9567212763;S
20240208;145715;7364.000000000;46;9567212764;S
20240208;145718;7364.500000000;1;9567213010;S
20240208;145718;7364.500000000;20;9567213033;S
20240208;145718;7364.500000000;11;9567213034;S
20240208;145718;7364.000000000;29;9567213035;S
20240208;145718;7364.000000000;87;9567213036;S
20240208;145718;7364.000000000;5;9567213037;S
20240208;145719;7364.000000000;16;9567213047;B
20240208;145720;7364.000000000;100;9567213204;B
20240208;145721;7364.000000000;32;9567213271;B
20240208;145721;7364.000000000;18;9567213272;B
20240208;145721;7364.000000000;1;9567213287;S
20240208;145724;7365.000000000;41;9567213518;B
20240208;145724;7365.000000000;1;9567213519;B
20240208;145724;7365.000000000;90;9567213520;B
20240208;145724;7365.500000000;17;9567213521;B
20240208;145724;7367.000000000;1;9567213805;B
20240208;145724;7367.500000000;1;9567213806;B
20240208;145724;7367.500000000;10;9567213807;B
20240208;145724;7368.000000000;11;9567213808;B
20240208;145724;7368.500000000;19;9567213809;B
20240208;145724;7368.500000000;8;9567213810;B
20240208;145724;7368.500000000;11;9567213811;B
20240208;145728;7366.000000000;1;9567214180;S
20240208;145729;7366.000000000;4;9567214280;S
20240208;145730;7368.000000000;20;9567214387;B
20240208;145730;7368.000000000;2;9567214388;B
20240208;145732;7368.000000000;1;9567214609;B
20240208;145732;7368.000000000;1;9567214610;B
20240208;145732;7368.500000000;25;9567214611;B
20240208;145732;7368.500000000;1;9567214612;B
20240208;145732;7368.500000000;12;9567214613;B
20240208;145736;7369.000000000;11;9567215031;B
20240208;145736;7367.000000000;1;9567215032;S
20240208;145737;7367.000000000;1;9567215134;S
20240208;145738;7367.000000000;4;9567215156;S
20240208;145738;7367.000000000;4;9567215171;S
20240208;145738;7367.000000000;6;9567215172;S
20240208;145738;7366.500000000;21;9567215173;S
20240208;145738;7366.500000000;42;9567215174;S
20240208;145738;7366.000000000;32;9567215175;S
20240208;145738;7365.500000000;2;9567215176;S
20240208;145738;7365.000000000;1;9567215177;S
20240208;145738;7365.000000000;9;9567215178;S
20240208;145738;7364.500000000;2;9567215179;S
20240208;145738;7364.500000000;1;9567215180;S
20240208;145738;7364.500000000;11;9567215181;S
20240208;145738;7364.500000000;23;9567215182;S
20240208;145738;7364.500000000;3;9567215183;S
20240208;145738;7364.500000000;11;9567215184;S
20240208;145738;7364.500000000;1;9567215185;S
20240208;145738;7364.000000000;1;9567215186;S
20240208;145738;7364.000000000;8;9567215187;S
20240208;145738;7364.000000000;20;9567215188;S
20240208;145738;7364.000000000;2;9567215189;S
20240208;145738;7364.500000000;1;9567215194;S
20240208;145738;7364.500000000;2;9567215240;S
20240208;145739;7367.500000000;53;9567215266;B
20240208;145739;7368.000000000;2;9567215267;B
20240208;145739;7368.000000000;15;9567215268;B
20240208;145739;7368.000000000;1;9567215297;B
20240208;145743;7365.500000000;3;9567215591;S
20240208;145743;7365.000000000;3;9567215592;S
20240208;145743;7364.500000000;4;9567215593;S
20240208;145749;7366.000000000;1;9567215990;S
20240208;145749;7365.500000000;14;9567215991;S
20240208;145751;7366.500000000;1;9567216135;B
20240208;145751;7366.500000000;2;9567216136;B
20240208;145751;7366.500000000;19;9567216137;B
20240208;145752;7367.000000000;1;9567216187;B
20240208;145754;7367.500000000;3;9567216345;B
20240208;145754;7367.500000000;1;9567216346;B
20240208;145754;7367.500000000;1;9567216347;B
20240208;145754;7367.500000000;4;9567216348;B
20240208;145754;7368.000000000;1;9567216436;B
20240208;145759;7366.000000000;1;9567216794;S
20240208;145759;7365.500000000;14;9567216795;S
20240208;145801;7366.000000000;1;9567216954;S
20240208;145802;7366.000000000;1;9567216993;S
20240208;145802;7365.500000000;21;9567216994;S
20240208;145802;7365.000000000;10;9567216995;S
20240208;145802;7365.000000000;2;9567216996;S
20240208;145802;7365.000000000;2;9567216997;S
20240208;145802;7365.000000000;1;9567216998;S
20240208;145802;7365.000000000;30;9567216999;S
20240208;145802;7365.000000000;16;9567217000;S
20240208;145802;7364.500000000;40;9567217001;S
20240208;145802;7364.500000000;47;9567217002;S
20240208;145802;7364.500000000;33;9567217025;S
20240208;145802;7364.500000000;1;9567217026;S
20240208;145802;7364.500000000;3;9567217027;S
20240208;145802;7364.500000000;1;9567217028;S
20240208;145802;7364.000000000;18;9567217029;S
20240208;145802;7364.000000000;67;9567217030;S
20240208;145802;7364.000000000;3;9567217031;S
20240208;145802;7364.000000000;24;9567217032;S
20240208;145802;7364.000000000;100;9567217033;S
20240208;145802;7364.000000000;2;9567217034;S
20240208;145802;7364.000000000;1;9567217035;S
20240208;145802;7364.000000000;1;9567217036;S
20240208;145802;7364.000000000;2;9567217037;S
20240208;145802;7363.500000000;144;9567217038;S
20240208;145803;7365.000000000;150;9567217136;B
20240208;145803;7366.000000000;60;9567217137;B
20240208;145803;7367.000000000;14;9567217138;B
20240208;145803;7367.500000000;20;9567217139;B
20240208;145803;7368.000000000;7;9567217140;B
20240208;145803;7368.000000000;1;9567217141;B
20240208;145803;7368.500000000;58;9567217142;B
20240208;145803;7368.500000000;21;9567217143;B
20240208;145803;7369.000000000;14;9567217144;B
20240208;145803;7369.000000000;9;9567217145;B
20240208;145803;7369.000000000;1;9567217146;B
20240208;145803;7369.000000000;70;9567217147;B
20240208;145803;7369.500000000;8;9567217148;B
20240208;145803;7369.500000000;8;9567217149;B
20240208;145803;7370.000000000;59;9567217150;B
20240208;145805;7366.500000000;5;9567217273;B
20240208;145806;7364.500000000;61;9567217381;S
20240208;145806;7364.000000000;7;9567217382;S
20240208;145806;7363.500000000;732;9567217383;S
20240208;145806;7363.500000000;3;9567217396;S
20240208;145809;7364.000000000;1;9567217606;S
20240208;145809;7365.000000000;21;9567217616;B
20240208;145809;7365.000000000;67;9567217617;B
20240208;145809;7365.500000000;1;9567217618;B
20240208;145809;7365.500000000;1;9567217619;B
20240208;145809;7365.500000000;205;9567217620;B
20240208;145809;7366.000000000;1;9567217621;B
20240208;145809;7366.500000000;1;9567217622;B
20240208;145809;7367.000000000;3;9567217623;B
20240208;145809;7367.000000000;20;9567217624;B
20240208;145809;7367.000000000;1;9567217625;B
20240208;145809;7368.500000000;2;9567217626;B
20240208;145809;7368.500000000;57;9567217627;B
20240208;145809;7364.000000000;1;9567217697;S
20240208;145810;7366.000000000;1;9567217760;B
20240208;145812;7366.000000000;9;9567217903;B
20240208;145812;7366.000000000;1;9567217904;B
20240208;145812;7366.500000000;12;9567217905;B
20240208;145814;7364.500000000;1;9567218147;S
20240208;145817;7364.500000000;2;9567218362;S
20240208;145817;7364.000000000;4;9567218363;S
20240208;145824;7366.000000000;1;9567218970;B
20240208;145824;7366.500000000;1;9567218971;B
20240208;145824;7366.500000000;4;9567218972;B
20240208;145831;7365.500000000;5;9567219582;S
20240208;145833;7366.000000000;1;9567219741;B
20240208;145833;7366.000000000;1;9567219742;B
20240208;145833;7366.500000000;17;9567219743;B
20240208;145833;7366.500000000;1;9567219744;B
20240208;145833;7366.500000000;1;9567219745;B
20240208;145833;7366.500000000;1;9567219746;B
20240208;145834;7365.500000000;1;9567219841;S
20240208;145834;7365.500000000;4;9567219865;S
20240208;145834;7365.000000000;6;9567219866;S
20240208;145835;7365.500000000;1;9567219945;S
20240208;145838;7365.500000000;9;9567220191;S
20240208;145838;7365.000000000;6;9567220192;S
20240208;145839;7366.000000000;1;9567220231;B
20240208;145839;7366.000000000;10;9567220232;B
20240208;145839;7366.000000000;2;9567220293;B
20240208;145839;7366.500000000;21;9567220294;B
20240208;145839;7366.500000000;1;9567220295;B
20240208;145839;7366.500000000;35;9567220296;B
20240208;145839;7367.000000000;64;9567220297;B
20240208;145839;7367.500000000;77;9567220298;B
20240208;145842;7366.500000000;6;9567220553;B
20240208;145842;7365.500000000;2;9567220560;S
20240208;145844;7366.000000000;1;9567220833;B
20240208;145844;7366.500000000;1;9567220834;B
20240208;145849;7365.500000000;4;9567221319;S
20240208;145849;7365.500000000;5;9567221320;S
20240208;145849;7365.000000000;8;9567221321;S
20240208;145849;7365.000000000;33;9567221322;S
20240208;145849;7365.000000000;1;9567221323;S
20240208;145849;7365.000000000;49;9567221324;S
20240208;145849;7364.500000000;136;9567221325;S
20240208;145849;7364.500000000;3;9567221326;S
20240208;145849;7364.000000000;16;9567221327;S
20240208;145849;7364.000000000;25;9567221328;S
20240208;145849;7364.000000000;3;9567221329;S
20240208;145849;7364.000000000;8;9567221330;S
20240208;145849;7364.000000000;2;9567221331;S
20240208;145849;7364.000000000;5;9567221332;S
20240208;145849;7363.500000000;2;9567221333;S
20240208;145853;7365.500000000;21;9567221654;B
20240208;145853;7365.500000000;1;9567221655;B
20240208;145854;7365.000000000;21;9567221676;B
20240208;145854;7365.000000000;66;9567221677;B
20240208;145854;7365.500000000;19;9567221678;B
20240208;145856;7364.000000000;2;9567221820;S
20240208;145856;7363.500000000;18;9567221821;S
20240208;145856;7364.000000000;3;9567221826;S
20240208;145857;7365.000000000;1;9567221888;B
20240208;145858;7365.000000000;100;9567221971;B
20240208;145901;7364.000000000;2;9567222313;S
20240208;145909;7365.500000000;25;9567222893;B
20240208;145909;7365.500000000;5;9567222920;B
20240208;145909;7365.500000000;3;9567222921;B
20240208;145909;7366.000000000;15;9567222922;B
20240208;145911;7366.500000000;1;9567223088;B
20240208;145911;7366.000000000;14;9567223094;S
20240208;145913;7366.000000000;4;9567223250;S
20240208;145914;7366.500000000;7;9567223362;B
20240208;145914;7367.000000000;15;9567223363;B
20240208;145915;7367.000000000;5;9567223386;B
20240208;145915;7367.500000000;5;9567223387;B
20240208;145916;7366.500000000;1;9567223480;B
20240208;145917;7366.000000000;9;9567223507;S
20240208;145917;7365.500000000;1;9567223508;S
20240208;145917;7365.000000000;20;9567223509;S
20240208;145917;7366.500000000;2;9567223556;B
20240208;145917;7366.500000000;2;9567223560;B
20240208;145917;7366.500000000;1;9567223561;B
20240208;145917;7366.000000000;1;9567223582;B
20240208;145917;7366.500000000;20;9567223583;B
20240208;145917;7367.000000000;9;9567223584;B
20240208;145921;7365.000000000;5;9567223868;S
20240208;145921;7365.000000000;4;9567223869;S
20240208;145921;7364.500000000;51;9567223870;S
20240208;145921;7364.500000000;16;9567223871;S
20240208;145921;7364.000000000;58;9567223872;S
20240208;145921;7364.000000000;21;9567223873;S
20240208;145921;7364.000000000;1;9567223874;S
20240208;145921;7363.500000000;294;9567223875;S
20240208;145921;7363.500000000;4;9567223922;S
20240208;145922;7363.500000000;1459;9567223937;S
20240208;145924;7364.500000000;21;9567224104;B
20240208;145924;7365.000000000;350;9567224105;B
20240208;145924;7365.000000000;40;9567224106;B
20240208;145924;7364.500000000;10;9567224193;B
20240208;145927;7364.000000000;1;9567224479;S
20240208;145928;7364.000000000;1;9567224570;S
20240208;145928;7364.000000000;19;9567224571;S
20240208;145930;7363.500000000;40;9567224673;S
20240208;145933;7363.500000000;2;9567224978;S
20240208;145934;7363.500000000;2;9567225025;S
20240208;145935;7364.000000000;21;9567225123;B
20240208;145935;7364.000000000;1;9567225124;B
20240208;145937;7363.500000000;8;9567225310;S
20240208;145937;7364.000000000;5;9567225321;B
20240208;145937;7364.000000000;25;9567225322;B
20240208;145939;7364.000000000;1;9567225453;B
20240208;145939;7364.000000000;3;9567225454;B
20240208;145939;7364.000000000;3;9567225455;B
20240208;145939;7364.000000000;20;9567225456;B
20240208;145940;7363.500000000;8;9567225591;S
20240208;145941;7364.000000000;5;9567225678;B
20240208;145941;7363.500000000;40;9567225694;S
20240208;145942;7363.500000000;2;9567225727;S
20240208;145944;7364.000000000;10;9567225880;B
20240208;145944;7363.500000000;29;9567225923;S
20240208;145945;7363.500000000;12;9567225959;S
20240208;145946;7363.500000000;2;9567226083;S
20240208;145947;7363.500000000;15;9567226499;S
20240208;145947;7363.500000000;50;9567226610;S
20240208;145949;7364.000000000;1;9567226747;B
20240208;145949;7364.000000000;9;9567226748;B
20240208;145949;7363.500000000;4;9567226772;S
20240208;145952;7363.500000000;992;9567226981;S
20240208;145952;7363.500000000;269;9567226997;S
20240208;145952;7363.500000000;79;9567226998;S
20240208;145952;7363.500000000;91;9567227069;S
20240208;145952;7363.500000000;7;9567227074;S
20240208;145952;7363.500000000;1;9567227082;S
20240208;145953;7364.000000000;8;9567227089;B
20240208;145953;7364.000000000;12;9567227090;B
20240208;145953;7363.500000000;40;9567227102;S
20240208;145953;7363.500000000;1190;9567227109;S
20240208;145953;7363.500000000;137;9567227110;S
20240208;145953;7363.500000000;16;9567227133;S
20240208;145953;7363.500000000;88;9567227135;S
20240208;145953;7363.500000000;120;9567227173;S
20240208;145953;7363.500000000;1140;9567227180;S
20240208;145953;7363.500000000;10;9567227181;S
20240208;145953;7363.500000000;1;9567227182;S
20240208;145953;7363.500000000;10;9567227183;S
20240208;145953;7362.500000000;1;9567227185;S
20240208;145953;7362.500000000;1;9567227186;S
20240208;145953;7362.000000000;30;9567227187;S
20240208;145953;7361.000000000;3;9567227188;S
20240208;145953;7361.000000000;10;9567227189;S
20240208;145953;7361.000000000;5;9567227191;S
20240208;145953;7361.000000000;29;9567227192;S
20240208;145953;7360.500000000;2;9567227194;S
20240208;145953;7360.500000000;3;9567227196;S
20240208;145953;7360.500000000;1;9567227197;S
20240208;145953;7360.500000000;1;9567227198;S
20240208;145953;7360.500000000;6;9567227211;S
20240208;145953;7360.000000000;1;9567227212;S
20240208;145953;7360.000000000;2;9567227213;S
20240208;145953;7360.000000000;5;9567227214;S
20240208;145953;7360.000000000;135;9567227215;S
20240208;145953;7360.000000000;50;9567227216;S
20240208;145953;7360.000000000;5;9567227217;S
20240208;145953;7360.000000000;10;9567227218;S
20240208;145953;7360.000000000;2;9567227219;S
20240208;145953;7360.000000000;10;9567227220;S
20240208;145953;7360.000000000;8;9567227221;S
20240208;145953;7360.000000000;1;9567227222;S
20240208;145953;7360.000000000;3;9567227223;S
20240208;145953;7360.000000000;100;9567227224;S
20240208;145953;7360.000000000;5;9567227225;B
20240208;145954;7360.000000000;16;9567227233;B
20240208;145954;7360.000000000;12;9567227234;B
20240208;145954;7360.500000000;69;9567227235;B
20240208;145954;7360.500000000;81;9567227236;B
20240208;145954;7360.500000000;20;9567227237;B
20240208;145954;7361.500000000;2;9567227238;B
20240208;145954;7361.500000000;2;9567227239;B
20240208;145954;7361.500000000;77;9567227240;B
20240208;145954;7362.000000000;50;9567227241;B
20240208;145954;7362.000000000;60;9567227242;B
20240208;145954;7362.000000000;135;9567227243;B
20240208;145954;7362.500000000;441;9567227244;B
20240208;145955;7359.000000000;10;9567227353;B
20240208;145955;7358.500000000;1;9567227361;S
20240208;145956;7359.000000000;40;9567227462;B
20240208;145956;7359.000000000;6;9567227463;B
20240208;145956;7358.500000000;1;9567227502;S
20240208;145956;7359.000000000;22;9567227508;B
20240208;145956;7359.000000000;1;9567227519;B
20240208;145957;7359.000000000;7;9567227632;B
20240208;145958;7358.500000000;2;9567227750;S
20240208;150000;7358.500000000;1;9567227907;S
20240208;150000;7358.500000000;1;9567227908;S
20240208;150001;7358.000000000;10;9567228101;S
20240208;150001;7357.500000000;2;9567228102;S
20240208;150001;7357.500000000;21;9567228103;S
20240208;150001;7357.000000000;30;9567228104;S
20240208;150001;7356.500000000;1;9567228105;S
20240208;150001;7356.500000000;7;9567228106;S
20240208;150001;7356.000000000;29;9567228107;S
20240208;150001;7355.500000000;1;9567228159;S
20240208;150001;7355.500000000;2;9567228160;S
20240208;150001;7355.000000000;8;9567228161;S
20240208;150001;7355.000000000;2;9567228162;S
20240208;150001;7355.000000000;17;9567228163;S
20240208;150002;7356.000000000;5;9567228289;S
20240208;150002;7354.500000000;4;9567228290;S
20240208;150002;7354.000000000;8;9567228291;S
20240208;150002;7354.000000000;5;9567228292;S
20240208;150002;7354.000000000;10;9567228293;S
20240208;150002;7354.000000000;2;9567228294;S
20240208;150002;7353.500000000;5;9567228295;S
20240208;150002;7353.500000000;2;9567228296;S
20240208;150002;7353.500000000;1;9567228297;S
20240208;150002;7353.500000000;2;9567228298;S
20240208;150002;7353.500000000;14;9567228299;S
20240208;150002;7353.500000000;20;9567228300;S
20240208;150002;7353.000000000;5;9567228301;S
20240208;150002;7353.000000000;5;9567228302;S
20240208;150002;7353.000000000;10;9567228303;S
20240208;150002;7353.000000000;2;9567228304;S
20240208;150002;7353.500000000;58;9567228307;S
20240208;150002;7353.500000000;19;9567228308;S
20240208;150002;7353.000000000;28;9567228309;S
20240208;150002;7353.000000000;1;9567228310;S
20240208;150002;7353.000000000;1;9567228311;S
20240208;150002;7353.000000000;60;9567228312;S
20240208;150002;7352.500000000;5;9567228313;S
20240208;150002;7352.500000000;5;9567228314;S
20240208;150002;7352.500000000;5;9567228315;S
20240208;150002;7352.500000000;17;9567228316;S
20240208;150003;7355.000000000;5;9567228413;S
20240208;150003;7355.000000000;14;9567228472;S
20240208;150004;7355.000000000;16;9567228509;S
20240208;150005;7355.000000000;5;9567228649;S
20240208;150005;7355.000000000;5;9567228664;S
20240208;150008;7354.000000000;4;9567229117;S
20240208;150008;7354.000000000;10;9567229121;S
20240208;150008;7354.000000000;16;9567229153;S
20240208;150008;7354.500000000;17;9567229186;B
20240208;150008;7355.000000000;12;9567229187;B
20240208;150008;7355.000000000;645;9567229188;B
20240208;150008;7355.500000000;10;9567229189;B
20240208;150009;7359.000000000;14;9567229204;B
20240208;150009;7359.500000000;58;9567229205;B
20240208;150009;7359.500000000;21;9567229206;B
20240208;150009;7360.000000000;163;9567229207;B
20240208;150009;7360.000000000;1;9567229212;B
20240208;150010;7357.500000000;1;9567229275;B
20240208;150012;7357.000000000;1;9567229456;S
20240208;150013;7357.000000000;1;9567229957;S
20240208;150015;7357.000000000;13;9567230306;S
20240208;150017;7358.500000000;5;9567230479;B
20240208;150017;7358.500000000;17;9567230480;B
20240208;150022;7357.500000000;1;9567230999;S
20240208;150023;7357.000000000;1;9567231020;S
20240208;150023;7357.000000000;1;9567231021;S
20240208;150023;7357.000000000;8;9567231022;S
20240208;150024;7359.500000000;6;9567231100;B
20240208;150024;7359.500000000;4;9567231101;B
20240208;150024;7357.000000000;2;9567231129;S
20240208;150024;7356.500000000;1;9567231130;S
20240208;150024;7356.500000000;10;9567231131;S
20240208;150024;7356.000000000;8;9567231132;S
20240208;150024;7356.000000000;7;9567231133;S
20240208;150026;7356.500000000;53;9567231466;S
20240208;150026;7356.000000000;66;9567231467;S
20240208;150026;7355.500000000;1;9567231468;S
20240208;150026;7355.500000000;38;9567231469;S
20240208;150026;7355.000000000;6;9567231470;S
20240208;150026;7355.000000000;20;9567231471;S
20240208;150026;7355.000000000;10;9567231472;S
20240208;150026;7354.000000000;30;9567231473;S
20240208;150026;7354.000000000;10;9567231474;S
20240208;150026;7353.500000000;2;9567231475;S
20240208;150026;7353.500000000;1;9567231476;S
20240208;150026;7353.500000000;1;9567231477;S
20240208;150026;7353.500000000;40;9567231478;S
20240208;150026;7353.000000000;40;9567231479;S
20240208;150026;7353.000000000;1;9567231480;S
20240208;150026;7353.000000000;51;9567231481;S
20240208;150026;7352.500000000;2;9567231482;S
20240208;150026;7352.500000000;60;9567231483;S
20240208;150026;7352.500000000;5;9567231484;S
20240208;150026;7352.500000000;1;9567231485;S
20240208;150026;7352.500000000;1;9567231486;S
20240208;150026;7352.500000000;1;9567231487;S
20240208;150026;7352.500000000;1;9567231488;S
20240208;150026;7352.500000000;20;9567231489;S
20240208;150026;7352.500000000;10;9567231490;S
20240208;150026;7352.000000000;5;9567231491;S
20240208;150026;7352.000000000;5;9567231492;S
20240208;150026;7352.000000000;5;9567231493;S
20240208;150026;7352.000000000;7;9567231494;S
20240208;150026;7352.000000000;7;9567231495;S
20240208;150027;7352.500000000;1;9567231496;S
20240208;150028;7353.000000000;1;9567231608;S
20240208;150030;7356.500000000;2;9567231788;B
20240208;150030;7356.500000000;1;9567231789;B
20240208;150030;7357.000000000;2;9567231790;B
20240208;150032;7353.500000000;2;9567232101;S
20240208;150034;7356.000000000;2;9567232230;B
20240208;150034;7356.000000000;6;9567232231;B
20240208;150034;7354.000000000;1;9567232249;S
20240208;150035;7354.000000000;3;9567232345;S
20240208;150035;7354.000000000;1;9567232346;S
20240208;150035;7353.500000000;16;9567232347;S
20240208;150036;7353.500000000;25;9567232431;S
20240208;150036;7353.500000000;40;9567232432;S
20240208;150036;7353.500000000;35;9567232433;S
20240208;150037;7353.500000000;2;9567232438;S
20240208;150037;7353.000000000;8;9567232439;S
20240208;150038;7356.500000000;1;9567232602;B
20240208;150038;7357.000000000;21;9567232603;B
20240208;150039;7353.000000000;16;9567232647;S
20240208;150039;7353.000000000;23;9567232648;S
20240208;150039;7352.500000000;10;9567232649;S
20240208;150039;7352.500000000;51;9567232650;S
20240208;150039;7357.000000000;58;9567232666;B
20240208;150039;7357.500000000;2;9567232667;B
20240208;150039;7357.500000000;100;9567232668;B
20240208;150040;7354.000000000;15;9567232750;S
20240208;150040;7355.500000000;4;9567232834;S
20240208;150040;7354.500000000;1;9567232835;S
20240208;150040;7354.000000000;6;9567232836;S
20240208;150040;7354.000000000;89;9567232837;S
20240208;150042;7354.000000000;1;9567233013;S
20240208;150044;7354.000000000;4;9567233192;S
20240208;150044;7354.000000000;5;9567233193;S
20240208;150044;7353.500000000;20;9567233194;S
20240208;150044;7353.000000000;2;9567233195;S
20240208;150044;7353.000000000;1;9567233196;S
20240208;150044;7352.500000000;8;9567233197;S
20240208;150044;7352.500000000;1;9567233198;S
20240208;150044;7352.500000000;2;9567233199;S
20240208;150044;7352.500000000;1;9567233200;S
20240208;150044;7352.500000000;16;9567233201;S
20240208;150044;7352.000000000;3;9567233202;S
20240208;150044;7352.000000000;37;9567233203;S
20240208;150045;7353.000000000;10;9567233216;S
20240208;150045;7353.000000000;10;9567233354;S
20240208;150045;7352.000000000;67;9567233355;S
20240208;150045;7352.000000000;1;9567233356;S
20240208;150045;7352.000000000;22;9567233357;S
20240208;150053;7352.000000000;3;9567234174;S
20240208;150054;7352.000000000;1;9567234240;S
20240208;150054;7351.500000000;5;9567234241;S
20240208;150054;7351.500000000;10;9567234242;S
20240208;150054;7351.500000000;22;9567234243;S
20240208;150054;7351.500000000;1;9567234244;S
20240208;150054;7353.500000000;1;9567234257;B
20240208;150054;7353.500000000;72;9567234258;B
20240208;150058;7352.000000000;1;9567234593;S
20240208;150059;7353.500000000;1;9567234695;B
20240208;150059;7353.500000000;85;9567234696;B
20240208;150059;7354.000000000;5;9567234713;B
20240208;150059;7354.000000000;17;9567234714;B
20240208;150059;7354.000000000;83;9567234715;B
20240208;150059;7355.000000000;2;9567234716;B
20240208;150100;7355.500000000;5;9567234774;B
20240208;150100;7356.000000000;20;9567234775;B
20240208;150100;7355.000000000;20;9567234777;S
20240208;150100;7355.000000000;1;9567234783;S
20240208;150102;7355.000000000;2;9567234965;S
20240208;150103;7355.000000000;2;9567235021;S
20240208;150105;7354.500000000;50;9567235263;S
20240208;150106;7353.500000000;20;9567235329;S
20240208;150106;7353.500000000;30;9567235330;S
20240208;150106;7353.500000000;11;9567235346;S
20240208;150106;7353.500000000;20;9567235347;S
20240208;150106;7353.000000000;25;9567235348;S
20240208;150106;7352.500000000;63;9567235349;S
20240208;150106;7352.000000000;1;9567235350;S
20240208;150106;7352.000000000;2;9567235351;S
20240208;150106;7352.000000000;1;9567235352;S
20240208;150106;7352.000000000;2;9567235353;S
20240208;150106;7352.000000000;20;9567235354;S
20240208;150106;7352.000000000;1;9567235355;S
20240208;150106;7352.000000000;5;9567235356;S
20240208;150106;7352.000000000;5;9567235357;S
20240208;150106;7352.000000000;60;9567235358;S
20240208;150106;7351.500000000;477;9567235359;S
20240208;150106;7351.500000000;2;9567235360;S
20240208;150106;7351.500000000;5;9567235361;S
20240208;150109;7354.000000000;1;9567235575;B
20240208;150109;7354.500000000;145;9567235576;B
20240208;150109;7354.500000000;3;9567235577;B
20240208;150109;7356.500000000;1;9567235578;B
20240208;150109;7356.500000000;2;9567235579;B
20240208;150109;7357.000000000;1;9567235580;B
20240208;150109;7357.000000000;24;9567235581;B
20240208;150109;7358.000000000;20;9567235582;B
20240208;150109;7358.000000000;12;9567235583;B
20240208;150113;7352.000000000;1;9567236045;S
20240208;150114;7352.000000000;5;9567236136;S
20240208;150114;7352.000000000;2;9567236137;S
20240208;150114;7352.000000000;14;9567236138;S
20240208;150114;7352.500000000;3;9567236153;S
20240208;150114;7352.000000000;25;9567236154;S
20240208;150115;7352.000000000;61;9567236302;S
20240208;150115;7352.000000000;12;9567236303;S
20240208;150115;7351.500000000;13;9567236304;S
20240208;150120;7355.000000000;21;9567236736;B
20240208;150120;7355.000000000;1;9567236737;B
20240208;150121;7355.000000000;20;9567236865;B
20240208;150124;7355.000000000;4;9567237071;B
20240208;150124;7355.000000000;2;9567237072;B
20240208;150124;7355.500000000;30;9567237073;B
20240208;150128;7352.000000000;1;9567237470;S
20240208;150128;7352.000000000;6;9567237471;S
20240208;150129;7352.500000000;1;9567237575;S
20240208;150129;7352.000000000;15;9567237576;S
20240208;150129;7352.000000000;2;9567237577;S
20240208;150129;7351.500000000;55;9567237578;S
20240208;150129;7351.500000000;20;9567237579;S
20240208;150129;7351.500000000;2;9567237580;S
20240208;150129;7351.000000000;5;9567237581;S
20240208;150129;7351.000000000;7;9567237582;S
20240208;150129;7351.000000000;10;9567237583;S
20240208;150129;7351.000000000;1;9567237584;S
20240208;150129;7351.000000000;10;9567237585;S
20240208;150129;7351.000000000;5;9567237586;S
20240208;150129;7351.000000000;1;9567237587;S
20240208;150129;7351.000000000;10;9567237588;S
20240208;150129;7351.000000000;10;9567237589;S
20240208;150129;7351.000000000;1;9567237590;S
20240208;150129;7351.000000000;27;9567237591;S
20240208;150129;7351.000000000;1;9567237592;S
20240208;150129;7350.500000000;1;9567237593;S
20240208;150129;7350.500000000;5;9567237594;S
20240208;150129;7350.500000000;2;9567237595;S
20240208;150129;7350.500000000;1;9567237596;S
20240208;150129;7350.500000000;1;9567237597;S
20240208;150129;7350.500000000;1;9567237598;S
20240208;150129;7350.500000000;1;9567237599;S
20240208;150129;7350.500000000;1;9567237600;S
20240208;150129;7350.500000000;1;9567237601;S
20240208;150129;7350.500000000;2;9567237602;S
20240208;150129;7350.500000000;51;9567237603;S
20240208;150129;7350.500000000;4;9567237604;S
20240208;150129;7351.000000000;5;9567237605;S
20240208;150130;7354.500000000;10;9567237613;B
20240208;150130;7351.000000000;1;9567237696;S
20240208;150130;7351.000000000;1;9567237697;S
20240208;150130;7351.000000000;1;9567237698;S
20240208;150130;7351.000000000;1;9567237699;S
20240208;150130;7350.500000000;1;9567237700;S
20240208;150130;7350.500000000;1;9567237702;S
20240208;150130;7350.500000000;1;9567237703;S
20240208;150130;7350.500000000;1;9567237704;S
20240208;150130;7350.500000000;1;9567237705;S
20240208;150130;7350.500000000;1;9567237706;S
20240208;150130;7350.500000000;1;9567237708;S
20240208;150130;7350.500000000;1;9567237709;S
20240208;150130;7350.500000000;1;9567237710;S
20240208;150130;7350.500000000;1;9567237712;S
20240208;150130;7350.500000000;9;9567237716;S
20240208;150130;7350.500000000;1;9567237730;S
20240208;150130;7350.500000000;1;9567237732;S
20240208;150130;7350.500000000;1;9567237733;S
20240208;150130;7350.500000000;1;9567237734;S
20240208;150130;7350.500000000;1;9567237735;S
20240208;150130;7350.500000000;10;9567237752;S
20240208;150130;7350.500000000;111;9567237753;S
20240208;150130;7350.500000000;4;9567237754;S
20240208;150130;7350.000000000;5;9567237755;S
20240208;150130;7350.000000000;10;9567237756;S
20240208;150130;7350.000000000;290;9567237757;S
20240208;150130;7350.000000000;1;9567237758;S
20240208;150130;7350.000000000;10;9567237764;S
20240208;150130;7351.500000000;7;9567237767;B
20240208;150130;7350.000000000;20;9567237768;S
20240208;150130;7350.000000000;13;9567237772;S
20240208;150130;7350.000000000;3;9567237773;S
20240208;150130;7350.000000000;50;9567237789;S
20240208;150131;7352.000000000;30;9567237805;B
20240208;150131;7352.000000000;30;9567237806;B
20240208;150131;7351.000000000;1;9567237822;S
20240208;150131;7350.000000000;4;9567237823;S
20240208;150131;7350.000000000;1;9567237833;S
20240208;150131;7350.000000000;124;9567237877;S
20240208;150131;7350.000000000;400;9567237895;S
20240208;150132;7350.000000000;3;9567237957;S
20240208;150133;7350.000000000;30;9567238007;S
20240208;150133;7350.000000000;25;9567238011;S
20240208;150133;7350.000000000;7;9567238070;S
20240208;150134;7350.000000000;13;9567238099;S
20240208;150135;7350.500000000;1;9567238219;B
20240208;150135;7350.500000000;4;9567238242;B
20240208;150135;7350.500000000;96;9567238243;B
20240208;150135;7350.500000000;1;9567238249;B
20240208;150136;7350.000000000;25;9567238351;S
20240208;150136;7350.000000000;150;9567238356;S
20240208;150136;7350.500000000;100;9567238364;B
20240208;150136;7350.000000000;30;9567238367;S
20240208;150137;7350.500000000;1;9567238474;B
20240208;150137;7350.500000000;1;9567238513;B
20240208;150138;7350.500000000;3;9567238550;B
20240208;150138;7350.500000000;85;9567238551;B
20240208;150139;7351.000000000;5;9567238681;B
20240208;150139;7351.000000000;1;9567238682;B
20240208;150139;7352.000000000;3;9567238683;B
20240208;150139;7353.500000000;2;9567238684;B
20240208;150139;7353.500000000;1;9567238685;B
20240208;150139;7354.000000000;2;9567238686;B
20240208;150139;7354.500000000;18;9567238687;B
20240208;150139;7355.000000000;4;9567238688;B
20240208;150139;7355.000000000;32;9567238689;B
20240208;150139;7355.500000000;5;9567238690;B
20240208;150139;7355.500000000;5;9567238691;B
20240208;150139;7356.000000000;1;9567238692;B
20240208;150139;7356.500000000;5;9567238693;B
20240208;150139;7356.500000000;10;9567238694;B
20240208;150139;7357.000000000;2;9567238695;B
20240208;150139;7357.000000000;22;9567238696;B
20240208;150139;7357.500000000;58;9567238697;B
20240208;150139;7357.500000000;20;9567238698;B
20240208;150139;7358.000000000;1;9567238699;B
20240208;150139;7358.000000000;10;9567238700;B
20240208;150139;7358.500000000;80;9567238701;B
20240208;150139;7358.500000000;10;9567238702;B
20240208;150139;7359.000000000;103;9567238703;B
20240208;150139;7358.500000000;15;9567238704;B
20240208;150141;7353.500000000;2;9567238856;S
20240208;150141;7359.000000000;2;9567238881;B
20240208;150141;7359.500000000;1;9567238882;B
20240208;150141;7359.500000000;7;9567238883;B
20240208;150141;7359.500000000;12;9567238884;B
20240208;150144;7354.000000000;1;9567239132;S
20240208;150145;7352.500000000;1;9567239225;S
20240208;150146;7352.000000000;2;9567239275;S
20240208;150151;7352.500000000;5;9567239703;S
20240208;150152;7353.000000000;7;9567239828;S
20240208;150152;7352.000000000;10;9567239829;S
20240208;150152;7352.000000000;20;9567239830;S
20240208;150152;7351.000000000;1;9567239831;S
20240208;150152;7351.000000000;58;9567239832;S
20240208;150152;7350.500000000;12;9567239833;S
20240208;150152;7350.500000000;25;9567239834;S
20240208;150152;7350.500000000;4;9567239835;S
20240208;150152;7350.500000000;20;9567239836;S
20240208;150152;7350.500000000;15;9567239837;S
20240208;150152;7350.500000000;70;9567239838;S
20240208;150152;7350.000000000;106;9567239839;S
20240208;150154;7354.000000000;80;9567239966;B
20240208;150157;7353.000000000;2;9567240350;B
20240208;150202;7353.500000000;22;9567240717;B
20240208;150209;7354.500000000;4;9567241446;B
20240208;150210;7352.500000000;1;9567242090;S
20240208;150220;7354.500000000;2;9567243123;B
20240208;150223;7354.500000000;8;9567243321;B
20240208;150223;7354.500000000;1;9567243322;B
20240208;150223;7355.000000000;5;9567243323;B
20240208;150223;7355.000000000;8;9567243324;B
20240208;150223;7354.000000000;1;9567243336;S
20240208;150224;7355.000000000;6;9567243411;B
20240208;150230;7354.000000000;6;9567244056;S
20240208;150233;7354.000000000;1;9567244289;B
20240208;150234;7353.500000000;2;9567244363;S
20240208;150235;7354.000000000;1;9567244475;B
20240208;150239;7354.000000000;1;9567244776;B
20240208;150239;7354.000000000;2;9567244808;B
20240208;150243;7354.500000000;10;9567245164;B
20240208;150243;7354.500000000;4;9567245165;B
20240208;150243;7355.000000000;8;9567245166;B
20240208;150253;7354.000000000;1;9567245944;S
20240208;150254;7354.500000000;1;9567246030;B
20240208;150254;7354.500000000;3;9567246031;B
20240208;150257;7354.000000000;2;9567246300;S
20240208;150258;7354.000000000;3;9567246425;S
20240208;150300;7353.500000000;1;9567246537;S
20240208;150304;7354.000000000;6;9567246907;B
20240208;150304;7354.000000000;16;9567246908;B
20240208;150307;7354.000000000;2;9567247208;S
20240208;150307;7353.500000000;14;9567247209;S
20240208;150307;7353.000000000;21;9567247210;S
20240208;150307;7352.500000000;50;9567247211;S
20240208;150307;7352.000000000;50;9567247212;S
20240208;150307;7351.000000000;1;9567247213;S
20240208;150307;7351.000000000;1;9567247214;S
20240208;150307;7350.500000000;10;9567247215;S
20240208;150307;7350.500000000;1;9567247216;S
20240208;150307;7350.500000000;10;9567247217;S
20240208;150307;7350.500000000;2;9567247218;S
20240208;150307;7350.500000000;1;9567247219;S
20240208;150307;7350.500000000;25;9567247220;S
20240208;150307;7350.500000000;2;9567247221;S
20240208;150307;7350.000000000;195;9567247222;S
20240208;150307;7350.000000000;1;9567247223;S
20240208;150307;7350.000000000;10;9567247224;S
20240208;150307;7350.000000000;5;9567247225;S
20240208;150307;7350.000000000;4;9567247226;S
20240208;150307;7350.000000000;69;9567247227;S
20240208;150308;7350.500000000;21;9567247276;S
20240208;150308;7350.000000000;218;9567247277;S
20240208;150309;7352.500000000;7;9567247348;B
20240208;150309;7352.500000000;4;9567247349;B
20240208;150309;7353.000000000;51;9567247350;B
20240208;150309;7353.000000000;87;9567247351;B
20240208;150310;7353.000000000;1;9567247524;B
20240208;150311;7353.500000000;1;9567247630;B
20240208;150311;7353.500000000;1;9567247631;B
20240208;150312;7353.500000000;8;9567247684;B
20240208;150312;7351.000000000;4;9567247688;S
20240208;150312;7351.000000000;1;9567247689;S
20240208;150312;7350.500000000;3;9567247690;S
20240208;150314;7351.000000000;2;9567247831;S
20240208;150321;7350.500000000;4;9567248586;S
20240208;150323;7351.500000000;1;9567248730;B
20240208;150323;7351.500000000;2;9567248731;B
20240208;150324;7351.500000000;5;9567248814;B
20240208;150324;7351.000000000;2;9567248873;S
20240208;150325;7351.000000000;5;9567248937;S
20240208;150325;7351.500000000;22;9567248949;B
20240208;150326;7351.500000000;49;9567249007;B
20240208;150326;7351.500000000;4;9567249008;B
20240208;150326;7351.500000000;74;9567249009;B
20240208;150326;7351.000000000;3;9567249040;S
20240208;150328;7351.000000000;3;9567249251;S
20240208;150330;7351.000000000;1;9567249391;B
20240208;150331;7351.000000000;3;9567249513;B
20240208;150331;7351.000000000;1;9567249514;B
20240208;150331;7351.000000000;3;9567249515;B
20240208;150331;7351.500000000;1;9567249516;B
20240208;150337;7351.500000000;3;9567250045;B
20240208;150337;7351.500000000;1;9567250059;B
20240208;150338;7351.000000000;1;9567250174;S
20240208;150338;7351.000000000;5;9567250175;S
20240208;150339;7351.500000000;6;9567250205;B
20240208;150339;7352.000000000;4;9567250206;B
20240208;150339;7352.000000000;20;9567250207;B
20240208;150339;7352.000000000;6;9567250208;B
20240208;150339;7352.500000000;200;9567250266;B
20240208;150339;7352.500000000;5;9567250284;S
20240208;150342;7352.500000000;7;9567250438;S
20240208;150343;7352.500000000;1;9567250610;S
20240208;150344;7353.000000000;1;9567250652;B
20240208;150346;7353.000000000;1;9567250884;B
20240208;150346;7353.500000000;21;9567250885;B
20240208;150346;7353.000000000;1;9567250894;S
20240208;150348;7354.500000000;8;9567251133;B
20240208;150352;7354.500000000;4;9567251471;B
20240208;150352;7354.500000000;6;9567251472;B
20240208;150352;7355.000000000;28;9567251473;B
20240208;150352;7355.000000000;11;9567251474;B
20240208;150352;7355.000000000;25;9567251475;B
20240208;150352;7355.000000000;20;9567251476;B
20240208;150352;7355.500000000;1;9567251477;B
20240208;150352;7355.500000000;1;9567251478;B
20240208;150352;7355.500000000;1;9567251479;B
20240208;150352;7355.500000000;1;9567251480;B
20240208;150352;7356.000000000;5;9567251481;B
20240208;150352;7356.000000000;10;9567251482;B
20240208;150352;7356.500000000;20;9567251483;B
20240208;150352;7357.000000000;5;9567251484;B
20240208;150352;7357.000000000;20;9567251485;B
20240208;150352;7357.000000000;4;9567251486;B
20240208;150352;7357.500000000;2;9567251487;B
20240208;150352;7357.500000000;27;9567251488;B
20240208;150352;7358.000000000;7;9567251489;B
20240208;150352;7358.000000000;1;9567251490;B
20240208;150352;7358.000000000;5;9567251491;B
20240208;150352;7358.000000000;1;9567251492;B
20240208;150352;7358.000000000;45;9567251493;B
20240208;150354;7358.000000000;11;9567251618;B
20240208;150354;7358.000000000;20;9567251619;B
20240208;150354;7358.500000000;14;9567251620;B
20240208;150354;7358.500000000;40;9567251621;B
20240208;150354;7359.000000000;4;9567251622;B
20240208;150354;7359.500000000;2;9567251623;B
20240208;150354;7359.500000000;8;9567251624;B
20240208;150354;7354.500000000;3;9567251657;S
20240208;150356;7356.000000000;1;9567251923;S
20240208;150358;7356.000000000;3;9567252150;S
20240208;150359;7356.000000000;1;9567252295;S
20240208;150400;7356.000000000;1;9567252556;S
20240208;150407;7359.000000000;6;9567253744;B
20240208;150407;7359.000000000;16;9567253745;B
20240208;150408;7355.500000000;1;9567253874;S
20240208;150408;7354.500000000;4;9567253875;S
20240208;150408;7354.500000000;1;9567253900;S
20240208;150409;7354.500000000;2;9567253991;S
20240208;150409;7359.000000000;3;9567253996;B
20240208;150409;7359.000000000;13;9567253997;B
20240208;150409;7359.000000000;1;9567253998;B
20240208;150409;7359.500000000;3;9567253999;B
20240208;150409;7359.500000000;20;9567254000;B
20240208;150409;7359.500000000;8;9567254001;B
20240208;150409;7359.500000000;1;9567254014;S
20240208;150409;7360.000000000;3;9567254027;B
20240208;150409;7360.000000000;1;9567254028;B
20240208;150409;7360.000000000;6;9567254029;B
20240208;150409;7360.000000000;2;9567254030;B
20240208;150409;7360.000000000;1;9567254031;B
20240208;150409;7360.000000000;5;9567254032;B
20240208;150409;7359.500000000;1;9567254060;S
20240208;150409;7359.500000000;7;9567254081;S
20240208;150410;7360.000000000;1;9567254140;B
20240208;150412;7359.500000000;6;9567254459;S
20240208;150413;7356.000000000;1;9567254526;S
20240208;150415;7358.000000000;8;9567254731;B
20240208;150420;7356.000000000;1;9567255343;S
20240208;150424;7358.000000000;5;9567255786;B
20240208;150428;7358.000000000;1;9567256175;B
20240208;150428;7358.000000000;1;9567256176;B
20240208;150428;7358.500000000;10;9567256177;B
20240208;150428;7359.500000000;1;9567256178;B
20240208;150428;7359.500000000;3;9567256179;B
20240208;150428;7359.500000000;1;9567256180;B
20240208;150428;7359.500000000;3;9567256181;B
20240208;150428;7360.000000000;2;9567256182;B
20240208;150429;7356.500000000;1;9567256239;S
20240208;150429;7357.000000000;1;9567256286;B
20240208;150435;7356.000000000;1;9567256763;S
20240208;150435;7356.000000000;1;9567256764;S
20240208;150435;7356.000000000;1;9567256765;S
20240208;150435;7355.500000000;1;9567256766;S
20240208;150435;7355.500000000;21;9567256767;S
20240208;150435;7355.000000000;6;9567256768;S
20240208;150435;7355.000000000;2;9567256769;S
20240208;150439;7357.500000000;1;9567257133;B
20240208;150439;7358.000000000;10;9567257134;B
20240208;150439;7354.000000000;1;9567257143;S
20240208;150439;7353.500000000;2;9567257144;S
20240208;150443;7355.000000000;1;9567257423;S
20240208;150443;7357.500000000;1;9567257426;B
20240208;150443;7354.500000000;10;9567257452;S
20240208;150443;7354.000000000;41;9567257453;S
20240208;150443;7353.500000000;12;9567257454;S
20240208;150449;7356.000000000;1;9567257962;B
20240208;150449;7356.500000000;21;9567257963;B
20240208;150454;7358.500000000;18;9567258385;B
20240208;150457;7355.000000000;1;9567258711;S
20240208;150506;7358.000000000;1;9567259462;B
20240208;150506;7358.500000000;1;9567259463;B
20240208;150507;7356.500000000;2;9567259566;S
20240208;150509;7357.000000000;1;9567259687;B
20240208;150510;7357.500000000;10;9567259759;B
20240208;150510;7358.500000000;1;9567259760;B
20240208;150510;7358.500000000;10;9567259761;B
20240208;150510;7359.000000000;1;9567259762;B
20240208;150515;7359.500000000;2;9567260224;B
20240208;150515;7359.500000000;6;9567260225;B
20240208;150516;7360.000000000;30;9567260306;B
20240208;150518;7360.000000000;10;9567260425;B
20240208;150518;7360.000000000;10;9567260472;B
20240208;150520;7360.000000000;2;9567260553;B
20240208;150521;7360.000000000;5;9567260815;B
20240208;150524;7360.000000000;18;9567261025;B
20240208;150525;7360.000000000;5;9567261091;B
20240208;150525;7359.500000000;2;9567261149;S
20240208;150526;7360.000000000;2;9567261183;B
20240208;150531;7360.000000000;10;9567261728;B
20240208;150531;7360.000000000;2;9567261729;B
20240208;150531;7360.000000000;5;9567261730;B
20240208;150531;7360.000000000;1;9567261731;B
20240208;150531;7360.000000000;4;9567261732;B
20240208;150532;7360.000000000;10;9567261907;B
20240208;150534;7360.000000000;11;9567262089;B
20240208;150534;7360.000000000;2;9567262090;B
20240208;150534;7360.000000000;25;9567262091;B
20240208;150534;7360.000000000;6;9567262092;B
20240208;150534;7360.500000000;1;9567262100;B
20240208;150537;7360.500000000;3;9567262403;B
20240208;150537;7360.500000000;1;9567262404;B
20240208;150537;7360.500000000;1;9567262405;B
20240208;150537;7360.500000000;2;9567262406;B
20240208;150537;7360.500000000;18;9567262407;B
20240208;150539;7360.500000000;7;9567262618;B
20240208;150539;7361.000000000;15;9567262619;B
20240208;150542;7360.000000000;1;9567263011;S
20240208;150542;7360.500000000;4;9567263016;B
20240208;150542;7361.000000000;20;9567263017;B
20240208;150542;7361.000000000;16;9567263018;B
20240208;150547;7362.000000000;3;9567263420;B
20240208;150547;7362.500000000;27;9567263421;B
20240208;150547;7362.500000000;5;9567263422;B
20240208;150547;7362.500000000;13;9567263423;B
20240208;150549;7362.000000000;1;9567263613;B
20240208;150552;7361.500000000;1;9567263778;B
20240208;150552;7362.000000000;10;9567263779;B
20240208;150552;7362.000000000;11;9567263780;B
20240208;150552;7360.000000000;105;9567263808;S
20240208;150552;7360.000000000;2;9567263809;S
20240208;150552;7360.000000000;35;9567263810;S
20240208;150552;7360.000000000;5;9567263828;B
20240208;150554;7360.000000000;52;9567263956;B
20240208;150600;7360.000000000;1;9567264805;B
20240208;150601;7360.000000000;1;9567264877;B
20240208;150605;7359.500000000;2;9567265217;S
20240208;150605;7360.000000000;40;9567265276;B
20240208;150608;7360.000000000;9;9567265448;B
20240208;150608;7360.000000000;11;9567265449;B
20240208;150609;7359.500000000;2;9567265523;S
20240208;150609;7360.000000000;13;9567265532;B
20240208;150610;7360.000000000;1;9567265722;B
20240208;150610;7360.000000000;1;9567265723;B
20240208;150611;7360.000000000;2;9567265728;B
20240208;150613;7360.000000000;22;9567265940;B
20240208;150613;7359.500000000;1;9567265946;S
20240208;150615;7359.500000000;1;9567266104;B
20240208;150622;7358.000000000;4;9567266719;S
20240208;150623;7357.000000000;1;9567266770;S
20240208;150624;7359.000000000;7;9567266879;B
20240208;150625;7359.000000000;1;9567266947;B
20240208;150627;7359.000000000;1;9567267157;B
20240208;150631;7355.000000000;1;9567267517;S
20240208;150631;7355.000000000;4;9567267518;S
20240208;150632;7355.000000000;14;9567267522;S
20240208;150633;7358.000000000;1;9567267683;B
20240208;150633;7358.500000000;21;9567267684;B
20240208;150637;7356.000000000;8;9567268007;S
20240208;150639;7357.500000000;3;9567268151;B
20240208;150639;7357.500000000;7;9567268152;B
20240208;150642;7358.000000000;1;9567268381;B
20240208;150642;7358.000000000;19;9567268382;B
20240208;150645;7356.000000000;1;9567268757;S
20240208;150646;7356.000000000;1;9567268799;S
20240208;150654;7357.500000000;4;9567269922;B
20240208;150654;7358.000000000;6;9567269974;B
20240208;150654;7358.000000000;16;9567269975;B
20240208;150656;7357.000000000;15;9567270070;S
20240208;150659;7357.500000000;2;9567270373;S
20240208;150700;7356.500000000;21;9567270446;S
20240208;150700;7356.500000000;7;9567270447;S
20240208;150704;7358.000000000;4;9567270741;B
20240208;150704;7358.500000000;2;9567270742;B
20240208;150704;7358.500000000;2;9567270743;B
20240208;150704;7358.500000000;2;9567270744;B
20240208;150709;7358.500000000;2;9567271203;B
20240208;150709;7358.500000000;14;9567271204;B
20240208;150715;7359.000000000;22;9567271863;B
20240208;150716;7359.000000000;2;9567271928;B
20240208;150717;7358.500000000;2;9567272094;S
20240208;150722;7360.000000000;3;9567272600;B
20240208;150722;7360.000000000;7;9567272601;B
20240208;150724;7360.000000000;3;9567272883;B
20240208;150724;7360.000000000;2;9567272884;B
20240208;150724;7360.000000000;2;9567272885;B
20240208;150727;7360.000000000;3;9567273231;B
20240208;150734;7359.500000000;1;9567273923;B
20240208;150734;7359.500000000;60;9567273924;B
20240208;150734;7360.000000000;2;9567273925;B
20240208;150734;7360.000000000;4;9567273926;B
20240208;150734;7360.000000000;31;9567273927;B
20240208;150736;7362.000000000;22;9567274072;B
20240208;150739;7360.000000000;10;9567274336;S
20240208;150739;7362.000000000;5;9567274349;B
20240208;150739;7362.000000000;4;9567274350;B
20240208;150739;7362.500000000;10;9567274351;B
20240208;150739;7363.000000000;1;9567274352;B
20240208;150739;7363.000000000;1;9567274353;B
20240208;150739;7363.500000000;2;9567274354;B
20240208;150739;7363.500000000;3;9567274355;B
20240208;150740;7361.000000000;1;9567274451;S
20240208;150742;7363.000000000;1;9567274611;B
20240208;150742;7363.500000000;29;9567274612;B
20240208;150742;7363.500000000;5;9567274613;B
20240208;150742;7364.000000000;5;9567274614;B
20240208;150742;7364.000000000;5;9567274615;B
20240208;150742;7364.000000000;1;9567274618;B
20240208;150743;7364.000000000;19;9567274712;B
20240208;150743;7364.500000000;27;9567274713;B
20240208;150743;7364.500000000;5;9567274714;B
20240208;150743;7365.000000000;60;9567274715;B
20240208;150743;7365.000000000;5;9567274716;B
20240208;150743;7365.000000000;20;9567274717;B
20240208;150743;7365.000000000;4;9567274718;B
20240208;150743;7365.000000000;10;9567274719;B
20240208;150750;7360.000000000;1;9567275718;S
20240208;150750;7360.000000000;1;9567275719;S
20240208;150750;7359.000000000;2;9567275720;S
20240208;150752;7363.000000000;4;9567275998;B
20240208;150754;7363.500000000;21;9567276096;B
20240208;150754;7363.500000000;5;9567276097;B
20240208;150754;7364.000000000;15;9567276098;B
20240208;150756;7359.500000000;1;9567276566;S
20240208;150756;7359.000000000;1;9567276567;S
20240208;150757;7359.000000000;7;9567276621;S
20240208;150757;7358.500000000;12;9567276622;S
20240208;150757;7363.000000000;2;9567276634;B
20240208;150757;7363.000000000;1;9567276635;B
20240208;150757;7363.500000000;19;9567276636;B
20240208;150759;7364.500000000;4;9567276816;B
20240208;150809;7362.000000000;3;9567277904;B
20240208;150809;7362.500000000;7;9567277905;B
20240208;150810;7360.000000000;15;9567278017;S
20240208;150818;7363.000000000;21;9567278877;B
20240208;150818;7363.000000000;1;9567278878;B
20240208;150819;7363.000000000;6;9567278983;B
20240208;150819;7363.000000000;1;9567278984;B
20240208;150819;7363.000000000;10;9567278985;B
20240208;150819;7363.500000000;24;9567278986;B
20240208;150819;7363.500000000;45;9567278987;B
20240208;150819;7364.000000000;40;9567278988;B
20240208;150819;7364.500000000;20;9567278989;B
20240208;150819;7364.500000000;20;9567278990;B
20240208;150819;7365.000000000;10;9567278991;B
20240208;150819;7365.500000000;1;9567278992;B
20240208;150819;7365.500000000;21;9567278993;B
20240208;150819;7366.000000000;32;9567278994;B
20240208;150819;7366.000000000;10;9567278995;B
20240208;150819;7366.500000000;2;9567278996;B
20240208;150819;7366.500000000;25;9567278997;B
20240208;150819;7366.500000000;25;9567278998;B
20240208;150819;7366.500000000;2;9567278999;B
20240208;150819;7366.500000000;20;9567279000;B
20240208;150819;7367.000000000;5;9567279001;B
20240208;150819;7367.000000000;104;9567279002;B
20240208;150819;7367.000000000;27;9567279003;B
20240208;150819;7367.000000000;107;9567279004;S
20240208;150821;7367.000000000;1;9567279107;S
20240208;150821;7368.000000000;42;9567279109;B
20240208;150821;7368.000000000;4;9567279110;B
20240208;150821;7368.000000000;6;9567279111;B
20240208;150821;7368.000000000;90;9567279112;B
20240208;150821;7368.000000000;8;9567279130;S
20240208;150821;7368.000000000;21;9567279131;S
20240208;150823;7367.500000000;1;9567279308;S
20240208;150823;7367.500000000;12;9567279310;S
20240208;150824;7368.000000000;21;9567279356;B
20240208;150824;7368.500000000;2;9567279357;B
20240208;150824;7368.500000000;25;9567279358;B
20240208;150824;7368.500000000;4;9567279359;B
20240208;150824;7369.000000000;8;9567279360;B
20240208;150824;7369.000000000;2;9567279361;B
20240208;150824;7369.000000000;10;9567279362;B
20240208;150824;7369.500000000;10;9567279363;B
20240208;150824;7369.500000000;21;9567279364;B
20240208;150824;7370.000000000;1;9567279365;B
20240208;150824;7370.000000000;2;9567279366;B
20240208;150824;7370.000000000;20;9567279367;B
20240208;150824;7370.000000000;2;9567279368;B
20240208;150824;7370.000000000;28;9567279369;B
20240208;150827;7368.000000000;1;9567279714;S
20240208;150827;7367.500000000;1;9567279715;S
20240208;150827;7367.500000000;4;9567279748;S
20240208;150827;7367.500000000;4;9567279749;S
20240208;150829;7368.000000000;2;9567279930;S
20240208;150829;7367.500000000;3;9567279931;S
20240208;150829;7367.500000000;1;9567279932;S
20240208;150829;7367.000000000;4;9567279933;S
20240208;150831;7367.000000000;2;9567280090;S
20240208;150836;7368.000000000;1;9567280492;B
20240208;150836;7368.000000000;1;9567280493;B
20240208;150838;7368.500000000;5;9567280647;B
20240208;150838;7368.500000000;16;9567280685;B
20240208;150838;7368.500000000;25;9567280686;B
20240208;150838;7368.500000000;1;9567280687;B
20240208;150839;7369.000000000;4;9567280726;B
20240208;150839;7369.500000000;6;9567280727;B
20240208;150839;7369.500000000;1;9567280728;B
20240208;150839;7369.500000000;3;9567280729;B
20240208;150839;7369.500000000;1;9567280759;B
20240208;150839;7369.500000000;21;9567280760;B
20240208;150842;7368.500000000;6;9567281055;S
20240208;150846;7368.500000000;2;9567281381;S
20240208;150847;7369.500000000;1;9567281450;B
20240208;150848;7368.500000000;5;9567281505;S
20240208;150848;7368.500000000;4;9567281506;S
20240208;150849;7368.000000000;1;9567281562;S
20240208;150849;7368.000000000;10;9567281563;S
20240208;150851;7367.000000000;2;9567281754;S
20240208;150852;7367.500000000;1;9567281882;B
20240208;150853;7367.000000000;500;9567281916;S
20240208;150854;7367.500000000;10;9567281983;B
20240208;150854;7368.000000000;1;9567281984;B
20240208;150854;7368.000000000;1;9567281985;B
20240208;150854;7368.000000000;1;9567281986;B
20240208;150854;7368.000000000;16;9567281987;B
20240208;150854;7368.500000000;19;9567281988;B
20240208;150854;7369.500000000;4;9567281989;B
20240208;150854;7369.500000000;1;9567281990;B
20240208;150854;7369.500000000;21;9567281991;B
20240208;150854;7370.000000000;13;9567281992;B
20240208;150854;7370.000000000;4;9567281993;B
20240208;150854;7370.000000000;1;9567281994;B
20240208;150854;7370.000000000;4;9567281995;B
20240208;150854;7370.000000000;15;9567281996;B
20240208;150900;7369.000000000;1;9567282535;B
20240208;150900;7369.500000000;10;9567282536;B
20240208;150900;7369.500000000;5;9567282537;B
20240208;150900;7370.000000000;6;9567282538;B
20240208;150906;7369.000000000;10;9567283079;B
20240208;150906;7369.500000000;2;9567283080;B
20240208;150906;7369.500000000;15;9567283081;B
20240208;150906;7369.500000000;1;9567283082;B
20240208;150906;7370.000000000;21;9567283083;B
20240208;150909;7369.500000000;1;9567283307;B
20240208;150909;7370.000000000;13;9567283308;B
20240208;150910;7369.500000000;1;9567283445;B
20240208;150916;7368.500000000;4;9567283924;S
20240208;150917;7368.000000000;20;9567284002;S
20240208;150917;7368.000000000;80;9567284036;S
20240208;150918;7367.500000000;21;9567284085;B
20240208;150918;7367.500000000;2;9567284086;B
20240208;150918;7368.000000000;7;9567284087;B
20240208;150921;7367.500000000;21;9567284347;B
20240208;150921;7367.500000000;1;9567284348;B
20240208;150921;7365.500000000;7;9567284364;S
20240208;150921;7363.000000000;8;9567284365;S
20240208;150922;7362.500000000;9;9567284429;S
20240208;150923;7367.000000000;1;9567284545;B
20240208;150923;7368.000000000;1;9567284546;B
20240208;150924;7367.500000000;21;9567284595;B
20240208;150924;7368.000000000;12;9567284596;B
20240208;150924;7368.000000000;1;9567284597;B
20240208;150924;7368.000000000;2;9567284598;B
20240208;150925;7368.000000000;1;9567284685;B
20240208;150927;7368.000000000;4;9567284815;B
20240208;150930;7363.500000000;5;9567285092;S
20240208;150936;7367.500000000;1;9567285812;B
20240208;150936;7367.500000000;1;9567285813;B
20240208;150939;7366.500000000;3;9567286001;B
20240208;150942;7368.000000000;1;9567286233;B
20240208;150942;7368.000000000;1;9567286234;B
20240208;150942;7368.000000000;2;9567286235;B
20240208;150942;7368.000000000;18;9567286236;B
20240208;150947;7365.000000000;2;9567286801;B
20240208;150947;7365.000000000;1;9567286802;B
20240208;150952;7365.500000000;1;9567287137;S
20240208;150952;7365.000000000;14;9567287138;S
20240208;150954;7368.000000000;1;9567287276;B
20240208;150954;7368.500000000;7;9567287277;B
20240208;151003;7365.500000000;1;9567288006;B
20240208;151003;7368.000000000;1;9567288007;B
20240208;151003;7368.000000000;4;9567288008;B
20240208;151003;7368.000000000;5;9567288009;B
20240208;151003;7368.500000000;11;9567288010;B
20240208;151008;7365.000000000;1;9567288576;S
20240208;151009;7368.000000000;1;9567288619;B
20240208;151009;7368.500000000;3;9567288620;B
20240208;151017;7366.000000000;21;9567289326;S
20240208;151017;7365.500000000;2;9567289327;S
20240208;151023;7368.500000000;2;9567289768;B
20240208;151023;7368.500000000;22;9567289785;B
20240208;151024;7368.500000000;10;9567289821;B
20240208;151026;7366.000000000;4;9567290017;S
20240208;151026;7366.000000000;1;9567290018;S
20240208;151028;7368.000000000;2;9567290164;B
20240208;151033;7368.000000000;1;9567290583;B
20240208;151033;7368.000000000;1;9567290584;B
20240208;151033;7368.500000000;2;9567290585;B
20240208;151033;7368.500000000;4;9567290586;B
20240208;151033;7369.000000000;4;9567290587;B
20240208;151033;7369.000000000;1;9567290588;B
20240208;151033;7369.000000000;4;9567290589;B
20240208;151033;7369.500000000;4;9567290590;B
20240208;151033;7369.500000000;10;9567290591;B
20240208;151033;7370.000000000;1;9567290592;B
20240208;151033;7370.000000000;18;9567290593;B
20240208;151034;7367.500000000;1;9567290640;S
20240208;151034;7367.500000000;1;9567290709;S
20240208;151036;7370.000000000;5;9567290813;B
20240208;151039;7370.000000000;2;9567291020;B
20240208;151039;7370.000000000;2;9567291021;B
20240208;151039;7370.000000000;7;9567291022;B
20240208;151039;7370.000000000;2;9567291023;B
20240208;151044;7370.000000000;1;9567291482;B
20240208;151044;7370.000000000;1;9567291483;B
20240208;151044;7370.000000000;20;9567291484;B
20240208;151054;7370.000000000;4;9567292181;B
20240208;151105;7369.000000000;20;9567293202;S
20240208;151105;7370.000000000;22;9567293264;B
20240208;151107;7370.000000000;1;9567293434;B
20240208;151108;7369.500000000;20;9567293529;S
20240208;151109;7370.000000000;13;9567293580;B
20240208;151110;7370.000000000;1;9567293686;B
20240208;151111;7369.500000000;20;9567293708;S
20240208;151113;7370.000000000;14;9567293934;B
20240208;151113;7370.000000000;7;9567293935;B
20240208;151113;7370.000000000;1;9567293936;B
20240208;151113;7370.000000000;4;9567293937;B
20240208;151113;7370.000000000;3;9567293938;B
20240208;151113;7370.000000000;4;9567293939;B
20240208;151113;7370.000000000;1;9567293940;B
20240208;151114;7370.500000000;1;9567294043;B
20240208;151114;7371.000000000;1;9567294044;B
20240208;151114;7371.500000000;5;9567294045;B
20240208;151114;7371.500000000;2;9567294046;B
20240208;151114;7372.000000000;1;9567294047;B
20240208;151115;7370.500000000;1;9567294090;S
20240208;151126;7372.000000000;4;9567295132;B
20240208;151126;7372.000000000;15;9567295133;B
20240208;151126;7372.000000000;2;9567295134;B
20240208;151126;7372.500000000;1;9567295135;B
20240208;151140;7372.500000000;4;9567296265;B
20240208;151140;7372.500000000;5;9567296266;B
20240208;151140;7372.500000000;5;9567296267;B
20240208;151140;7372.500000000;3;9567296268;B
20240208;151140;7372.500000000;19;9567296269;B
20240208;151140;7373.000000000;5;9567296270;B
20240208;151140;7373.000000000;1;9567296271;B
20240208;151140;7373.000000000;30;9567296272;B
20240208;151140;7373.000000000;1;9567296273;B
20240208;151140;7373.500000000;25;9567296274;B
20240208;151140;7373.500000000;5;9567296275;B
20240208;151140;7374.000000000;1;9567296276;B
20240208;151140;7374.000000000;3;9567296277;B
20240208;151140;7374.000000000;5;9567296278;B
20240208;151140;7374.000000000;5;9567296279;B
20240208;151140;7374.000000000;1;9567296280;B
20240208;151140;7374.000000000;20;9567296281;B
20240208;151140;7374.500000000;10;9567296282;B
20240208;151140;7374.500000000;3;9567296283;B
20240208;151140;7374.500000000;5;9567296284;B
20240208;151140;7374.500000000;1;9567296285;B
20240208;151141;7374.500000000;20;9567296415;S
20240208;151143;7374.500000000;20;9567296555;S
20240208;151145;7375.000000000;1;9567296814;B
20240208;151147;7375.000000000;22;9567297018;B
20240208;151148;7375.000000000;1;9567297103;B
20240208;151149;7374.500000000;3;9567297155;S
20240208;151149;7372.500000000;4;9567297156;S
20240208;151149;7375.000000000;226;9567297158;B
20240208;151149;7375.000000000;5;9567297159;B
20240208;151149;7375.000000000;6;9567297160;B
20240208;151149;7375.000000000;20;9567297161;B
20240208;151149;7375.000000000;28;9567297162;B
20240208;151149;7375.000000000;5;9567297163;B
20240208;151149;7375.000000000;10;9567297164;B
20240208;151149;7375.000000000;5;9567297165;B
20240208;151149;7375.000000000;3;9567297166;B
20240208;151149;7375.000000000;10;9567297167;B
20240208;151149;7375.500000000;5;9567297168;B
20240208;151149;7375.500000000;1;9567297169;B
20240208;151149;7375.500000000;40;9567297170;B
20240208;151149;7375.500000000;4;9567297171;B
20240208;151151;7375.500000000;20;9567297308;S
20240208;151151;7375.500000000;112;9567297363;S
20240208;151151;7375.000000000;20;9567297364;S
20240208;151151;7375.000000000;2;9567297365;S
20240208;151152;7372.000000000;10;9567297445;S
20240208;151155;7374.000000000;21;9567297672;B
20240208;151155;7374.500000000;16;9567297673;B
20240208;151155;7374.500000000;4;9567297674;B
20240208;151155;7374.500000000;2;9567297700;S
20240208;151200;7374.000000000;5;9567298085;B
20240208;151202;7372.000000000;4;9567298248;S
20240208;151202;7371.500000000;5;9567298249;S
20240208;151205;7374.500000000;1;9567298483;B
20240208;151208;7374.500000000;1;9567298738;B
20240208;151208;7374.500000000;4;9567298739;B
20240208;151208;7374.500000000;17;9567298740;B
20240208;151217;7373.000000000;5;9567299448;S
20240208;151217;7372.500000000;4;9567299449;S
20240208;151217;7372.000000000;18;9567299450;S
20240208;151217;7371.500000000;20;9567299451;S
20240208;151217;7370.500000000;20;9567299452;S
20240208;151217;7370.000000000;16;9567299453;S
20240208;151217;7370.000000000;5;9567299454;S
20240208;151217;7370.000000000;10;9567299455;S
20240208;151217;7369.500000000;9;9567299456;S
20240208;151217;7369.000000000;10;9567299457;S
20240208;151217;7369.000000000;20;9567299458;S
20240208;151217;7369.000000000;13;9567299459;S
20240208;151217;7374.500000000;6;9567299472;B
20240208;151229;7373.500000000;21;9567300432;B
20240208;151229;7374.000000000;1;9567300433;B
20240208;151230;7373.000000000;1;9567300604;B
20240208;151248;7372.500000000;1;9567302139;B
20240208;151248;7373.500000000;1;9567302140;B
20240208;151248;7373.500000000;4;9567302141;B
20240208;151248;7373.500000000;5;9567302142;B
20240208;151248;7374.000000000;21;9567302143;B
20240208;151248;7374.500000000;9;9567302144;B
20240208;151248;7374.500000000;13;9567302145;B
20240208;151248;7374.500000000;20;9567302146;B
20240208;151248;7375.000000000;50;9567302147;B
20240208;151248;7375.500000000;1;9567302148;B
20240208;151248;7376.000000000;5;9567302149;B
20240208;151248;7376.000000000;6;9567302150;B
20240208;151248;7376.000000000;50;9567302151;B
20240208;151248;7376.000000000;10;9567302152;B
20240208;151248;7376.000000000;10;9567302153;B
20240208;151248;7376.000000000;3;9567302154;B
20240208;151248;7376.000000000;2;9567302155;B
20240208;151248;7376.000000000;20;9567302156;B
20240208;151248;7376.500000000;5;9567302157;B
20240208;151248;7376.500000000;8;9567302158;B
20240208;151248;7377.000000000;3;9567302159;B
20240208;151248;7377.000000000;5;9567302160;B
20240208;151248;7377.000000000;1;9567302161;B
20240208;151248;7377.000000000;2;9567302162;B
20240208;151248;7377.000000000;1;9567302163;B
20240208;151248;7377.000000000;65;9567302164;B
20240208;151248;7377.000000000;20;9567302165;B
20240208;151248;7377.500000000;5;9567302166;B
20240208;151248;7377.500000000;70;9567302167;B
20240208;151248;7378.000000000;5;9567302168;B
20240208;151248;7378.000000000;90;9567302169;B
20240208;151248;7378.000000000;89;9567302170;B
20240208;151248;7377.000000000;3;9567302202;B
20240208;151248;7377.500000000;12;9567302203;B
20240208;151248;7378.000000000;7;9567302204;B
20240208;151249;7374.000000000;3;9567302287;S
20240208;151250;7378.000000000;22;9567302351;B
20240208;151250;7374.000000000;10;9567302388;S
20240208;151252;7373.500000000;2;9567302568;S
20240208;151254;7377.000000000;1;9567302681;B
20240208;151254;7377.000000000;4;9567302682;B
20240208;151259;7377.000000000;1;9567303030;B
20240208;151259;7377.000000000;10;9567303031;B
20240208;151259;7377.000000000;3;9567303032;B
20240208;151300;7377.500000000;1;9567303082;B
20240208;151300;7377.000000000;3;9567303113;S
20240208;151300;7375.000000000;2;9567303114;S
20240208;151301;7374.500000000;2;9567303212;S
20240208;151308;7375.000000000;1;9567303728;S
20240208;151311;7376.500000000;1;9567303942;B
20240208;151311;7377.500000000;21;9567303943;B
20240208;151313;7375.500000000;1;9567304161;S
20240208;151314;7377.500000000;28;9567304208;B
20240208;151314;7378.000000000;32;9567304209;B
20240208;151314;7378.000000000;2;9567304210;B
20240208;151314;7378.000000000;1;9567304211;B
20240208;151314;7378.000000000;20;9567304212;B
20240208;151314;7378.000000000;50;9567304213;B
20240208;151314;7378.500000000;5;9567304214;B
20240208;151314;7379.000000000;5;9567304215;B
20240208;151314;7379.000000000;1;9567304216;B
20240208;151314;7379.000000000;1;9567304217;B
20240208;151314;7379.000000000;1;9567304218;B
20240208;151314;7379.500000000;5;9567304219;B
20240208;151314;7379.500000000;27;9567304220;B
20240208;151314;7380.000000000;20;9567304221;B
20240208;151314;7380.000000000;1;9567304222;B
20240208;151314;7380.000000000;3;9567304223;B
20240208;151314;7380.000000000;4;9567304224;B
20240208;151314;7380.000000000;5;9567304225;B
20240208;151314;7380.000000000;1;9567304226;B
20240208;151314;7380.000000000;25;9567304227;B
20240208;151314;7380.000000000;1;9567304228;B
20240208;151314;7380.000000000;1;9567304229;B
20240208;151315;7380.000000000;9;9567304254;B
20240208;151315;7380.000000000;3;9567304255;B
20240208;151315;7380.000000000;7;9567304256;B
20240208;151315;7380.000000000;5;9567304257;B
20240208;151315;7380.000000000;50;9567304258;B
20240208;151315;7380.000000000;2;9567304259;B
20240208;151315;7380.000000000;1;9567304260;B
20240208;151315;7380.000000000;1;9567304270;S
20240208;151317;7380.000000000;3;9567304487;S
20240208;151318;7380.000000000;50;9567304585;S
20240208;151319;7380.500000000;1;9567304655;B
20240208;151319;7380.000000000;50;9567304656;S
20240208;151320;7380.000000000;19;9567304779;S
20240208;151322;7377.000000000;10;9567304939;S
20240208;151325;7376.000000000;2;9567305213;B
20240208;151325;7379.000000000;1;9567305258;B
20240208;151325;7379.000000000;1;9567305259;B
20240208;151325;7379.500000000;21;9567305260;B
20240208;151325;7379.500000000;1;9567305261;B
20240208;151325;7379.500000000;8;9567305262;B
20240208;151325;7380.000000000;31;9567305263;B
20240208;151325;7380.000000000;1;9567305264;B
20240208;151325;7380.000000000;1;9567305265;B
20240208;151325;7380.500000000;4;9567305266;B
20240208;151325;7380.500000000;2;9567305267;B
20240208;151325;7380.500000000;50;9567305268;B
20240208;151325;7380.500000000;10;9567305269;B
20240208;151325;7380.500000000;1;9567305270;B
20240208;151325;7380.500000000;2;9567305271;B
20240208;151325;7381.000000000;8;9567305272;B
20240208;151325;7381.000000000;1;9567305273;B
20240208;151325;7381.000000000;10;9567305274;B
20240208;151325;7381.000000000;1;9567305275;B
20240208;151326;7381.000000000;33;9567305327;S
20240208;151326;7381.000000000;13;9567305362;S
20240208;151328;7376.500000000;3;9567305516;S
20240208;151329;7376.500000000;11;9567305621;S
20240208;151329;7376.000000000;4;9567305622;S
20240208;151332;7379.500000000;21;9567305876;B
20240208;151332;7379.500000000;1;9567305877;B
20240208;151334;7379.500000000;5;9567306212;B
20240208;151334;7379.500000000;21;9567306213;B
20240208;151334;7379.500000000;1;9567306214;B
20240208;151334;7380.000000000;37;9567306215;B
20240208;151334;7380.000000000;1;9567306216;B
20240208;151334;7380.500000000;1;9567306217;B
20240208;151334;7380.500000000;10;9567306218;B
20240208;151334;7380.500000000;1;9567306219;S
20240208;151335;7380.500000000;1;9567306231;S
20240208;151337;7381.000000000;1;9567306455;B
20240208;151337;7381.000000000;50;9567306456;B
20240208;151337;7381.000000000;21;9567306457;B
20240208;151337;7381.500000000;1;9567306458;B
20240208;151337;7381.500000000;10;9567306459;B
20240208;151337;7381.500000000;1;9567306460;B
20240208;151339;7382.000000000;1;9567306651;B
20240208;151339;7382.000000000;10;9567306652;B
20240208;151339;7382.000000000;7;9567306653;B
20240208;151339;7382.000000000;21;9567306654;B
20240208;151339;7382.000000000;1;9567306655;B
20240208;151339;7382.500000000;6;9567306656;B
20240208;151339;7382.500000000;50;9567306657;B
20240208;151339;7382.500000000;1;9567306658;B
20240208;151339;7382.500000000;3;9567306727;S
20240208;151339;7381.500000000;2;9567306728;S
20240208;151343;7377.500000000;1;9567307030;S
20240208;151343;7377.500000000;4;9567307031;S
20240208;151346;7380.500000000;2;9567307314;B
20240208;151350;7380.500000000;1;9567307649;B
20240208;151350;7380.500000000;1;9567307650;B
20240208;151350;7380.500000000;3;9567307651;B
20240208;151350;7381.000000000;1;9567307652;B
20240208;151350;7381.000000000;1;9567307653;B
20240208;151350;7381.000000000;1;9567307654;B
20240208;151350;7381.000000000;21;9567307655;B
20240208;151350;7381.000000000;50;9567307656;B
20240208;151350;7381.500000000;1;9567307657;B
20240208;151350;7381.500000000;4;9567307658;B
20240208;151351;7380.000000000;1;9567307705;B
20240208;151351;7381.000000000;13;9567307706;B
20240208;151351;7381.000000000;3;9567307707;B
20240208;151352;7381.500000000;15;9567307739;B
20240208;151352;7381.500000000;22;9567307784;B
20240208;151354;7381.500000000;3;9567307887;B
20240208;151354;7381.500000000;6;9567307928;B
20240208;151354;7381.500000000;4;9567307929;B
20240208;151355;7382.500000000;1;9567307987;B
20240208;151401;7381.500000000;20;9567308598;S
20240208;151402;7381.000000000;8;9567308746;S
20240208;151402;7381.000000000;40;9567308747;S
20240208;151402;7381.000000000;2;9567308748;S
20240208;151402;7381.500000000;20;9567309013;B
20240208;151402;7381.500000000;45;9567309014;B
20240208;151402;7381.500000000;1;9567309015;B
20240208;151402;7382.000000000;4;9567309016;B
20240208;151403;7381.500000000;1;9567309095;S
20240208;151405;7382.000000000;1;9567309194;B
20240208;151406;7381.500000000;3;9567309305;S
20240208;151409;7381.500000000;11;9567309491;S
20240208;151410;7381.500000000;9;9567309606;B
20240208;151410;7381.500000000;1;9567309607;B
20240208;151412;7381.500000000;19;9567310291;B
20240208;151412;7381.500000000;4;9567310292;B
20240208;151412;7382.000000000;2;9567310293;B
20240208;151413;7381.500000000;20;9567310416;B
20240208;151413;7382.000000000;2;9567310417;B
20240208;151416;7381.000000000;1;9567310679;S
20240208;151416;7381.000000000;1;9567310680;S
20240208;151417;7378.000000000;10;9567311114;S
20240208;151417;7378.000000000;15;9567311115;S
20240208;151421;7377.000000000;5;9567311375;S
20240208;151421;7376.500000000;2;9567311376;S
20240208;151422;7376.500000000;1;9567311444;S
20240208;151422;7376.500000000;1;9567311467;S
20240208;151423;7379.000000000;2;9567311583;B
20240208;151423;7381.000000000;8;9567311584;B
20240208;151426;7378.000000000;1;9567311971;B
20240208;151434;7380.000000000;2;9567312750;S
20240208;151434;7378.500000000;2;9567312751;S
20240208;151434;7378.500000000;4;9567312752;S
20240208;151434;7378.000000000;2;9567312753;B
20240208;151434;7378.000000000;2;9567312754;B
20240208;151434;7381.000000000;2;9567312815;B
20240208;151434;7381.500000000;1;9567312816;B
20240208;151434;7381.500000000;12;9567312817;B
20240208;151434;7381.500000000;1;9567312818;B
20240208;151434;7381.500000000;1;9567312819;B
20240208;151434;7382.000000000;5;9567312820;B
20240208;151439;7377.500000000;15;9567313199;S
20240208;151439;7377.500000000;2;9567313200;S
20240208;151439;7377.500000000;33;9567313201;B
20240208;151452;7380.000000000;1;9567314182;B
20240208;151452;7380.500000000;1;9567314183;B
20240208;151452;7380.500000000;4;9567314184;B
20240208;151452;7381.000000000;15;9567314185;B
20240208;151452;7381.000000000;2;9567314186;B
20240208;151452;7381.000000000;10;9567314187;B
20240208;151452;7381.000000000;1;9567314188;B
20240208;151455;7382.000000000;22;9567314475;B
20240208;151455;7382.000000000;64;9567314486;B
20240208;151455;7382.000000000;27;9567314487;B
20240208;151455;7382.000000000;1;9567314488;B
20240208;151455;7382.000000000;1;9567314489;B
20240208;151455;7382.000000000;6;9567314490;B
20240208;151455;7382.000000000;1;9567314491;B
20240208;151457;7382.000000000;1;9567314627;B
20240208;151457;7382.500000000;1;9567314628;B
20240208;151457;7382.500000000;1;9567314629;B
20240208;151459;7383.000000000;1;9567314826;B
20240208;151459;7382.500000000;15;9567314833;S
20240208;151459;7382.500000000;2;9567314834;B
20240208;151500;7383.000000000;14;9567314895;B
20240208;151500;7383.000000000;1;9567314896;B
20240208;151501;7383.000000000;4;9567314947;B
20240208;151501;7383.000000000;6;9567314948;B
20240208;151502;7383.000000000;1;9567315059;B
20240208;151504;7382.500000000;1;9567315260;S
20240208;151504;7382.500000000;6;9567315305;S
20240208;151504;7382.500000000;4;9567315374;S
20240208;151505;7382.500000000;1;9567315480;S
20240208;151515;7381.500000000;15;9567316344;S
20240208;151515;7381.500000000;5;9567316345;S
20240208;151515;7381.000000000;466;9567316346;S
20240208;151516;7382.000000000;1;9567316441;B
20240208;151516;7382.000000000;15;9567316442;B
20240208;151516;7382.500000000;6;9567316443;B
20240208;151519;7381.000000000;10;9567316681;S
20240208;151520;7381.000000000;40;9567316832;S
20240208;151520;7380.000000000;10;9567316833;S
20240208;151520;7378.000000000;20;9567316836;S
20240208;151520;7377.500000000;1;9567316837;S
20240208;151521;7381.500000000;1;9567316914;B
20240208;151525;7378.000000000;1;9567317316;S
20240208;151525;7377.500000000;2;9567317320;S
20240208;151525;7377.500000000;3;9567317321;S
20240208;151531;7380.500000000;11;9567317716;B
20240208;151531;7381.000000000;2;9567317717;B
20240208;151531;7381.000000000;14;9567317718;B
20240208;151533;7381.000000000;2;9567317967;S
20240208;151534;7381.000000000;10;9567318039;S
20240208;151535;7381.500000000;1;9567318151;B
20240208;151537;7382.000000000;10;9567318344;B
20240208;151537;7382.000000000;1;9567318345;B
20240208;151537;7382.000000000;11;9567318346;B
20240208;151548;7382.000000000;7;9567319451;B
20240208;151548;7382.000000000;14;9567319452;B
20240208;151557;7382.500000000;9;9567320047;B
20240208;151558;7382.500000000;1;9567320173;B
20240208;151558;7382.500000000;1;9567320174;B
20240208;151558;7383.000000000;18;9567320175;B
20240208;151558;7383.000000000;2;9567320176;B
20240208;151607;7382.000000000;279;9567320954;S
20240208;151607;7382.000000000;14;9567320955;S
20240208;151607;7381.000000000;11;9567320956;S
20240208;151610;7380.000000000;3;9567321164;B
20240208;151610;7379.500000000;1;9567321193;S
20240208;151610;7379.500000000;1;9567321202;S
20240208;151612;7380.000000000;5;9567321293;B
20240208;151612;7380.000000000;4;9567321351;B
20240208;151614;7380.000000000;10;9567321440;B
20240208;151614;7379.500000000;2;9567321506;S
20240208;151619;7380.000000000;22;9567321847;B
20240208;151629;7378.000000000;2;9567322739;S
20240208;151630;7379.500000000;1;9567322820;B
20240208;151630;7378.000000000;1;9567322839;S
20240208;151632;7379.500000000;150;9567322993;B
20240208;151632;7379.500000000;5;9567322994;B
20240208;151635;7379.500000000;1;9567323221;S
20240208;151637;7379.500000000;1;9567323396;S
20240208;151639;7379.500000000;6;9567323596;S
20240208;151640;7380.000000000;22;9567323661;B
20240208;151640;7379.500000000;53;9567323718;S
20240208;151641;7379.500000000;2;9567323780;S
20240208;151643;7379.500000000;1;9567323963;S
20240208;151644;7379.500000000;17;9567324003;S
20240208;151645;7379.500000000;1;9567324088;S
20240208;151651;7379.500000000;13;9567324500;S
20240208;151651;7378.500000000;4;9567324501;S
20240208;151657;7378.000000000;1;9567325006;S
20240208;151700;7379.500000000;1;9567325250;B
20240208;151701;7379.500000000;3;9567325331;B
20240208;151701;7379.500000000;1;9567325332;B
20240208;151701;7379.500000000;3;9567325333;B
20240208;151701;7380.000000000;15;9567325334;B
20240208;151715;7379.500000000;1;9567326385;B
20240208;151721;7378.000000000;1;9567326800;S
20240208;151722;7379.500000000;4;9567326990;B
20240208;151722;7379.500000000;7;9567326991;B
20240208;151722;7379.500000000;1;9567326992;B
20240208;151722;7380.000000000;10;9567326993;B
20240208;151722;7378.000000000;1;9567327044;S
20240208;151740;7380.000000000;40;9567329067;B
20240208;151742;7379.000000000;1;9567329296;B
20240208;151742;7380.000000000;21;9567329297;B
20240208;151750;7378.500000000;3;9567329921;S
20240208;151750;7378.500000000;1;9567329922;S
20240208;151755;7378.000000000;3;9567330321;S
20240208;151755;7378.000000000;14;9567330322;S
20240208;151755;7377.500000000;23;9567330323;S
20240208;151755;7377.500000000;20;9567330366;S
20240208;151755;7377.500000000;9;9567330367;B
20240208;151757;7379.500000000;6;9567330519;B
20240208;151803;7379.500000000;3;9567331091;B
20240208;151803;7379.500000000;6;9567331092;B
20240208;151803;7380.000000000;13;9567331093;B
20240208;151806;7378.500000000;5;9567331276;S
20240208;151806;7378.500000000;4;9567331294;S
20240208;151811;7379.500000000;1;9567331701;B
20240208;151817;7379.500000000;1;9567332137;B
20240208;151818;7378.500000000;20;9567332197;S
20240208;151819;7378.500000000;8;9567332344;S
20240208;151820;7378.000000000;5;9567332434;S
20240208;151820;7378.000000000;2;9567332435;S
20240208;151821;7377.500000000;3;9567332555;S
20240208;151823;7377.500000000;1;9567332636;S
20240208;151824;7378.000000000;22;9567332749;B
20240208;151826;7378.000000000;2;9567332862;B
20240208;151831;7377.500000000;2;9567333254;S
20240208;151834;7377.500000000;1;9567333445;S
20240208;151834;7377.500000000;3;9567333446;S
20240208;151839;7377.000000000;3;9567333950;S
20240208;151839;7377.000000000;2;9567333951;S
20240208;151840;7377.000000000;1;9567334013;S
20240208;151840;7376.000000000;2;9567334014;S
20240208;151844;7377.000000000;1;9567334412;B
20240208;151844;7377.500000000;19;9567334413;B
20240208;151845;7377.500000000;1;9567334474;B
20240208;151845;7377.500000000;9;9567334475;B
20240208;151845;7378.000000000;12;9567334476;B
20240208;151901;7378.000000000;1;9567336272;B
20240208;151904;7378.000000000;56;9567336556;B
20240208;151904;7378.000000000;1;9567336557;B
20240208;151904;7378.000000000;2;9567336558;B
20240208;151904;7378.000000000;30;9567336559;B
20240208;151904;7378.500000000;2;9567336560;B
20240208;151904;7378.500000000;2;9567336561;B
20240208;151904;7379.000000000;3;9567336562;B
20240208;151904;7379.000000000;1;9567336563;B
20240208;151904;7379.500000000;5;9567336564;B
20240208;151904;7380.000000000;31;9567336565;B
20240208;151904;7380.000000000;3;9567336566;B
20240208;151904;7380.000000000;28;9567336567;B
20240208;151904;7380.000000000;10;9567336568;B
20240208;151904;7380.000000000;1;9567336569;B
20240208;151904;7380.000000000;1;9567336570;B
20240208;151904;7380.000000000;18;9567336571;B
20240208;151904;7380.500000000;20;9567336572;B
20240208;151904;7380.500000000;20;9567336573;B
20240208;151904;7381.000000000;23;9567336574;B
20240208;151904;7381.000000000;1;9567336575;B
20240208;151904;7381.000000000;2;9567336576;B
20240208;151904;7381.500000000;1;9567336577;B
20240208;151904;7381.500000000;40;9567336578;B
20240208;151904;7382.000000000;100;9567336579;B
20240208;151904;7382.000000000;1;9567336580;B
20240208;151904;7382.500000000;20;9567336581;B
20240208;151904;7383.000000000;1;9567336582;B
20240208;151904;7383.000000000;1;9567336583;B
20240208;151904;7383.000000000;1;9567336584;B
20240208;151904;7383.500000000;23;9567336585;B
20240208;151904;7383.500000000;1;9567336586;B
20240208;151904;7383.500000000;1;9567336587;B
20240208;151904;7383.500000000;10;9567336588;B
20240208;151904;7383.500000000;27;9567336589;B
20240208;151904;7384.000000000;1;9567336590;B
20240208;151904;7384.000000000;10;9567336591;B
20240208;151904;7384.000000000;1;9567336592;B
20240208;151904;7384.000000000;40;9567336593;B
20240208;151904;7384.000000000;1;9567336594;B
20240208;151904;7384.500000000;20;9567336595;B
20240208;151904;7385.000000000;3;9567336596;B
20240208;151904;7385.000000000;1;9567336597;B
20240208;151904;7385.000000000;2;9567336598;B
20240208;151904;7385.000000000;5;9567336599;B
20240208;151904;7385.000000000;1;9567336600;B
20240208;151904;7385.000000000;3;9567336601;B
20240208;151904;7385.000000000;1;9567336602;B
20240208;151904;7385.000000000;1;9567336603;B
20240208;151904;7385.000000000;1;9567336604;B
20240208;151904;7385.000000000;1;9567336605;B
20240208;151904;7385.000000000;5;9567336606;B
20240208;151904;7385.000000000;3;9567336607;B
20240208;151904;7385.000000000;2;9567336608;B
20240208;151904;7385.000000000;4;9567336609;B
20240208;151904;7385.500000000;40;9567336610;B
20240208;151904;7386.000000000;1;9567336611;B
20240208;151904;7386.000000000;1;9567336612;B
20240208;151904;7386.000000000;20;9567336613;B
20240208;151904;7386.000000000;10;9567336614;B
20240208;151904;7386.000000000;2;9567336615;B
20240208;151904;7386.000000000;1;9567336616;B
20240208;151904;7386.000000000;1;9567336617;B
20240208;151904;7386.000000000;10;9567336618;B
20240208;151904;7386.000000000;14;9567336619;B
20240208;151904;7386.000000000;1;9567336620;B
20240208;151904;7386.000000000;1;9567336621;B
20240208;151904;7386.000000000;2;9567336622;B
20240208;151904;7386.000000000;10;9567336623;B
20240208;151904;7386.500000000;293;9567336624;B
20240208;151904;7385.500000000;3;9567336653;B
20240208;151904;7386.000000000;11;9567336654;B
20240208;151904;7386.000000000;4;9567336656;B
20240208;151904;7386.000000000;2;9567336657;B
20240208;151904;7386.000000000;23;9567336658;B
20240208;151905;7382.500000000;10;9567336740;S
20240208;151906;7385.000000000;2;9567336817;B
20240208;151906;7385.000000000;3;9567336818;B
20240208;151906;7385.000000000;1;9567336819;B
20240208;151906;7386.000000000;4;9567336820;B
20240208;151906;7386.500000000;12;9567336821;B
20240208;151909;7381.000000000;3;9567337111;S
20240208;151910;7381.000000000;20;9567337182;S
20240208;151911;7381.000000000;1;9567337288;S
20240208;151912;7385.000000000;1;9567337353;B
20240208;151912;7385.000000000;11;9567337354;B
20240208;151912;7385.000000000;6;9567337355;B
20240208;151912;7385.500000000;20;9567337356;B
20240208;151912;7385.500000000;20;9567337357;B
20240208;151912;7386.000000000;1;9567337358;B
20240208;151912;7386.000000000;1;9567337359;B
20240208;151912;7386.500000000;40;9567337360;B
20240208;151917;7381.000000000;1;9567337731;S
20240208;151917;7380.500000000;16;9567337732;S
20240208;151917;7380.500000000;14;9567337733;S
20240208;151917;7380.000000000;76;9567337734;S
20240208;151917;7379.500000000;3;9567337735;S
20240208;151917;7379.500000000;20;9567337736;S
20240208;151917;7379.500000000;20;9567337737;S
20240208;151917;7383.000000000;2;9567337786;B
20240208;151917;7384.000000000;15;9567337787;B
20240208;151925;7381.000000000;4;9567338447;B
20240208;151926;7380.500000000;16;9567338471;S
20240208;151926;7380.000000000;2;9567338472;S
20240208;151927;7383.000000000;1;9567338566;B
20240208;151927;7383.000000000;1;9567338567;B
20240208;151927;7383.500000000;16;9567338568;B
20240208;151927;7383.500000000;4;9567338569;B
20240208;151937;7383.000000000;2;9567339400;S
20240208;151938;7383.000000000;1;9567339547;S
20240208;151941;7383.500000000;2;9567339752;B
20240208;151941;7384.000000000;1;9567339753;B
20240208;151946;7381.000000000;2;9567340210;S
20240208;151946;7380.500000000;1;9567340211;S
20240208;151946;7380.000000000;5;9567340212;S
20240208;151946;7380.000000000;1;9567340213;S
20240208;151946;7380.000000000;7;9567340214;S
20240208;151948;7383.000000000;1;9567340390;B
20240208;151948;7383.500000000;1;9567340391;B
20240208;151948;7383.500000000;2;9567340392;B
20240208;151948;7384.000000000;5;9567340393;B
20240208;151948;7384.000000000;1;9567340394;B
20240208;151948;7384.000000000;6;9567340395;B
20240208;151948;7384.500000000;6;9567340396;B
20240208;151958;7384.000000000;2;9567341108;B
20240208;151958;7384.000000000;1;9567341109;B
20240208;151958;7384.500000000;5;9567341110;B
20240208;152000;7384.000000000;1;9567341331;B
20240208;152002;7381.500000000;1;9567341590;S
20240208;152003;7384.000000000;1;9567341630;B
20240208;152003;7384.000000000;1;9567341631;B
20240208;152003;7384.500000000;7;9567341632;B
20240208;152004;7384.000000000;1;9567341770;B
20240208;152005;7384.500000000;2;9567341852;B
20240208;152009;7384.000000000;2;9567342160;B
20240208;152009;7384.000000000;1;9567342161;B
20240208;152009;7384.500000000;9;9567342162;B
20240208;152009;7384.500000000;2;9567342163;B
20240208;152009;7384.500000000;8;9567342164;B
20240208;152009;7385.000000000;1;9567342198;B
20240208;152012;7381.500000000;1;9567342430;S
20240208;152019;7384.000000000;1;9567342981;B
20240208;152022;7381.000000000;1;9567343273;S
20240208;152025;7383.500000000;1;9567343501;B
20240208;152025;7384.000000000;1;9567343502;B
20240208;152025;7384.500000000;1;9567343503;B
20240208;152025;7384.500000000;15;9567343504;B
20240208;152025;7384.500000000;1;9567343505;B
20240208;152025;7385.000000000;1;9567343506;B
20240208;152026;7381.500000000;1;9567343562;S
20240208;152030;7383.000000000;1;9567343893;B
20240208;152030;7383.500000000;1;9567343894;B
20240208;152030;7384.500000000;15;9567343895;B
20240208;152030;7384.500000000;1;9567343896;B
20240208;152030;7385.000000000;1;9567343897;B
20240208;152030;7385.000000000;3;9567343898;B
20240208;152033;7385.000000000;1;9567344116;B
20240208;152035;7383.000000000;1;9567344280;S
20240208;152040;7384.500000000;6;9567344671;B
20240208;152040;7385.000000000;14;9567344672;B
20240208;152043;7385.000000000;2;9567344898;B
20240208;152043;7385.000000000;1;9567344903;B
20240208;152046;7383.500000000;1;9567345169;S
20240208;152051;7384.500000000;1;9567345519;B
20240208;152051;7385.000000000;1;9567345520;B
20240208;152051;7385.000000000;2;9567345521;B
20240208;152051;7385.000000000;1;9567345522;B
20240208;152051;7385.000000000;7;9567345523;B
20240208;152051;7385.000000000;1;9567345524;B
20240208;152051;7385.500000000;9;9567345525;B
20240208;152054;7384.500000000;1;9567345822;B
20240208;152055;7383.500000000;1;9567345885;S
20240208;152055;7383.000000000;1;9567345886;S
20240208;152055;7383.000000000;1;9567345887;S
20240208;152055;7383.000000000;2;9567345888;S
20240208;152102;7385.000000000;1;9567346500;B
20240208;152103;7385.000000000;1;9567346583;B
20240208;152112;7385.000000000;1;9567347311;B
20240208;152112;7385.000000000;1;9567347312;B
20240208;152112;7385.000000000;4;9567347313;B
20240208;152112;7385.500000000;16;9567347314;B
20240208;152115;7383.500000000;1;9567347618;S
20240208;152115;7383.000000000;3;9567347619;S
20240208;152125;7383.500000000;2;9567348667;S
20240208;152125;7383.000000000;5;9567348668;S
20240208;152125;7383.000000000;5;9567348669;S
20240208;152125;7383.000000000;5;9567348670;S
20240208;152125;7383.000000000;2;9567348671;S
20240208;152125;7382.500000000;1;9567348672;S
20240208;152132;7384.000000000;5;9567349270;B
20240208;152132;7384.000000000;14;9567349271;B
20240208;152132;7384.000000000;1;9567349272;B
20240208;152132;7384.500000000;1;9567349273;B
20240208;152132;7384.500000000;1;9567349274;B
20240208;152133;7384.500000000;5;9567349292;B
20240208;152134;7380.500000000;2;9567349408;S
20240208;152134;7380.500000000;2;9567349409;S
20240208;152134;7380.000000000;2;9567349410;S
20240208;152134;7380.000000000;14;9567349411;B
20240208;152142;7381.000000000;1;9567350103;S
20240208;152142;7380.500000000;1;9567350104;S
20240208;152150;7380.000000000;1;9567350770;S
20240208;152153;7381.000000000;7;9567351003;B
20240208;152153;7383.000000000;1;9567351004;B
20240208;152153;7383.000000000;2;9567351005;B
20240208;152153;7383.000000000;7;9567351006;B
20240208;152153;7383.500000000;2;9567351007;B
20240208;152153;7383.500000000;3;9567351008;B
20240208;152154;7380.000000000;9;9567351117;S
20240208;152154;7380.000000000;3;9567351118;S
20240208;152156;7380.500000000;1;9567351281;S
20240208;152158;7383.000000000;1;9567351445;B
20240208;152158;7383.000000000;4;9567351446;B
20240208;152207;7383.000000000;1;9567352125;S
20240208;152210;7383.500000000;1;9567352323;B
20240208;152211;7381.000000000;1;9567352403;S
20240208;152212;7383.000000000;1;9567352470;B
20240208;152212;7383.500000000;9;9567352471;B
20240208;152212;7383.500000000;1;9567352472;B
20240208;152212;7384.000000000;1;9567352473;B
20240208;152212;7384.500000000;1;9567352474;B
20240208;152212;7384.500000000;7;9567352475;B
20240208;152213;7381.000000000;2;9567352540;S
20240208;152214;7381.500000000;1;9567352579;S
20240208;152214;7381.500000000;9;9567352580;S
20240208;152214;7384.000000000;2;9567352627;B
20240208;152214;7384.000000000;1;9567352628;B
20240208;152214;7384.500000000;3;9567352629;B
20240208;152214;7384.500000000;9;9567352630;B
20240208;152214;7385.000000000;1;9567352631;B
20240208;152214;7385.000000000;6;9567352632;B
20240208;152217;7381.500000000;1;9567352891;S
20240208;152218;7380.000000000;2;9567352985;S
20240208;152225;7380.000000000;1;9567353582;S
20240208;152225;7380.000000000;1;9567353583;S
20240208;152225;7378.000000000;2;9567353588;S
20240208;152225;7378.000000000;12;9567353589;S
20240208;152225;7378.000000000;6;9567353590;S
20240208;152230;7378.000000000;1;9567353929;S
20240208;152230;7378.000000000;4;9567353930;S
20240208;152230;7377.500000000;12;9567353931;S
20240208;152230;7377.000000000;5;9567353932;S
20240208;152230;7377.000000000;1;9567353933;S
20240208;152230;7377.000000000;14;9567353934;S
20240208;152230;7376.500000000;5;9567353935;S
20240208;152230;7376.500000000;1;9567353936;S
20240208;152230;7376.500000000;58;9567353937;S
20240208;152230;7376.000000000;78;9567353938;S
20240208;152233;7379.500000000;1;9567354252;B
20240208;152233;7380.000000000;4;9567354253;B
20240208;152233;7380.500000000;8;9567354254;B
20240208;152235;7380.500000000;1;9567354455;B
20240208;152235;7380.500000000;7;9567354456;B
20240208;152235;7380.500000000;2;9567354457;B
20240208;152235;7381.000000000;12;9567354458;B
20240208;152237;7378.500000000;2;9567354577;S
20240208;152239;7379.000000000;5;9567354828;S
20240208;152256;7381.000000000;1;9567356060;B
20240208;152256;7381.000000000;1;9567356061;B
20240208;152256;7381.000000000;5;9567356062;B
20240208;152256;7381.000000000;1;9567356063;B
20240208;152256;7381.000000000;3;9567356064;B
20240208;152256;7381.000000000;1;9567356065;B
20240208;152256;7381.500000000;9;9567356066;B
20240208;152256;7381.500000000;1;9567356067;B
20240208;152317;7381.500000000;2;9567357975;B
20240208;152317;7381.500000000;1;9567357976;B
20240208;152317;7381.500000000;1;9567357977;B
20240208;152317;7382.000000000;3;9567357978;B
20240208;152317;7382.000000000;11;9567357979;B
20240208;152317;7382.000000000;4;9567357980;B
20240208;152318;7381.000000000;1;9567358056;B
20240208;152318;7381.000000000;1;9567358057;B
20240208;152318;7382.000000000;1;9567358058;B
20240208;152331;7382.000000000;1;9567359130;B
20240208;152332;7382.000000000;1;9567359167;B
20240208;152336;7381.000000000;1;9567359502;S
20240208;152338;7381.000000000;1;9567359658;B
20240208;152338;7382.000000000;8;9567359659;B
20240208;152338;7382.000000000;1;9567359660;B
20240208;152338;7382.000000000;11;9567359661;B
20240208;152338;7382.500000000;1;9567359662;B
20240208;152338;7382.500000000;1;9567359697;B
20240208;152338;7382.500000000;1;9567359698;B
20240208;152339;7382.500000000;1;9567359740;B
20240208;152344;7382.000000000;1;9567360187;S
20240208;152344;7382.000000000;4;9567360188;S
20240208;152353;7382.500000000;3;9567360842;B
20240208;152358;7382.000000000;6;9567361336;S
20240208;152359;7382.500000000;11;9567361432;B
20240208;152359;7382.500000000;2;9567361433;B
20240208;152359;7383.000000000;9;9567361434;B
20240208;152359;7383.000000000;17;9567361478;B
20240208;152401;7382.500000000;1;9567361694;B
20240208;152401;7382.000000000;2;9567361695;S
20240208;152402;7382.000000000;2;9567361761;S
20240208;152404;7382.000000000;5;9567361955;S
20240208;152404;7380.000000000;1;9567361956;S
20240208;152404;7379.000000000;5;9567361957;S
20240208;152404;7379.000000000;2;9567361958;S
20240208;152404;7378.500000000;16;9567361959;S
20240208;152404;7378.500000000;1;9567361960;S
20240208;152420;7381.500000000;16;9567363291;B
20240208;152420;7381.500000000;6;9567363292;B
20240208;152423;7381.500000000;6;9567363597;B
20240208;152441;7381.500000000;1;9567364986;B
20240208;152441;7381.500000000;1;9567364987;B
20240208;152441;7381.500000000;8;9567364988;B
20240208;152441;7382.000000000;12;9567364989;B
20240208;152441;7379.500000000;2;9567364990;S
20240208;152441;7380.000000000;2;9567364991;S
20240208;152441;7380.000000000;2;9567364992;S
20240208;152441;7380.000000000;1;9567364993;S
20240208;152441;7380.000000000;1;9567364994;S
20240208;152443;7380.000000000;1;9567365207;S
20240208;152456;7381.000000000;7;9567366313;B
20240208;152501;7381.000000000;1;9567366691;S
20240208;152502;7381.500000000;1;9567366721;B
20240208;152502;7382.000000000;1;9567366722;B
20240208;152502;7382.000000000;1;9567366723;B
20240208;152502;7382.000000000;1;9567366724;B
20240208;152502;7382.000000000;10;9567366725;B
20240208;152502;7382.500000000;6;9567366726;B
20240208;152502;7382.500000000;2;9567366727;B
20240208;152517;7381.000000000;10;9567367954;S
20240208;152522;7382.000000000;20;9567368400;B
20240208;152522;7382.000000000;1;9567368401;B
20240208;152522;7382.000000000;1;9567368402;B
20240208;152540;7381.000000000;1;9567369873;S
20240208;152543;7381.500000000;1;9567370212;B
20240208;152543;7382.000000000;20;9567370213;B
20240208;152543;7382.000000000;1;9567370214;B
20240208;152547;7382.000000000;4;9567370505;B
20240208;152552;7381.000000000;1;9567370844;S
20240208;152553;7382.000000000;4;9567370972;B
20240208;152600;7382.000000000;6;9567371645;B
20240208;152600;7382.000000000;1;9567371660;B
20240208;152604;7382.000000000;15;9567372033;S
20240208;152604;7382.500000000;22;9567372037;B
20240208;152607;7382.000000000;1;9567372265;S
20240208;152607;7382.000000000;10;9567372268;S
20240208;152608;7382.500000000;1;9567372370;B
20240208;152613;7382.000000000;3;9567372731;S
20240208;152621;7381.000000000;1;9567373464;S
20240208;152625;7381.000000000;1;9567373816;S
20240208;152625;7382.000000000;7;9567373826;B
20240208;152625;7382.000000000;10;9567373827;B
20240208;152625;7382.000000000;5;9567373828;B
20240208;152627;7382.000000000;9;9567373959;B
20240208;152629;7382.000000000;1;9567374205;S
20240208;152630;7382.000000000;1;9567374232;S
20240208;152646;7381.000000000;2;9567375653;B
20240208;152646;7381.000000000;4;9567375654;B
20240208;152646;7382.000000000;1;9567375655;B
20240208;152646;7382.000000000;11;9567375656;B
20240208;152646;7382.500000000;4;9567375657;B
20240208;152650;7382.000000000;2;9567376002;S
20240208;152654;7382.000000000;1;9567376380;S
20240208;152656;7382.500000000;25;9567376505;B
20240208;152659;7382.000000000;4;9567376740;S
20240208;152707;7381.500000000;5;9567377305;B
20240208;152707;7382.000000000;11;9567377306;B
20240208;152707;7382.000000000;4;9567377307;B
20240208;152707;7382.000000000;2;9567377308;B
20240208;152708;7380.500000000;10;9567377369;S
20240208;152708;7380.000000000;15;9567377370;S
20240208;152708;7380.000000000;2;9567377371;S
20240208;152708;7379.500000000;1;9567377372;S
20240208;152708;7379.500000000;21;9567377373;S
20240208;152708;7379.000000000;1;9567377374;S
20240208;152708;7379.000000000;1;9567377375;S
20240208;152708;7378.500000000;4;9567377534;S
20240208;152708;7378.500000000;5;9567377586;S
20240208;152728;7379.000000000;11;9567379548;B
20240208;152728;7379.000000000;11;9567379549;B
20240208;152732;7379.000000000;2;9567379970;B
20240208;152732;7379.000000000;1;9567379971;B
20240208;152732;7379.000000000;1;9567379972;B
20240208;152732;7379.000000000;1;9567379973;B
20240208;152732;7379.000000000;2;9567379974;B
20240208;152739;7378.500000000;2;9567380679;S
20240208;152743;7379.000000000;2;9567381024;B
20240208;152747;7378.500000000;2;9567381454;S
20240208;152748;7379.000000000;6;9567381597;B
20240208;152748;7379.000000000;1;9567381598;B
20240208;152748;7379.500000000;10;9567381599;B
20240208;152748;7380.000000000;7;9567381600;B
20240208;152748;7380.500000000;21;9567381601;B
20240208;152748;7381.000000000;4;9567381602;B
20240208;152748;7381.000000000;41;9567381603;B
20240208;152748;7381.000000000;10;9567381604;B
20240208;152749;7382.000000000;9;9567381820;B
20240208;152749;7382.000000000;1;9567381821;B
20240208;152749;7382.000000000;12;9567381822;B
20240208;152749;7379.500000000;2;9567381825;S
20240208;152749;7379.500000000;2;9567381826;S
20240208;152749;7379.500000000;1;9567381827;B
20240208;152804;7379.500000000;1;9567383219;S
20240208;152807;7380.500000000;1;9567383469;B
20240208;152810;7380.500000000;1;9567383722;B
20240208;152810;7381.500000000;1;9567383723;B
20240208;152810;7382.000000000;10;9567383724;B
20240208;152810;7382.000000000;10;9567383725;B
20240208;152811;7382.000000000;19;9567383843;B
20240208;152811;7382.000000000;1;9567383844;B
20240208;152811;7382.500000000;71;9567383845;B
20240208;152811;7382.500000000;1;9567383846;B
20240208;152811;7382.500000000;90;9567383847;B
20240208;152811;7382.500000000;2;9567383848;B
20240208;152811;7382.500000000;1;9567383849;B
20240208;152811;7382.500000000;10;9567383850;B
20240208;152811;7383.000000000;305;9567383851;B
20240208;152811;7381.500000000;2;9567383852;S
20240208;152817;7381.000000000;5;9567384321;S
20240208;152821;7383.000000000;6;9567384673;B
20240208;152827;7382.500000000;1;9567385269;B
20240208;152827;7382.500000000;9;9567385270;B
20240208;152829;7381.000000000;11;9567385498;S
20240208;152829;7380.000000000;14;9567385499;S
20240208;152829;7379.500000000;1;9567385500;S
20240208;152829;7379.500000000;21;9567385501;S
20240208;152829;7379.000000000;20;9567385502;S
20240208;152829;7379.000000000;50;9567385503;S
20240208;152829;7378.500000000;4;9567385504;S
20240208;152829;7378.500000000;20;9567385505;S
20240208;152829;7378.500000000;16;9567385506;S
20240208;152829;7378.000000000;2;9567385507;S
20240208;152829;7378.000000000;3;9567385508;S
20240208;152829;7378.000000000;14;9567385509;S
20240208;152829;7377.500000000;5;9567385510;S
20240208;152829;7377.000000000;10;9567385511;S
20240208;152829;7377.000000000;2;9567385512;S
20240208;152829;7377.000000000;20;9567385513;S
20240208;152829;7376.500000000;2;9567385514;S
20240208;152829;7376.500000000;5;9567385515;S
20240208;152829;7376.500000000;20;9567385516;S
20240208;152829;7376.500000000;8;9567385517;S
20240208;152829;7376.000000000;150;9567385518;S
20240208;152829;7376.000000000;3;9567385519;S
20240208;152829;7376.000000000;2;9567385520;S
20240208;152829;7376.000000000;1;9567385521;S
20240208;152829;7376.000000000;4;9567385522;S
20240208;152829;7375.000000000;2;9567385523;S
20240208;152829;7375.000000000;20;9567385524;S
20240208;152829;7375.000000000;27;9567385525;S
20240208;152829;7374.500000000;10;9567385526;S
20240208;152829;7374.000000000;10;9567385527;S
20240208;152829;7374.000000000;1;9567385528;S
20240208;152829;7373.000000000;20;9567385529;S
20240208;152829;7372.000000000;10;9567385530;S
20240208;152829;7371.500000000;10;9567385531;S
20240208;152829;7371.000000000;25;9567385532;S
20240208;152829;7371.000000000;1;9567385533;S
20240208;152829;7371.000000000;20;9567385534;S
20240208;152829;7370.500000000;40;9567385535;S
20240208;152829;7370.000000000;5;9567385536;S
20240208;152829;7370.000000000;2;9567385537;S
20240208;152829;7370.000000000;1;9567385538;S
20240208;152829;7370.000000000;1;9567385539;S
20240208;152829;7369.500000000;140;9567385540;S
20240208;152829;7369.000000000;1;9567385541;S
20240208;152829;7369.000000000;20;9567385542;S
20240208;152829;7368.500000000;104;9567385543;S
20240208;152829;7368.500000000;1;9567385544;S
20240208;152829;7368.500000000;10;9567385545;S
20240208;152829;7368.500000000;20;9567385546;S
20240208;152829;7368.000000000;200;9567385547;S
20240208;152829;7368.000000000;3;9567385548;S
20240208;152829;7367.000000000;44;9567385549;S
20240208;152829;7367.000000000;40;9567385550;S
20240208;152829;7367.000000000;20;9567385551;S
20240208;152829;7365.500000000;8;9567385552;S
20240208;152829;7365.500000000;8;9567385553;S
20240208;152829;7365.500000000;40;9567385554;S
20240208;152829;7365.000000000;9;9567385555;S
20240208;152829;7364.500000000;5;9567385556;S
20240208;152829;7364.000000000;10;9567385557;S
20240208;152829;7364.000000000;1;9567385558;S
20240208;152829;7364.000000000;2;9567385559;S
20240208;152829;7364.000000000;3;9567385560;S
20240208;152829;7363.500000000;5;9567385561;S
20240208;152829;7363.500000000;72;9567385562;S
20240208;152829;7364.000000000;1;9567385564;S
20240208;152829;7367.000000000;2;9567385566;S
20240208;152829;7367.000000000;1;9567385567;S
20240208;152829;7367.000000000;1;9567385568;S
20240208;152829;7369.500000000;1;9567385570;B
20240208;152829;7367.500000000;8;9567385574;S
20240208;152829;7367.500000000;13;9567385575;S
20240208;152829;7365.500000000;27;9567385576;S
20240208;152829;7366.000000000;30;9567385577;S
20240208;152829;7366.500000000;6;9567385578;S
20240208;152831;7372.000000000;20;9567385683;B
20240208;152831;7373.000000000;2;9567385684;B
20240208;152835;7372.500000000;8;9567386096;B
20240208;152839;7373.500000000;1;9567386416;S
20240208;152841;7374.000000000;1;9567386555;B
20240208;152841;7375.500000000;1;9567386556;B
20240208;152846;7373.500000000;1;9567387035;S
20240208;152851;7375.500000000;7;9567387443;B
20240208;152851;7375.500000000;1;9567387444;B
20240208;152851;7376.500000000;10;9567387445;B
20240208;152851;7376.500000000;4;9567387446;B
20240208;152856;7374.500000000;1;9567387791;S
20240208;152900;7374.000000000;1;9567388138;S
20240208;152900;7373.500000000;1;9567388139;S
20240208;152900;7373.500000000;1;9567388140;S
20240208;152900;7373.500000000;1;9567388141;S
20240208;152900;7373.500000000;1;9567388142;S
20240208;152901;7375.500000000;1;9567388335;B
20240208;152901;7375.500000000;1;9567388336;B
20240208;152901;7376.000000000;1;9567388337;B
20240208;152901;7376.500000000;4;9567388338;B
20240208;152901;7376.500000000;3;9567388339;B
20240208;152912;7375.000000000;15;9567389406;B
20240208;152912;7375.500000000;7;9567389407;B
20240208;152914;7374.500000000;1;9567389536;S
20240208;152914;7374.500000000;21;9567389537;S
20240208;152914;7374.000000000;2;9567389538;S
20240208;152914;7374.000000000;6;9567389539;S
20240208;152924;7376.500000000;1;9567390369;B
20240208;152927;7376.500000000;1;9567390669;B
20240208;152933;7377.000000000;1;9567391222;B
20240208;152933;7377.000000000;9;9567391223;B
20240208;152933;7377.500000000;12;9567391224;B
20240208;152935;7375.000000000;1;9567391313;S
20240208;152935;7374.500000000;2;9567391314;S
20240208;152935;7374.500000000;21;9567391315;S
20240208;152935;7374.500000000;4;9567391316;S
20240208;152935;7374.500000000;20;9567391317;S
20240208;152935;7374.000000000;14;9567391318;S
20240208;152935;7374.000000000;9;9567391319;S
20240208;152935;7374.000000000;2;9567391320;S
20240208;152935;7373.000000000;6;9567391321;S
20240208;152935;7373.000000000;7;9567391322;S
20240208;152935;7372.500000000;2;9567391323;S
20240208;152935;7372.000000000;2;9567391324;S
20240208;152935;7372.000000000;1;9567391325;S
20240208;152935;7371.000000000;44;9567391326;S
20240208;152938;7375.000000000;1;9567391558;S
20240208;152953;7375.500000000;1;9567392833;B
20240208;152954;7375.500000000;2;9567392942;B
20240208;152954;7376.000000000;1;9567392943;B
20240208;152954;7376.000000000;9;9567392944;B
20240208;152954;7376.500000000;2;9567392945;B
20240208;152954;7376.500000000;4;9567392946;B
20240208;152954;7377.000000000;4;9567392947;B
20240208;152957;7375.500000000;2;9567393207;S
20240208;153008;7377.500000000;1;9567394041;B
20240208;153010;7375.500000000;3;9567394144;S
20240208;153015;7377.500000000;22;9567394590;B
20240208;153022;7377.500000000;1;9567395115;B
20240208;153029;7375.500000000;1;9567395652;S
20240208;153029;7375.500000000;1;9567395653;S
20240208;153036;7375.500000000;1;9567396269;S
20240208;153036;7375.500000000;8;9567396270;S
20240208;153036;7375.500000000;10;9567396271;S
20240208;153036;7375.500000000;1;9567396272;S
20240208;153036;7377.000000000;1;9567396284;B
20240208;153036;7377.500000000;5;9567396285;B
20240208;153036;7377.500000000;8;9567396286;B
20240208;153036;7377.500000000;1;9567396287;B
20240208;153036;7377.500000000;1;9567396288;B
20240208;153036;7378.000000000;6;9567396289;B
20240208;153057;7376.500000000;1;9567397680;B
20240208;153057;7377.000000000;1;9567397681;B
20240208;153057;7377.000000000;8;9567397682;B
20240208;153057;7377.500000000;1;9567397683;B
20240208;153057;7377.500000000;11;9567397684;B
20240208;153110;7375.500000000;1;9567398572;S
20240208;153110;7375.500000000;8;9567398573;S
20240208;153110;7375.500000000;1;9567398574;S
20240208;153110;7375.500000000;1;9567398575;S
20240208;153110;7375.000000000;4;9567398576;S
20240208;153110;7375.000000000;14;9567398577;S
20240208;153118;7376.500000000;1;9567399341;B
20240208;153118;7377.000000000;4;9567399342;B
20240208;153118;7377.000000000;6;9567399343;B
20240208;153118;7377.000000000;2;9567399344;B
20240208;153118;7377.500000000;9;9567399345;B
20240208;153124;7374.500000000;1;9567399845;S
20240208;153126;7377.000000000;3;9567400017;B
20240208;153139;7377.500000000;7;9567401019;B
20240208;153139;7377.500000000;1;9567401020;B
20240208;153139;7377.500000000;1;9567401021;B
20240208;153139;7377.500000000;1;9567401022;B
20240208;153139;7378.000000000;4;9567401023;B
20240208;153139;7378.000000000;8;9567401024;B
20240208;153146;7377.000000000;1;9567401542;S
20240208;153146;7377.000000000;1;9567401543;S
20240208;153200;7377.500000000;3;9567402662;B
20240208;153200;7378.000000000;5;9567402663;B
20240208;153200;7378.000000000;8;9567402664;B
20240208;153200;7378.000000000;6;9567402665;B
20240208;153203;7375.500000000;1;9567402909;S
20240208;153209;7378.000000000;1;9567403434;B
20240208;153221;7378.000000000;20;9567404410;B
20240208;153221;7378.500000000;2;9567404411;B
20240208;153231;7378.000000000;3;9567405402;S
20240208;153235;7378.500000000;8;9567405794;B
20240208;153235;7379.000000000;1;9567405795;B
20240208;153235;7379.000000000;2;9567405796;B
20240208;153241;7379.000000000;21;9567406719;B
20240208;153241;7379.000000000;1;9567406720;B
20240208;153242;7379.000000000;3;9567406733;B
20240208;153242;7379.500000000;3;9567406734;B
20240208;153242;7380.000000000;12;9567406735;B
20240208;153242;7380.000000000;1;9567406736;B
20240208;153242;7380.000000000;1;9567406737;B
20240208;153242;7380.000000000;1;9567406738;B
20240208;153302;7379.500000000;20;9567408576;B
20240208;153302;7379.500000000;2;9567408577;B
20240208;153303;7379.500000000;19;9567408698;B
20240208;153303;7379.500000000;10;9567408699;B
20240208;153303;7379.500000000;6;9567408700;B
20240208;153303;7379.500000000;10;9567408701;B
20240208;153304;7379.500000000;5;9567408844;B
20240208;153304;7380.000000000;69;9567408845;B
20240208;153304;7380.000000000;10;9567408846;B
20240208;153304;7380.000000000;1;9567408847;B
20240208;153304;7380.000000000;2;9567408848;B
20240208;153304;7380.000000000;1;9567408849;B
20240208;153304;7380.000000000;21;9567408850;B
20240208;153304;7381.000000000;20;9567408851;B
20240208;153304;7381.500000000;1;9567408852;B
20240208;153304;7381.500000000;58;9567408853;B
20240208;153304;7381.500000000;20;9567408854;B
20240208;153304;7382.000000000;262;9567408855;B
20240208;153304;7382.000000000;1;9567408856;B
20240208;153304;7382.000000000;5;9567408857;B
20240208;153304;7382.000000000;5;9567408858;B
20240208;153304;7382.000000000;8;9567408859;B
20240208;153304;7382.500000000;10;9567408860;B
20240208;153304;7383.000000000;1;9567408861;B
20240208;153304;7382.500000000;1;9567408863;B
20240208;153305;7380.500000000;1;9567408978;S
20240208;153306;7380.000000000;1;9567409049;S
20240208;153312;7379.500000000;1;9567409480;S
20240208;153315;7380.500000000;10;9567409711;B
20240208;153321;7379.500000000;2;9567410259;S
20240208;153323;7381.000000000;3;9567410445;B
20240208;153323;7381.000000000;19;9567410446;B
20240208;153335;7381.000000000;1;9567411631;B
20240208;153335;7381.500000000;5;9567411632;B
20240208;153335;7382.000000000;18;9567411633;B
20240208;153337;7382.000000000;1;9567411784;S
20240208;153344;7382.500000000;5;9567412389;B
20240208;153344;7382.500000000;2;9567412390;B
20240208;153344;7383.000000000;15;9567412391;B
20240208;153354;7382.000000000;3;9567413016;S
20240208;153358;7382.000000000;1;9567413393;S
20240208;153359;7382.000000000;16;9567413467;S
20240208;153400;7382.000000000;1;9567413542;S
20240208;153405;7382.500000000;3;9567413912;B
20240208;153405;7383.000000000;19;9567413913;B
20240208;153408;7383.000000000;22;9567414139;B
20240208;153422;7382.500000000;1;9567415595;B
20240208;153422;7382.500000000;3;9567415596;B
20240208;153423;7382.500000000;4;9567415626;B
20240208;153423;7382.500000000;1;9567415661;B
20240208;153423;7382.500000000;3;9567415662;B
20240208;153424;7382.500000000;2;9567415718;B
20240208;153424;7382.500000000;1;9567415719;B
20240208;153424;7383.000000000;7;9567415720;B
20240208;153426;7383.000000000;22;9567415891;B
20240208;153427;7383.000000000;56;9567415955;B
20240208;153444;7382.000000000;2;9567417443;S
20240208;153445;7382.000000000;1;9567417521;S
20240208;153447;7382.500000000;1;9567417646;B
20240208;153447;7382.500000000;7;9567417647;B
20240208;153447;7383.000000000;14;9567417648;B
20240208;153447;7382.500000000;1;9567417707;B
20240208;153456;7382.000000000;1;9567418376;S
20240208;153503;7382.500000000;5;9567419071;B
20240208;153506;7382.000000000;47;9567419292;S
20240208;153508;7381.500000000;21;9567419481;B
20240208;153508;7381.500000000;1;9567419482;B
20240208;153529;7382.000000000;16;9567421174;B
20240208;153529;7382.000000000;6;9567421175;B
20240208;153532;7382.000000000;1;9567421405;B
20240208;153546;7380.500000000;5;9567422380;S
20240208;153546;7380.000000000;3;9567422381;S
20240208;153546;7380.000000000;7;9567422382;S
20240208;153546;7380.000000000;1;9567422383;S
20240208;153546;7380.000000000;8;9567422384;S
20240208;153546;7379.500000000;21;9567422385;S
20240208;153546;7379.000000000;5;9567422386;S
20240208;153550;7382.000000000;19;9567422689;B
20240208;153550;7382.000000000;3;9567422690;B
20240208;153550;7381.000000000;3;9567422711;S
20240208;153550;7382.000000000;1;9567422727;B
20240208;153550;7382.500000000;2;9567422728;B
20240208;153550;7382.500000000;1;9567422729;B
20240208;153557;7382.000000000;5;9567423190;B
20240208;153558;7382.000000000;6;9567423212;S
20240208;153558;7382.000000000;60;9567423275;S
20240208;153602;7382.500000000;69;9567423596;B
20240208;153602;7383.000000000;7;9567423597;B
20240208;153602;7383.000000000;2;9567423598;B
20240208;153602;7383.000000000;1;9567423599;B
20240208;153602;7383.000000000;10;9567423600;B
20240208;153602;7383.000000000;28;9567423601;B
20240208;153602;7383.000000000;18;9567423602;B
20240208;153605;7383.000000000;5;9567423879;B
20240208;153605;7383.000000000;5;9567423880;B
20240208;153605;7383.000000000;1;9567423881;B
20240208;153605;7383.000000000;1;9567423882;B
20240208;153607;7383.500000000;1;9567424043;B
20240208;153607;7383.500000000;5;9567424044;B
20240208;153608;7383.500000000;1;9567424064;B
20240208;153609;7383.500000000;4;9567424146;B
20240208;153611;7384.000000000;1;9567424278;B
20240208;153611;7384.000000000;15;9567424279;B
20240208;153611;7384.500000000;2;9567424280;B
20240208;153611;7384.500000000;1;9567424281;B
20240208;153611;7384.500000000;1;9567424282;B
20240208;153611;7384.500000000;2;9567424283;B
20240208;153614;7384.500000000;1;9567424557;B
20240208;153621;7383.500000000;4;9567425080;S
20240208;153625;7383.500000000;7;9567425429;S
20240208;153630;7384.000000000;2;9567425996;B
20240208;153630;7384.000000000;2;9567425997;B
20240208;153630;7384.500000000;13;9567425998;B
20240208;153630;7384.500000000;1;9567425999;B
20240208;153630;7384.500000000;20;9567426000;B
20240208;153630;7385.000000000;1;9567426001;B
20240208;153630;7385.000000000;1;9567426002;B
20240208;153630;7385.000000000;5;9567426003;B
20240208;153631;7384.500000000;1;9567426095;B
20240208;153631;7385.000000000;21;9567426096;B
20240208;153632;7385.000000000;1;9567426136;B
20240208;153633;7384.500000000;1;9567426286;B
20240208;153635;7384.000000000;4;9567426422;S
20240208;153638;7383.500000000;1;9567426616;S
20240208;153650;7383.500000000;5;9567427448;S
20240208;153652;7384.000000000;10;9567427613;B
20240208;153652;7384.000000000;7;9567427614;B
20240208;153652;7384.000000000;5;9567427615;B
20240208;153655;7383.500000000;2;9567427887;B
20240208;153655;7383.500000000;7;9567427888;B
20240208;153655;7383.500000000;1;9567427889;B
20240208;153703;7383.500000000;1;9567428480;B
20240208;153703;7383.500000000;20;9567428481;B
20240208;153703;7383.500000000;1;9567428482;B
20240208;153703;7384.000000000;55;9567428483;B
20240208;153711;7384.000000000;9;9567429111;B
20240208;153711;7384.000000000;7;9567429112;B
20240208;153711;7384.000000000;5;9567429113;B
20240208;153711;7384.500000000;9;9567429114;B
20240208;153713;7384.000000000;1;9567429315;B
20240208;153713;7384.000000000;7;9567429316;B
20240208;153713;7384.500000000;14;9567429317;B
20240208;153722;7384.500000000;1;9567430024;B
20240208;153734;7384.000000000;1;9567431108;B
20240208;153734;7384.500000000;6;9567431109;B
20240208;153734;7384.500000000;15;9567431110;B
20240208;153739;7383.500000000;1;9567431496;S
20240208;153747;7383.000000000;5;9567432156;S
20240208;153747;7383.000000000;5;9567432157;S
20240208;153754;7383.000000000;1;9567432823;S
20240208;153755;7383.500000000;1;9567432908;B
20240208;153755;7384.000000000;22;9567432956;B
20240208;153755;7383.500000000;2;9567432962;S
20240208;153758;7383.000000000;1;9567433186;S
20240208;153758;7383.000000000;1;9567433298;S
20240208;153808;7383.000000000;27;9567434015;S
20240208;153808;7382.500000000;7;9567434016;S
20240208;153808;7382.000000000;666;9567434017;S
20240208;153809;7382.000000000;43;9567434018;S
20240208;153814;7380.000000000;10;9567434791;S
20240208;153816;7381.000000000;7;9567435264;B
20240208;153816;7381.500000000;15;9567435265;B
20240208;153818;7382.500000000;1;9567435689;B
20240208;153820;7380.500000000;1;9567436065;S
20240208;153826;7382.000000000;2;9567437505;S
20240208;153826;7382.000000000;5;9567437560;S
20240208;153829;7382.000000000;14;9567438396;S
20240208;153829;7382.000000000;5;9567438397;S
20240208;153829;7381.500000000;13;9567438398;S
20240208;153829;7381.500000000;7;9567438399;S
20240208;153829;7381.000000000;241;9567438400;S
20240208;153837;7383.000000000;10;9567440068;B
20240208;153837;7383.000000000;7;9567440069;B
20240208;153837;7383.000000000;5;9567440070;B
20240208;153839;7383.000000000;5;9567440541;B
20240208;153844;7381.500000000;10;9567441502;S
20240208;153849;7381.500000000;6;9567442426;S
20240208;153853;7382.500000000;20;9567443138;B
20240208;153853;7382.500000000;7;9567443139;B
20240208;153853;7383.000000000;3;9567443140;B
20240208;153853;7383.000000000;10;9567443141;B
20240208;153853;7384.000000000;3;9567443142;B
20240208;153853;7384.000000000;7;9567443143;B
20240208;153853;7384.500000000;5;9567443144;B
20240208;153853;7384.500000000;1;9567443145;B
20240208;153853;7384.500000000;1;9567443146;B
20240208;153853;7384.500000000;10;9567443147;B
20240208;153853;7384.500000000;5;9567443148;B
20240208;153853;7384.500000000;5;9567443149;B
20240208;153853;7384.500000000;20;9567443150;B
20240208;153853;7385.000000000;13;9567443151;B
20240208;153853;7385.000000000;1;9567443152;B
20240208;153855;7382.000000000;2;9567443633;S
20240208;153858;7384.000000000;1;9567444287;B
20240208;153858;7384.500000000;20;9567444288;B
20240208;153858;7384.500000000;1;9567444289;B
20240208;153909;7384.000000000;1;9567446002;B
20240208;153919;7384.500000000;7;9567447751;B
20240208;153919;7384.500000000;15;9567447752;B
20240208;153932;7384.500000000;1;9567449979;B
20240208;153936;7382.500000000;6;9567450655;S
20240208;153938;7384.000000000;1;9567450840;B
20240208;153940;7384.000000000;7;9567451047;B
20240208;153940;7384.000000000;15;9567451048;B
20240208;153943;7384.000000000;2;9567451490;B
20240208;153943;7384.500000000;1;9567451491;B
20240208;153946;7383.000000000;7;9567451821;S
20240208;153947;7383.000000000;2;9567451862;S
20240208;153951;7383.000000000;2;9567452195;S
20240208;153958;7384.000000000;1;9567452742;B
20240208;153958;7383.500000000;1;9567452772;S
20240208;154001;7384.000000000;1;9567453010;B
20240208;154001;7384.000000000;7;9567453011;B
20240208;154001;7384.000000000;14;9567453012;B
20240208;154007;7383.000000000;1;9567453585;S
20240208;154014;7383.500000000;3;9567454239;B
20240208;154015;7383.000000000;1;9567454365;S
20240208;154015;7383.000000000;6;9567454366;S
20240208;154015;7383.000000000;7;9567454367;S
20240208;154015;7382.500000000;15;9567454368;S
20240208;154015;7382.500000000;5;9567454369;S
20240208;154015;7382.500000000;10;9567454370;S
20240208;154015;7382.500000000;6;9567454371;S
20240208;154017;7382.500000000;1;9567454510;S
20240208;154021;7383.500000000;5;9567454817;B
20240208;154021;7384.000000000;17;9567454818;B
20240208;154025;7383.000000000;1;9567455194;S
20240208;154025;7383.000000000;3;9567455214;S
20240208;154030;7382.500000000;1;9567455746;S
20240208;154031;7382.500000000;2;9567455855;S
20240208;154035;7383.000000000;2;9567456297;S
20240208;154035;7382.500000000;1;9567456298;S
20240208;154036;7383.500000000;3;9567456370;B
20240208;154042;7383.000000000;20;9567456878;B
20240208;154042;7383.000000000;2;9567456879;B
20240208;154051;7382.500000000;1;9567457591;S
20240208;154057;7383.500000000;2;9567458098;B
20240208;154102;7383.500000000;3;9567458525;B
20240208;154103;7383.500000000;3;9567458664;B
20240208;154103;7383.500000000;9;9567458667;B
20240208;154103;7384.000000000;13;9567458668;B
20240208;154112;7383.500000000;50;9567459382;S
20240208;154119;7384.000000000;1;9567459922;B
20240208;154121;7384.000000000;78;9567460073;B
20240208;154121;7384.000000000;1;9567460074;B
20240208;154121;7384.000000000;14;9567460075;B
20240208;154121;7384.000000000;7;9567460076;B
20240208;154121;7384.000000000;20;9567460077;B
20240208;154121;7384.000000000;80;9567460078;S
20240208;154121;7384.000000000;80;9567460079;S
20240208;154121;7384.000000000;80;9567460080;S
20240208;154121;7384.000000000;41;9567460081;S
20240208;154123;7384.000000000;1;9567460248;S
20240208;154124;7384.000000000;1;9567460363;S
20240208;154124;7384.500000000;9;9567460376;B
20240208;154124;7384.500000000;11;9567460377;B
20240208;154124;7384.500000000;2;9567460378;B
20240208;154127;7384.000000000;11;9567460666;S
20240208;154130;7384.000000000;5;9567461039;S
20240208;154133;7384.000000000;1;9567461357;S
20240208;154134;7384.000000000;11;9567461383;S
20240208;154135;7384.000000000;11;9567461493;S
20240208;154136;7384.000000000;11;9567461640;S
20240208;154138;7384.000000000;11;9567461767;S
20240208;154139;7384.000000000;11;9567461888;S
20240208;154139;7384.000000000;1;9567461916;S
20240208;154144;7384.500000000;1;9567462335;B
20240208;154145;7384.500000000;20;9567462438;B
20240208;154145;7385.000000000;1;9567462439;B
20240208;154145;7385.000000000;1;9567462440;B
20240208;154147;7384.500000000;5;9567462589;B
20240208;154150;7384.000000000;1;9567462763;S
20240208;154153;7384.000000000;1;9567463063;S
20240208;154200;7384.000000000;1;9567463600;S
20240208;154201;7384.000000000;1;9567463691;S
20240208;154201;7384.000000000;1;9567463712;S
20240208;154206;7384.500000000;16;9567464239;B
20240208;154206;7384.500000000;6;9567464240;B
20240208;154206;7384.500000000;10;9567464269;B
20240208;154220;7384.000000000;49;9567465728;S
20240208;154220;7384.000000000;1;9567465729;S
20240208;154227;7384.500000000;22;9567466309;B
20240208;154227;7384.500000000;10;9567466367;B
20240208;154234;7384.500000000;5;9567466841;B
20240208;154235;7384.500000000;14;9567466931;B
20240208;154237;7384.000000000;1;9567467051;S
20240208;154246;7384.500000000;3;9567467815;B
20240208;154246;7384.000000000;30;9567467840;S
20240208;154248;7384.500000000;17;9567467988;B
20240208;154248;7384.500000000;5;9567467989;B
20240208;154250;7384.500000000;1;9567468250;B
20240208;154250;7384.000000000;1;9567468254;S
20240208;154256;7384.500000000;20;9567468727;B
20240208;154302;7384.000000000;1;9567470081;S
20240208;154303;7384.000000000;1;9567470242;S
20240208;154307;7384.500000000;1;9567470567;B
20240208;154307;7384.000000000;36;9567470574;S
20240208;154307;7384.000000000;2;9567470575;S
20240208;154307;7384.000000000;12;9567470576;S
20240208;154309;7384.500000000;22;9567470645;B
20240208;154309;7384.000000000;2;9567470664;S
20240208;154312;7384.000000000;1;9567470935;S
20240208;154314;7384.000000000;4;9567471059;B
20240208;154319;7384.000000000;2;9567471405;B
20240208;154319;7384.000000000;12;9567471406;B
20240208;154319;7384.000000000;20;9567471407;B
20240208;154319;7384.000000000;4;9567471408;B
20240208;154319;7384.000000000;10;9567471409;B
20240208;154319;7384.000000000;10;9567471410;B
20240208;154319;7384.000000000;4;9567471411;B
20240208;154319;7384.500000000;86;9567471412;B
20240208;154319;7384.500000000;10;9567471413;B
20240208;154319;7384.500000000;7;9567471414;B
20240208;154319;7384.500000000;20;9567471415;B
20240208;154319;7385.000000000;4;9567471416;B
20240208;154319;7385.000000000;3;9567471417;B
20240208;154319;7385.000000000;2;9567471418;B
20240208;154319;7385.000000000;10;9567471419;B
20240208;154319;7385.000000000;1;9567471420;B
20240208;154319;7385.000000000;16;9567471421;B
20240208;154319;7385.000000000;1;9567471422;B
20240208;154319;7385.000000000;1;9567471423;B
20240208;154319;7385.000000000;127;9567471424;B
20240208;154319;7385.000000000;1;9567471425;B
20240208;154319;7385.000000000;5;9567471426;B
20240208;154319;7385.000000000;1;9567471427;B
20240208;154319;7385.000000000;20;9567471428;B
20240208;154319;7385.000000000;2;9567471429;B
20240208;154319;7385.000000000;10;9567471430;B
20240208;154319;7385.000000000;2;9567471431;B
20240208;154319;7385.000000000;10;9567471432;B
20240208;154319;7385.000000000;1;9567471433;B
20240208;154319;7385.000000000;40;9567471434;B
20240208;154319;7385.000000000;20;9567471435;B
20240208;154319;7385.500000000;10;9567471436;B
20240208;154319;7385.500000000;10;9567471437;B
20240208;154319;7385.500000000;1;9567471438;B
20240208;154319;7385.500000000;1;9567471439;B
20240208;154319;7385.500000000;1;9567471440;B
20240208;154319;7385.500000000;15;9567471441;B
20240208;154320;7385.500000000;1;9567471503;B
20240208;154324;7384.500000000;2;9567471923;B
20240208;154324;7385.000000000;8;9567471924;B
20240208;154324;7385.500000000;4;9567471925;B
20240208;154324;7385.500000000;10;9567471926;B
20240208;154324;7385.500000000;15;9567471927;B
20240208;154324;7385.500000000;1;9567471928;B
20240208;154330;7385.000000000;20;9567472416;B
20240208;154330;7385.000000000;2;9567472417;B
20240208;154331;7384.500000000;2;9567472611;S
20240208;154331;7385.500000000;10;9567472617;B
20240208;154331;7385.500000000;30;9567472618;B
20240208;154332;7385.500000000;1;9567472634;B
20240208;154335;7385.000000000;1;9567472905;S
20240208;154337;7385.500000000;44;9567473105;B
20240208;154343;7385.500000000;13;9567473637;B
20240208;154347;7385.000000000;7;9567473984;S
20240208;154349;7385.000000000;1;9567474181;B
20240208;154350;7385.000000000;1;9567474269;B
20240208;154350;7385.000000000;4;9567474270;B
20240208;154350;7385.000000000;17;9567474271;B
20240208;154400;7384.500000000;6;9567475020;S
20240208;154405;7385.000000000;8;9567475704;B
20240208;154405;7385.000000000;10;9567475705;B
20240208;154405;7385.000000000;5;9567475706;B
20240208;154405;7385.000000000;10;9567475707;B
20240208;154406;7385.000000000;10;9567475886;S
20240208;154407;7385.500000000;1;9567476030;B
20240208;154411;7385.500000000;19;9567476331;B
20240208;154411;7385.500000000;1;9567476332;B
20240208;154411;7385.500000000;2;9567476333;B
20240208;154413;7385.500000000;2;9567476436;B
20240208;154413;7386.000000000;1;9567476437;B
20240208;154413;7386.000000000;4;9567476438;B
20240208;154413;7386.000000000;3;9567476439;B
20240208;154414;7385.500000000;21;9567476554;S
20240208;154414;7385.500000000;9;9567476555;S
20240208;154414;7385.000000000;38;9567476556;S
20240208;154416;7385.000000000;4;9567476686;S
20240208;154419;7385.500000000;2;9567476939;B
20240208;154419;7385.000000000;5;9567476948;S
20240208;154421;7385.000000000;3;9567477085;S
20240208;154421;7385.500000000;3;9567477125;B
20240208;154423;7385.500000000;1;9567478345;B
20240208;154426;7385.500000000;4;9567479551;B
20240208;154432;7385.500000000;4;9567480051;B
20240208;154432;7385.500000000;18;9567480052;B
20240208;154434;7385.500000000;1;9567480227;B
20240208;154453;7385.500000000;8;9567481866;B
20240208;154453;7385.500000000;4;9567481867;B
20240208;154453;7386.000000000;7;9567481868;B
20240208;154453;7386.000000000;1;9567481869;B
20240208;154453;7386.000000000;2;9567481870;B
20240208;154454;7386.000000000;23;9567481991;B
20240208;154454;7386.000000000;1;9567481992;B
20240208;154454;7386.000000000;3;9567481993;B
20240208;154454;7386.000000000;1;9567481994;B
20240208;154454;7386.000000000;5;9567481995;B
20240208;154454;7386.000000000;12;9567481996;B
20240208;154454;7386.000000000;2;9567481997;B
20240208;154454;7386.000000000;1;9567481998;B
20240208;154454;7386.000000000;1;9567481999;B
20240208;154454;7386.000000000;1;9567482000;B
20240208;154454;7386.000000000;1;9567482001;B
20240208;154454;7386.000000000;2;9567482002;B
20240208;154454;7386.000000000;8;9567482003;B
20240208;154454;7386.000000000;9;9567482004;B
20240208;154454;7386.000000000;1;9567482005;B
20240208;154454;7386.000000000;24;9567482006;B
20240208;154501;7385.500000000;10;9567482637;S
20240208;154501;7385.000000000;3;9567482638;S
20240208;154504;7385.500000000;1;9567482810;S
20240208;154504;7385.500000000;2;9567482830;S
20240208;154506;7385.500000000;1;9567483018;S
20240208;154510;7385.000000000;2;9567483372;S
20240208;154514;7385.000000000;2;9567483609;S
20240208;154514;7386.000000000;22;9567483645;B
20240208;154517;7386.000000000;40;9567483887;B
20240208;154522;7385.000000000;1;9567484459;S
20240208;154525;7385.000000000;1;9567484656;S
20240208;154529;7385.000000000;6;9567484980;S
20240208;154529;7384.500000000;7;9567484981;S
20240208;154529;7384.500000000;21;9567484982;S
20240208;154529;7384.000000000;30;9567484983;S
20240208;154529;7383.500000000;4;9567484984;S
20240208;154529;7383.500000000;27;9567484985;S
20240208;154529;7383.000000000;100;9567484986;S
20240208;154529;7383.000000000;1;9567484987;S
20240208;154529;7383.000000000;8;9567484988;S
20240208;154529;7382.500000000;30;9567484989;S
20240208;154529;7382.500000000;8;9567484990;S
20240208;154529;7382.000000000;2;9567484991;S
20240208;154529;7380.500000000;6;9567484992;S
20240208;154533;7381.500000000;2;9567485389;S
20240208;154535;7382.000000000;4;9567485531;B
20240208;154535;7384.000000000;8;9567485532;B
20240208;154535;7384.000000000;10;9567485533;B
20240208;154535;7381.500000000;2;9567485560;S
20240208;154538;7381.500000000;2;9567485761;S
20240208;154538;7381.500000000;1;9567485762;S
20240208;154543;7380.500000000;4;9567486319;S
20240208;154543;7380.500000000;4;9567486320;S
20240208;154545;7380.500000000;1;9567486435;S
20240208;154556;7381.000000000;1;9567487164;B
20240208;154556;7381.000000000;21;9567487165;B
20240208;154556;7380.000000000;1;9567487167;S
20240208;154604;7380.000000000;2;9567487820;S
20240208;154610;7380.500000000;1;9567488458;B
20240208;154611;7380.000000000;1;9567488498;S
20240208;154611;7380.000000000;1;9567488547;S
20240208;154617;7380.500000000;10;9567488987;B
20240208;154617;7380.500000000;1;9567488988;B
20240208;154617;7381.000000000;4;9567488989;B
20240208;154617;7381.000000000;7;9567488990;B
20240208;154619;7383.500000000;1;9567489173;B
20240208;154620;7380.500000000;3;9567489405;S
20240208;154623;7380.500000000;1;9567489665;S
20240208;154629;7380.500000000;8;9567490312;S
20240208;154629;7380.500000000;4;9567490313;S
20240208;154636;7380.000000000;5;9567490832;S
20240208;154636;7380.000000000;1;9567490833;S
20240208;154636;7380.000000000;2;9567490834;S
20240208;154636;7380.000000000;10;9567490896;S
20240208;154638;7380.500000000;22;9567491015;B
20240208;154640;7380.000000000;1;9567491253;S
20240208;154645;7380.000000000;2;9567491574;S
20240208;154645;7380.000000000;1;9567491575;S
20240208;154648;7379.500000000;1;9567492066;S
20240208;154648;7379.000000000;9;9567492067;S
20240208;154648;7378.500000000;8;9567492068;S
20240208;154648;7378.000000000;45;9567492069;S
20240208;154648;7376.000000000;1;9567492070;S
20240208;154648;7375.500000000;5;9567492071;S
20240208;154648;7375.000000000;10;9567492072;S
20240208;154648;7375.000000000;20;9567492073;S
20240208;154648;7374.500000000;1;9567492074;S
20240208;154648;7374.000000000;5;9567492075;S
20240208;154648;7374.000000000;8;9567492076;S
20240208;154648;7373.500000000;47;9567492077;S
20240208;154648;7374.500000000;37;9567492078;S
20240208;154648;7374.000000000;20;9567492079;S
20240208;154648;7374.000000000;4;9567492080;S
20240208;154648;7374.000000000;8;9567492081;S
20240208;154648;7373.500000000;10;9567492082;S
20240208;154648;7373.500000000;30;9567492083;S
20240208;154648;7372.500000000;20;9567492084;S
20240208;154648;7372.000000000;5;9567492085;S
20240208;154648;7372.000000000;16;9567492086;S
20240208;154648;7372.500000000;3;9567492087;S
20240208;154648;7373.000000000;1;9567492090;B
20240208;154648;7372.000000000;10;9567492107;S
20240208;154648;7372.000000000;15;9567492108;S
20240208;154648;7372.000000000;20;9567492109;S
20240208;154659;7375.500000000;8;9567493110;B
20240208;154659;7376.000000000;14;9567493111;B
20240208;154659;7373.500000000;1;9567493316;S
20240208;154706;7373.500000000;4;9567493946;S
20240208;154706;7373.500000000;1;9567493947;S
20240208;154712;7372.500000000;8;9567494571;S
20240208;154712;7372.000000000;4;9567494572;S
20240208;154712;7372.000000000;9;9567494573;S
20240208;154719;7372.500000000;7;9567495134;S
20240208;154719;7372.500000000;2;9567495135;S
20240208;154719;7372.000000000;12;9567495136;S
20240208;154720;7374.500000000;21;9567495217;B
20240208;154720;7375.000000000;1;9567495218;B
20240208;154721;7373.000000000;1;9567495355;S
20240208;154728;7374.500000000;2;9567495904;B
20240208;154729;7373.000000000;1;9567495951;S
20240208;154730;7373.000000000;1;9567495974;S
20240208;154730;7373.000000000;30;9567496057;S
20240208;154734;7373.500000000;4;9567496453;S
20240208;154734;7373.000000000;31;9567496454;S
20240208;154739;7373.500000000;4;9567496960;S
20240208;154739;7373.000000000;6;9567496961;S
20240208;154740;7374.500000000;22;9567497108;B
20240208;154744;7374.500000000;1;9567497407;B
20240208;154751;7374.500000000;1;9567498136;B
20240208;154751;7374.500000000;5;9567498137;B
20240208;154751;7375.000000000;7;9567498138;B
20240208;154751;7375.000000000;7;9567498139;B
20240208;154801;7374.500000000;5;9567498962;B
20240208;154801;7374.500000000;7;9567498963;B
20240208;154801;7374.500000000;10;9567498964;B
20240208;154812;7375.000000000;1;9567499892;B
20240208;154816;7373.500000000;2;9567500245;S
20240208;154816;7373.000000000;1;9567500246;S
20240208;154816;7373.000000000;1;9567500247;S
20240208;154816;7372.000000000;1;9567500248;S
20240208;154816;7371.500000000;7;9567500249;S
20240208;154816;7371.000000000;2;9567500250;S
20240208;154816;7371.000000000;1;9567500251;S
20240208;154816;7370.500000000;2;9567500252;S
20240208;154816;7370.500000000;21;9567500253;S
20240208;154816;7370.000000000;10;9567500254;S
20240208;154816;7370.000000000;11;9567500255;S
20240208;154816;7370.500000000;8;9567500256;S
20240208;154822;7371.000000000;1;9567500749;S
20240208;154822;7373.500000000;4;9567500773;B
20240208;154822;7374.000000000;7;9567500774;B
20240208;154822;7374.500000000;11;9567500775;B
20240208;154834;7371.500000000;7;9567501649;S
20240208;154834;7371.500000000;2;9567501650;S
20240208;154837;7374.500000000;3;9567501842;B
20240208;154843;7375.000000000;22;9567502388;B
20240208;154847;7375.000000000;21;9567502700;B
20240208;154850;7375.000000000;7;9567502939;B
20240208;154904;7375.500000000;1;9567504086;B
20240208;154904;7376.000000000;19;9567504087;B
20240208;154904;7376.000000000;2;9567504088;B
20240208;154919;7373.000000000;2;9567505459;B
20240208;154919;7375.000000000;2;9567505460;B
20240208;154919;7375.000000000;6;9567505461;B
20240208;154925;7375.000000000;18;9567505937;B
20240208;154925;7375.500000000;4;9567505938;B
20240208;154936;7375.500000000;5;9567506885;B
20240208;154936;7373.000000000;2;9567506913;S
20240208;154946;7375.000000000;18;9567507847;B
20240208;154946;7375.500000000;2;9567507848;B
20240208;154946;7376.000000000;2;9567507849;B
20240208;154946;7373.000000000;2;9567507896;S
20240208;154946;7373.000000000;2;9567507897;S
20240208;154946;7373.000000000;3;9567507898;S
20240208;154950;7373.500000000;20;9567508124;S
20240208;155007;7375.000000000;7;9567509512;B
20240208;155007;7375.500000000;8;9567509513;B
20240208;155007;7375.500000000;4;9567509514;B
20240208;155007;7376.000000000;1;9567509515;B
20240208;155007;7376.000000000;2;9567509516;B
20240208;155026;7373.500000000;9;9567510969;S
20240208;155026;7373.500000000;1;9567510971;S
20240208;155027;7374.000000000;1;9567511099;B
20240208;155028;7374.000000000;9;9567511124;B
20240208;155028;7374.000000000;6;9567511125;B
20240208;155028;7376.000000000;2;9567511126;B
20240208;155028;7376.000000000;1;9567511127;B
20240208;155028;7376.500000000;4;9567511128;B
20240208;155043;7374.000000000;2;9567512246;S
20240208;155047;7376.500000000;1;9567512524;B
20240208;155047;7376.500000000;14;9567512525;B
20240208;155047;7377.000000000;5;9567512526;B
20240208;155049;7376.500000000;7;9567512633;B
20240208;155049;7377.000000000;15;9567512634;B
20240208;155056;7378.500000000;10;9567513230;B
20240208;155056;7378.500000000;8;9567513231;B
20240208;155056;7379.000000000;20;9567513232;B
20240208;155056;7379.000000000;3;9567513233;B
20240208;155056;7379.500000000;51;9567513234;B
20240208;155056;7380.000000000;45;9567513235;B
20240208;155056;7380.000000000;10;9567513236;B
20240208;155056;7380.000000000;137;9567513237;B
20240208;155056;7380.000000000;2;9567513238;B
20240208;155056;7380.000000000;4;9567513239;B
20240208;155056;7380.000000000;1;9567513240;B
20240208;155056;7380.000000000;9;9567513241;B
20240208;155101;7380.000000000;1;9567513562;B
20240208;155101;7380.000000000;4;9567513563;B
20240208;155103;7377.500000000;1;9567513773;S
20240208;155104;7379.500000000;1;9567513901;B
20240208;155109;7377.500000000;1;9567514318;S
20240208;155110;7379.500000000;9;9567514389;B
20240208;155110;7379.500000000;8;9567514390;B
20240208;155110;7379.500000000;1;9567514391;B
20240208;155110;7380.000000000;4;9567514392;B
20240208;155112;7379.000000000;1;9567514602;B
20240208;155125;7379.000000000;1;9567515617;B
20240208;155130;7379.000000000;1;9567516010;B
20240208;155130;7379.000000000;5;9567516088;B
20240208;155130;7379.500000000;10;9567516089;B
20240208;155130;7379.500000000;7;9567516090;B
20240208;155131;7377.000000000;2;9567516132;S
20240208;155151;7379.000000000;1;9567517884;B
20240208;155151;7379.000000000;5;9567517885;B
20240208;155151;7379.000000000;15;9567517886;B
20240208;155151;7380.000000000;1;9567517887;B
20240208;155201;7378.000000000;5;9567518693;S
20240208;155201;7378.000000000;4;9567518694;S
20240208;155207;7379.500000000;2;9567519250;B
20240208;155212;7379.000000000;3;9567519673;B
20240208;155212;7379.500000000;5;9567519674;B
20240208;155212;7379.500000000;5;9567519675;B
20240208;155212;7379.500000000;4;9567519676;B
20240208;155212;7380.000000000;5;9567519677;B
20240208;155217;7381.000000000;20;9567520070;B
20240208;155217;7381.000000000;3;9567520071;B
20240208;155217;7381.500000000;30;9567520072;B
20240208;155217;7382.000000000;10;9567520073;B
20240208;155217;7382.500000000;2;9567520074;B
20240208;155217;7383.000000000;4;9567520075;B
20240208;155217;7383.000000000;3;9567520076;B
20240208;155217;7383.000000000;20;9567520077;B
20240208;155217;7383.000000000;20;9567520078;B
20240208;155217;7383.500000000;10;9567520079;B
20240208;155217;7384.000000000;1;9567520080;B
20240208;155217;7384.000000000;30;9567520081;B
20240208;155217;7384.000000000;120;9567520082;B
20240208;155217;7384.000000000;21;9567520083;B
20240208;155217;7384.500000000;1;9567520084;B
20240208;155217;7384.500000000;5;9567520085;B
20240208;155219;7383.000000000;13;9567520234;B
20240208;155225;7380.000000000;1;9567520808;S
20240208;155225;7380.000000000;5;9567520809;S
20240208;155225;7380.000000000;4;9567520810;S
20240208;155227;7380.000000000;1;9567520944;S
20240208;155233;7380.500000000;11;9567521376;B
20240208;155233;7381.000000000;5;9567521377;B
20240208;155233;7381.000000000;6;9567521378;B
20240208;155241;7378.500000000;5;9567522167;S
20240208;155241;7378.000000000;1;9567522168;S
20240208;155241;7378.000000000;4;9567522169;S
20240208;155241;7378.000000000;11;9567522170;S
20240208;155254;7380.000000000;22;9567523150;B
20240208;155301;7381.000000000;1;9567523722;S
20240208;155301;7380.000000000;1;9567523723;S
20240208;155313;7377.500000000;1;9567524593;S
20240208;155315;7380.000000000;3;9567524772;B
20240208;155315;7380.000000000;19;9567524773;B
20240208;155315;7378.000000000;1;9567524790;S
20240208;155319;7378.000000000;1;9567525054;S
20240208;155327;7377.500000000;3;9567525743;S
20240208;155327;7377.000000000;1;9567525744;S
20240208;155333;7377.500000000;2;9567526298;S
20240208;155333;7377.500000000;1;9567526299;S
20240208;155333;7377.000000000;5;9567526300;S
20240208;155333;7377.000000000;21;9567526301;S
20240208;155333;7376.500000000;5;9567526302;S
20240208;155333;7376.500000000;1;9567526303;S
20240208;155336;7380.500000000;1;9567526529;B
20240208;155336;7380.500000000;1;9567526530;B
20240208;155336;7380.500000000;2;9567526531;B
20240208;155336;7381.000000000;7;9567526532;B
20240208;155336;7381.000000000;4;9567526533;B
20240208;155336;7381.000000000;1;9567526534;B
20240208;155336;7381.000000000;6;9567526535;B
20240208;155342;7378.000000000;1;9567526988;B
20240208;155346;7379.500000000;1;9567527295;B
20240208;155349;7377.500000000;3;9567527481;S
20240208;155357;7380.500000000;1;9567528147;B
20240208;155357;7380.500000000;4;9567528148;B
20240208;155357;7380.500000000;5;9567528149;B
20240208;155357;7380.500000000;9;9567528150;B
20240208;155357;7380.500000000;1;9567528151;B
20240208;155357;7380.500000000;2;9567528152;B
20240208;155359;7378.000000000;1;9567528278;S
20240208;155401;7380.000000000;1;9567528445;B
20240208;155401;7380.000000000;4;9567528446;B
20240208;155418;7380.500000000;22;9567529908;B
20240208;155422;7380.500000000;1;9567530360;B
20240208;155427;7378.000000000;1;9567530739;S
20240208;155427;7377.500000000;1;9567530740;S
20240208;155434;7380.000000000;19;9567531329;B
20240208;155434;7380.000000000;2;9567531347;S
20240208;155439;7380.500000000;6;9567531720;B
20240208;155439;7380.500000000;5;9567531721;B
20240208;155439;7380.500000000;1;9567531722;B
20240208;155439;7380.500000000;1;9567531723;B
20240208;155439;7380.500000000;5;9567531724;B
20240208;155439;7381.000000000;1;9567531725;B
20240208;155439;7381.000000000;3;9567531726;B
20240208;155439;7378.500000000;1;9567531786;S
20240208;155439;7378.500000000;1;9567531787;S
20240208;155439;7378.500000000;1;9567531789;S
20240208;155439;7378.000000000;1;9567531790;S
20240208;155439;7378.000000000;1;9567531791;S
20240208;155439;7378.000000000;1;9567531792;S
20240208;155439;7378.000000000;1;9567531793;S
20240208;155439;7378.000000000;1;9567531794;S
20240208;155439;7378.000000000;1;9567531795;S
20240208;155439;7378.000000000;1;9567531796;S
20240208;155439;7377.500000000;1;9567531797;S
20240208;155439;7377.500000000;1;9567531798;S
20240208;155439;7377.500000000;1;9567531799;S
20240208;155439;7377.500000000;1;9567531800;S
20240208;155439;7377.000000000;1;9567531801;S
20240208;155439;7377.000000000;1;9567531802;S
20240208;155439;7377.000000000;1;9567531803;S
20240208;155439;7377.000000000;1;9567531804;S
20240208;155439;7377.000000000;1;9567531805;S
20240208;155439;7377.000000000;1;9567531806;S
20240208;155439;7377.000000000;1;9567531807;S
20240208;155439;7377.000000000;1;9567531808;S
20240208;155439;7377.000000000;1;9567531809;S
20240208;155439;7377.000000000;1;9567531810;S
20240208;155439;7377.000000000;1;9567531812;S
20240208;155439;7377.000000000;1;9567531813;S
20240208;155439;7377.000000000;1;9567531815;S
20240208;155439;7377.000000000;1;9567531816;S
20240208;155439;7377.000000000;1;9567531817;S
20240208;155439;7377.000000000;1;9567531818;S
20240208;155439;7377.000000000;1;9567531819;S
20240208;155439;7377.000000000;1;9567531820;S
20240208;155439;7377.000000000;1;9567531821;S
20240208;155439;7377.000000000;1;9567531822;S
20240208;155439;7377.000000000;1;9567531824;B
20240208;155439;7377.000000000;1;9567531826;B
20240208;155444;7377.000000000;1;9567532208;B
20240208;155444;7377.000000000;1;9567532209;B
20240208;155444;7377.500000000;5;9567532210;B
20240208;155444;7377.500000000;2;9567532211;B
20240208;155444;7378.000000000;1;9567532212;B
20240208;155444;7378.500000000;1;9567532213;B
20240208;155444;7378.500000000;5;9567532214;B
20240208;155444;7378.500000000;5;9567532215;B
20240208;155444;7379.000000000;61;9567532216;B
20240208;155444;7379.500000000;4;9567532217;B
20240208;155444;7380.000000000;50;9567532218;B
20240208;155444;7380.000000000;3;9567532219;B
20240208;155444;7380.500000000;11;9567532220;B
20240208;155451;7378.000000000;1;9567532743;S
20240208;155452;7378.000000000;4;9567532862;S
20240208;155452;7378.000000000;5;9567532863;S
20240208;155452;7378.000000000;5;9567532864;S
20240208;155501;7380.500000000;1;9567533591;B
20240208;155503;7380.500000000;1;9567533769;B
20240208;155527;7379.000000000;1;9567536139;S
20240208;155527;7378.000000000;4;9567536140;S
20240208;155540;7378.000000000;1;9567537144;B
20240208;155558;7377.000000000;2;9567538670;S
20240208;155602;7377.000000000;4;9567538942;S
20240208;155602;7377.000000000;5;9567538943;S
20240208;155602;7377.000000000;5;9567538944;S
20240208;155604;7377.000000000;1;9567539151;S
20240208;155618;7377.000000000;2;9567540610;S
20240208;155619;7378.000000000;1;9567540697;B
20240208;155619;7378.000000000;5;9567540698;B
20240208;155619;7378.500000000;12;9567540699;B
20240208;155619;7379.000000000;1;9567540700;B
20240208;155619;7379.500000000;2;9567540701;B
20240208;155625;7379.500000000;8;9567541171;B
20240208;155625;7379.500000000;5;9567541172;B
20240208;155625;7380.000000000;5;9567541173;B
20240208;155625;7380.000000000;10;9567541174;B
20240208;155625;7380.500000000;160;9567541175;B
20240208;155625;7381.000000000;1;9567541176;B
20240208;155625;7381.000000000;13;9567541177;B
20240208;155648;7378.000000000;1;9567543545;S
20240208;155649;7381.000000000;2;9567543604;B
20240208;155650;7378.000000000;2;9567543683;S
20240208;155657;7380.500000000;1;9567544234;B
20240208;155702;7380.000000000;5;9567544648;B
20240208;155702;7380.500000000;2;9567544649;B
20240208;155702;7380.500000000;5;9567544650;B
20240208;155702;7380.500000000;8;9567544651;B
20240208;155711;7381.000000000;2;9567545371;B
20240208;155715;7381.000000000;3;9567545687;B
20240208;155730;7381.000000000;9;9567547000;B
20240208;155733;7381.000000000;2;9567547165;B
20240208;155747;7381.000000000;1;9567548369;B
20240208;155758;7380.500000000;1;9567549189;S
20240208;155800;7381.000000000;77;9567549343;B
20240208;155800;7381.000000000;2;9567549344;B
20240208;155800;7381.000000000;35;9567549345;B
20240208;155800;7381.000000000;5;9567549346;B
20240208;155800;7381.000000000;4;9567549347;B
20240208;155800;7381.000000000;1;9567549348;B
20240208;155800;7381.000000000;1;9567549349;B
20240208;155800;7381.000000000;5;9567549350;B
20240208;155813;7381.000000000;1;9567550301;S
20240208;155813;7381.000000000;1;9567550302;S
20240208;155832;7381.000000000;7;9567551712;S
20240208;155913;7381.000000000;1;9567555235;S
20240208;155914;7382.000000000;2;9567555359;B
20240208;155915;7381.000000000;1;9567555383;S
20240208;155915;7381.000000000;1;9567555384;S
20240208;155936;7381.500000000;1;9567557091;B
20240208;155942;7381.000000000;3;9567557621;S
20240208;155942;7381.000000000;1;9567557622;S
20240208;155946;7380.500000000;2;9567557877;B
20240208;155946;7380.500000000;42;9567557878;B
20240208;160000;7380.500000000;2;9567559020;B
20240208;160001;7381.000000000;21;9567559119;B
20240208;160001;7381.500000000;11;9567559120;B
20240208;160001;7381.500000000;29;9567559121;B
20240208;160001;7382.500000000;1;9567559122;B
20240208;160001;7382.500000000;16;9567559123;B
20240208;160001;7383.000000000;18;9567559124;B
20240208;160001;7383.000000000;20;9567559125;B
20240208;160001;7384.000000000;10;9567559126;B
20240208;160001;7384.000000000;1;9567559127;B
20240208;160001;7384.000000000;4;9567559128;B
20240208;160002;7384.000000000;37;9567559179;B
20240208;160002;7384.500000000;5;9567559180;B
20240208;160004;7383.000000000;1;9567559392;S
20240208;160004;7382.500000000;2;9567559475;S
20240208;160010;7384.500000000;48;9567560191;B
20240208;160011;7384.500000000;1;9567560320;B
20240208;160018;7384.500000000;5;9567560928;B
20240208;160028;7383.000000000;1;9567561691;S
20240208;160028;7382.500000000;2;9567561692;S
20240208;160040;7384.500000000;36;9567562745;B
20240208;160040;7385.000000000;1;9567562746;B
20240208;160040;7385.000000000;13;9567562747;B
20240208;160047;7385.000000000;37;9567563302;B
20240208;160047;7385.000000000;1;9567563303;B
20240208;160047;7385.000000000;100;9567563304;B
20240208;160047;7385.000000000;6;9567563305;B
20240208;160047;7385.000000000;1;9567563306;B
20240208;160047;7385.000000000;10;9567563307;B
20240208;160047;7385.000000000;2;9567563308;B
20240208;160047;7385.000000000;1;9567563309;B
20240208;160047;7385.000000000;1;9567563310;B
20240208;160047;7385.000000000;65;9567563311;B
20240208;160047;7385.500000000;40;9567563312;B
20240208;160047;7385.500000000;100;9567563313;B
20240208;160047;7385.500000000;5;9567563314;B
20240208;160047;7385.500000000;1;9567563315;B
20240208;160047;7385.500000000;5;9567563316;B
20240208;160047;7386.000000000;173;9567563317;B
20240208;160050;7383.000000000;6;9567563581;S
20240208;160050;7382.500000000;43;9567563582;S
20240208;160056;7382.500000000;1;9567564007;S
20240208;160110;7384.500000000;3;9567565178;S
20240208;160113;7385.000000000;2;9567565352;B
20240208;160113;7385.000000000;48;9567565353;B
20240208;160121;7385.500000000;1;9567565935;B
20240208;160122;7385.500000000;13;9567566045;B
20240208;160130;7385.000000000;1;9567566650;S
20240208;160131;7385.000000000;2;9567566748;S
20240208;160132;7385.000000000;9;9567566855;S
20240208;160132;7386.000000000;10;9567566876;B
20240208;160134;7385.000000000;15;9567567192;S
20240208;160139;7385.000000000;5;9567567645;B
20240208;160139;7385.000000000;45;9567567646;B
20240208;160141;7385.000000000;2;9567567803;S
20240208;160145;7385.000000000;21;9567568171;S
20240208;160145;7385.000000000;20;9567568172;S
20240208;160145;7384.500000000;16;9567568173;S
20240208;160145;7384.500000000;118;9567568174;S
20240208;160145;7384.500000000;7;9567568175;S
20240208;160151;7384.500000000;14;9567568622;B
20240208;160159;7384.000000000;2;9567569281;S
20240208;160200;7384.500000000;4;9567569342;B
20240208;160204;7384.500000000;1;9567569618;S
20240208;160204;7384.000000000;2;9567569619;S
20240208;160204;7384.000000000;7;9567569620;S
20240208;160204;7383.500000000;1;9567569621;S
20240208;160206;7384.500000000;4;9567569769;S
20240208;160209;7383.500000000;2;9567569994;S
20240208;160212;7384.500000000;1;9567570219;B
20240208;160217;7384.000000000;10;9567570718;S
20240208;160217;7384.500000000;15;9567570743;B
20240208;160217;7384.500000000;40;9567570744;B
20240208;160220;7384.500000000;1;9567570957;S
20240208;160235;7384.500000000;4;9567572356;B
20240208;160235;7384.500000000;1;9567572357;B
20240208;160239;7385.000000000;1;9567572729;B
20240208;160239;7385.000000000;60;9567572730;B
20240208;160239;7385.500000000;18;9567572731;B
20240208;160239;7386.000000000;31;9567572732;B
20240208;160239;7386.000000000;2;9567572733;B
20240208;160239;7386.000000000;200;9567572734;B
20240208;160239;7386.000000000;2;9567572735;B
20240208;160239;7386.000000000;424;9567572736;B
20240208;160239;7386.000000000;1;9567572737;B
20240208;160239;7386.000000000;12;9567572738;B
20240208;160239;7386.000000000;4;9567572739;B
20240208;160239;7386.500000000;745;9567572740;B
20240208;160239;7386.500000000;410;9567572742;B
20240208;160239;7386.500000000;1;9567572743;B
20240208;160239;7386.500000000;1;9567572744;B
20240208;160239;7386.500000000;5;9567572745;B
20240208;160239;7386.500000000;1;9567572746;B
20240208;160239;7386.500000000;1;9567572747;B
20240208;160239;7386.500000000;7;9567572748;B
20240208;160239;7386.500000000;5;9567572749;B
20240208;160239;7386.500000000;1;9567572750;B
20240208;160239;7386.500000000;1;9567572751;B
20240208;160239;7386.500000000;6;9567572752;B
20240208;160239;7386.500000000;1;9567572753;B
20240208;160239;7386.500000000;91;9567572754;B
20240208;160239;7386.500000000;68;9567572755;B
20240208;160239;7387.000000000;1;9567572756;B
20240208;160239;7387.000000000;8;9567572757;B
20240208;160239;7387.000000000;2;9567572758;B
20240208;160239;7387.000000000;10;9567572759;B
20240208;160239;7387.000000000;3;9567572760;B
20240208;160239;7387.000000000;1;9567572761;B
20240208;160239;7387.500000000;5;9567572762;B
20240208;160239;7388.000000000;25;9567572763;B
20240208;160239;7388.000000000;56;9567572764;B
20240208;160239;7388.000000000;19;9567572765;B
20240208;160239;7388.000000000;8;9567572766;B
20240208;160239;7388.000000000;2;9567572767;B
20240208;160239;7388.000000000;1;9567572768;B
20240208;160239;7388.000000000;5;9567572769;B
20240208;160239;7388.000000000;3;9567572770;B
20240208;160239;7388.000000000;1;9567572771;B
20240208;160239;7388.000000000;4;9567572772;B
20240208;160239;7388.000000000;2;9567572773;B
20240208;160239;7388.000000000;2;9567572774;B
20240208;160239;7388.000000000;3;9567572775;B
20240208;160239;7388.000000000;1;9567572776;B
20240208;160239;7388.000000000;2;9567572777;B
20240208;160239;7388.000000000;1;9567572778;B
20240208;160239;7388.000000000;1;9567572779;B
20240208;160239;7388.000000000;5;9567572780;B
20240208;160239;7388.000000000;1;9567572781;B
20240208;160239;7388.000000000;2;9567572782;B
20240208;160239;7388.000000000;1;9567572783;B
20240208;160239;7388.000000000;1;9567572784;B
20240208;160239;7388.000000000;1;9567572785;B
20240208;160239;7388.000000000;1;9567572786;B
20240208;160239;7388.000000000;3;9567572787;B
20240208;160239;7388.000000000;2;9567572788;B
20240208;160239;7388.000000000;1;9567572789;B
20240208;160239;7388.000000000;1;9567572790;B
20240208;160239;7388.000000000;1;9567572791;B
20240208;160239;7388.000000000;1;9567572792;B
20240208;160239;7388.000000000;2;9567572793;B
20240208;160239;7388.000000000;5;9567572794;B
20240208;160239;7388.000000000;2;9567572795;B
20240208;160239;7388.000000000;3;9567572796;B
20240208;160239;7388.000000000;1;9567572797;B
20240208;160239;7388.000000000;1;9567572798;B
20240208;160239;7388.000000000;3;9567572799;B
20240208;160239;7388.000000000;1;9567572804;B
20240208;160239;7388.000000000;1;9567572805;B
20240208;160239;7388.000000000;3;9567572806;B
20240208;160239;7388.000000000;1;9567572807;B
20240208;160239;7388.000000000;3;9567572808;B
20240208;160239;7388.000000000;1;9567572809;B
20240208;160239;7388.000000000;2;9567572810;B
20240208;160239;7388.000000000;2;9567572811;B
20240208;160239;7388.000000000;2;9567572812;B
20240208;160239;7388.000000000;1;9567572813;B
20240208;160239;7388.000000000;5;9567572814;B
20240208;160239;7388.000000000;2;9567572815;B
20240208;160239;7388.000000000;1;9567572816;B
20240208;160239;7388.000000000;4;9567572817;B
20240208;160239;7388.000000000;10;9567572818;B
20240208;160239;7388.000000000;2;9567572819;B
20240208;160239;7388.000000000;1;9567572820;B
20240208;160239;7388.000000000;2;9567572821;B
20240208;160239;7388.000000000;10;9567572822;B
20240208;160239;7388.000000000;2;9567572823;B
20240208;160239;7388.000000000;5;9567572824;B
20240208;160239;7388.000000000;1;9567572825;B
20240208;160239;7388.500000000;1;9567572828;B
20240208;160239;7388.500000000;5;9567572829;B
20240208;160239;7389.000000000;4;9567572830;B
20240208;160239;7389.000000000;1;9567572831;B
20240208;160239;7389.000000000;10;9567572832;B
20240208;160239;7389.000000000;5;9567572833;B
20240208;160239;7389.000000000;1;9567572834;B
20240208;160239;7389.500000000;1;9567572838;B
20240208;160239;7389.500000000;1;9567572844;B
20240208;160239;7389.500000000;20;9567572845;B
20240208;160239;7389.500000000;2;9567572846;B
20240208;160239;7389.500000000;1;9567572847;B
20240208;160239;7389.500000000;5;9567572848;B
20240208;160239;7389.500000000;1;9567572849;B
20240208;160239;7389.500000000;1;9567572850;B
20240208;160239;7389.500000000;1;9567572851;B
20240208;160239;7390.000000000;19;9567572852;B
20240208;160239;7390.000000000;83;9567572853;B
20240208;160239;7390.000000000;8;9567572854;B
20240208;160239;7390.000000000;1;9567572855;B
20240208;160239;7390.000000000;1;9567572856;B
20240208;160239;7390.000000000;4;9567572857;B
20240208;160239;7390.000000000;10;9567572858;B
20240208;160239;7390.000000000;2;9567572859;B
20240208;160239;7390.000000000;6;9567572860;B
20240208;160239;7390.000000000;185;9567572861;B
20240208;160239;7390.000000000;19;9567572862;B
20240208;160239;7390.000000000;83;9567572864;B
20240208;160239;7389.500000000;1;9567572875;S
20240208;160239;7389.500000000;1;9567572876;S
20240208;160239;7389.500000000;1;9567572877;S
20240208;160239;7389.500000000;4;9567572878;S
20240208;160239;7389.500000000;2;9567572880;S
20240208;160239;7390.000000000;27;9567572881;B
20240208;160239;7389.500000000;3;9567572882;S
20240208;160239;7389.500000000;2;9567572883;S
20240208;160239;7389.500000000;1;9567572884;S
20240208;160239;7389.500000000;5;9567572885;S
20240208;160239;7390.000000000;2;9567572886;B
20240208;160239;7390.000000000;29;9567572901;B
20240208;160239;7389.500000000;2;9567572904;S
20240208;160239;7389.500000000;75;9567572905;S
20240208;160239;7390.000000000;15;9567572906;B
20240208;160239;7390.000000000;10;9567572907;B
20240208;160239;7389.500000000;3;9567572911;S
20240208;160239;7389.500000000;5;9567572912;S
20240208;160239;7389.500000000;6;9567572913;S
20240208;160239;7389.500000000;1;9567572914;S
20240208;160239;7389.500000000;1;9567572915;S
20240208;160239;7389.500000000;26;9567572916;S
20240208;160239;7390.000000000;6;9567572919;B
20240208;160239;7389.500000000;8;9567572920;S
20240208;160239;7389.500000000;2;9567572921;S
20240208;160239;7389.500000000;2;9567572923;S
20240208;160239;7390.000000000;50;9567572925;B
20240208;160239;7389.500000000;2;9567572927;S
20240208;160240;7390.000000000;1;9567572933;B
20240208;160240;7390.000000000;1;9567572934;B
20240208;160240;7389.500000000;1;9567572937;S
20240208;160240;7390.000000000;30;9567572941;B
20240208;160240;7389.500000000;2;9567572960;S
20240208;160240;7390.000000000;19;9567572961;B
20240208;160240;7389.500000000;4;9567572964;S
20240208;160240;7389.500000000;5;9567572976;S
20240208;160243;7389.500000000;2;9567573166;S
20240208;160249;7390.000000000;1;9567573658;B
20240208;160251;7389.500000000;1;9567573929;S
20240208;160251;7390.000000000;2;9567573980;B
20240208;160252;7390.000000000;20;9567574028;B
20240208;160252;7390.000000000;1;9567574029;B
20240208;160252;7390.000000000;1;9567574030;B
20240208;160252;7390.000000000;67;9567574031;B
20240208;160252;7390.000000000;33;9567574071;B
20240208;160252;7390.000000000;1;9567574072;B
20240208;160252;7390.000000000;1;9567574073;B
20240208;160252;7390.000000000;1;9567574074;B
20240208;160252;7390.000000000;3;9567574075;B
20240208;160252;7390.000000000;7;9567574076;B
20240208;160252;7390.000000000;1;9567574077;B
20240208;160252;7390.000000000;10;9567574078;B
20240208;160252;7390.000000000;1;9567574079;B
20240208;160252;7390.000000000;1;9567574080;B
20240208;160252;7390.000000000;20;9567574081;B
20240208;160252;7390.000000000;30;9567574082;B
20240208;160252;7390.000000000;1;9567574083;B
20240208;160252;7390.000000000;1;9567574084;B
20240208;160252;7390.000000000;20;9567574085;B
20240208;160252;7390.000000000;4;9567574086;B
20240208;160253;7390.000000000;3;9567574168;B
20240208;160253;7390.000000000;299;9567574206;B
20240208;160253;7390.000000000;1;9567574207;B
20240208;160253;7389.500000000;50;9567574208;S
20240208;160255;7389.500000000;1;9567574318;S
20240208;160256;7390.000000000;1;9567574407;B
20240208;160300;7389.500000000;2;9567574846;S
20240208;160302;7390.000000000;40;9567574951;B
20240208;160302;7390.000000000;1;9567574955;B
20240208;160303;7390.000000000;1;9567575034;B
20240208;160303;7390.000000000;20;9567575057;B
20240208;160304;7389.500000000;2;9567575132;S
20240208;160306;7389.500000000;1;9567575224;S
20240208;160312;7390.000000000;250;9567576120;B
20240208;160313;7389.500000000;1;9567576227;S
20240208;160313;7390.000000000;20;9567576258;B
20240208;160314;7390.000000000;15;9567576354;B
20240208;160314;7390.000000000;15;9567576355;B
20240208;160314;7390.000000000;50;9567576356;B
20240208;160314;7390.000000000;21;9567576357;B
20240208;160314;7390.500000000;15;9567576358;B
20240208;160314;7390.500000000;1;9567576359;B
20240208;160314;7391.500000000;1;9567576360;B
20240208;160314;7392.000000000;2;9567576361;B
20240208;160315;7392.000000000;1;9567576452;B
20240208;160315;7391.500000000;9;9567576453;S
20240208;160316;7391.500000000;1;9567576551;S
20240208;160317;7391.500000000;1;9567576677;S
20240208;160320;7391.500000000;9;9567576935;S
20240208;160320;7391.000000000;4;9567576936;S
20240208;160320;7392.000000000;2;9567576960;B
20240208;160320;7392.000000000;13;9567576961;B
20240208;160320;7392.000000000;4;9567576962;B
20240208;160320;7392.000000000;4;9567576963;B
20240208;160320;7392.000000000;1;9567576964;B
20240208;160320;7392.000000000;115;9567576965;B
20240208;160320;7392.000000000;4;9567576966;B
20240208;160320;7392.000000000;10;9567576967;B
20240208;160320;7392.500000000;1;9567576968;B
20240208;160320;7393.000000000;46;9567576969;B
20240208;160321;7393.000000000;4;9567577034;B
20240208;160321;7393.000000000;29;9567577035;B
20240208;160322;7393.000000000;2;9567577078;S
20240208;160323;7393.000000000;1;9567577166;S
20240208;160324;7393.000000000;9;9567577256;S
20240208;160326;7393.500000000;2;9567577371;B
20240208;160326;7393.500000000;15;9567577397;B
20240208;160327;7393.000000000;50;9567577497;S
20240208;160328;7393.500000000;1;9567577524;B
20240208;160331;7393.000000000;27;9567577776;S
20240208;160331;7392.500000000;20;9567577777;S
20240208;160332;7391.500000000;1;9567577933;B
20240208;160333;7391.500000000;3;9567578011;B
20240208;160334;7391.500000000;17;9567578067;B
20240208;160334;7391.500000000;64;9567578068;B
20240208;160337;7391.000000000;2;9567578306;S
20240208;160337;7390.000000000;4;9567578307;S
20240208;160345;7390.500000000;21;9567579199;B
20240208;160347;7390.500000000;8;9567579343;B
20240208;160352;7391.000000000;1;9567580046;B
20240208;160408;7391.000000000;10;9567581347;B
20240208;160409;7391.500000000;3;9567581534;B
20240208;160414;7391.500000000;1;9567581925;S
20240208;160415;7391.500000000;4;9567582012;S
20240208;160415;7392.000000000;1;9567582021;B
20240208;160415;7392.000000000;19;9567582028;B
20240208;160415;7392.000000000;4;9567582029;B
20240208;160417;7391.500000000;1;9567582127;S
20240208;160417;7391.500000000;1;9567582165;S
20240208;160420;7391.500000000;1;9567582417;B
20240208;160421;7390.000000000;5;9567582449;S
20240208;160445;7390.000000000;1;9567584586;S
20240208;160445;7390.000000000;2;9567584587;S
20240208;160445;7390.000000000;1;9567584588;S
20240208;160447;7390.500000000;6;9567584775;B
20240208;160449;7390.500000000;21;9567584870;B
20240208;160449;7391.000000000;9;9567584871;B
20240208;160455;7390.500000000;1;9567585400;B
20240208;160456;7390.000000000;14;9567585438;S
20240208;160456;7390.000000000;1;9567585439;S
20240208;160458;7390.000000000;35;9567585608;B
20240208;160458;7390.000000000;21;9567585609;B
20240208;160458;7390.000000000;81;9567585610;B
20240208;160502;7390.500000000;22;9567585856;B
20240208;160502;7390.500000000;3;9567585857;B
20240208;160505;7391.500000000;8;9567586295;B
20240208;160509;7390.500000000;2;9567586573;S
20240208;160513;7390.500000000;1;9567586893;S
20240208;160515;7391.500000000;1;9567587031;B
20240208;160520;7390.000000000;1;9567587374;S
20240208;160524;7390.500000000;14;9567587677;S
20240208;160527;7390.500000000;5;9567587964;B
20240208;160527;7390.500000000;11;9567587991;B
20240208;160528;7391.000000000;12;9567588039;B
20240208;160528;7391.000000000;6;9567588040;B
20240208;160554;7390.500000000;1;9567590484;S
20240208;160603;7390.500000000;1;9567591108;S
20240208;160606;7391.000000000;3;9567591352;B
20240208;160606;7391.000000000;29;9567591353;B
20240208;160608;7391.500000000;16;9567591656;B
20240208;160608;7391.500000000;10;9567591657;B
20240208;160608;7391.500000000;24;9567591658;B
20240208;160622;7390.500000000;1;9567593086;S
20240208;160635;7390.500000000;1;9567594094;S
20240208;160638;7391.000000000;22;9567594302;B
20240208;160638;7391.500000000;100;9567594303;B
20240208;160638;7391.500000000;45;9567594304;B
20240208;160638;7392.000000000;8;9567594305;B
20240208;160638;7392.000000000;5;9567594306;B
20240208;160638;7392.000000000;1;9567594307;B
20240208;160638;7393.000000000;6;9567594308;B
20240208;160638;7393.000000000;150;9567594309;B
20240208;160638;7393.500000000;21;9567594310;B
20240208;160642;7391.000000000;7;9567594742;S
20240208;160644;7390.500000000;19;9567594992;S
20240208;160653;7390.500000000;22;9567595743;B
20240208;160653;7391.000000000;3;9567595744;B
20240208;160653;7391.000000000;85;9567595745;B
20240208;160653;7392.000000000;15;9567595746;B
20240208;160653;7392.000000000;11;9567595747;B
20240208;160653;7393.000000000;5;9567595748;B
20240208;160653;7393.000000000;10;9567595749;B
20240208;160653;7393.000000000;21;9567595750;B
20240208;160653;7393.500000000;65;9567595751;B
20240208;160653;7394.000000000;5;9567595752;B
20240208;160653;7394.000000000;7;9567595753;B
20240208;160653;7394.000000000;1;9567595754;B
20240208;160653;7394.000000000;5;9567595755;B
20240208;160653;7394.000000000;1;9567595756;B
20240208;160653;7394.000000000;27;9567595757;B
20240208;160653;7394.500000000;8;9567595758;B
20240208;160653;7394.500000000;1;9567595759;B
20240208;160653;7394.500000000;10;9567595760;B
20240208;160653;7394.500000000;2;9567595761;B
20240208;160653;7394.500000000;12;9567595762;B
20240208;160653;7395.000000000;2;9567595763;B
20240208;160653;7395.000000000;3;9567595764;B
20240208;160653;7395.000000000;5;9567595765;B
20240208;160653;7395.000000000;50;9567595766;B
20240208;160653;7395.000000000;30;9567595767;B
20240208;160653;7395.000000000;10;9567595768;B
20240208;160653;7395.000000000;4;9567595769;B
20240208;160653;7395.000000000;4;9567595770;B
20240208;160653;7395.000000000;1;9567595771;B
20240208;160653;7395.000000000;20;9567595772;B
20240208;160653;7395.500000000;2;9567595773;B
20240208;160653;7395.500000000;78;9567595774;B
20240208;160653;7396.000000000;1;9567595775;B
20240208;160653;7396.000000000;22;9567595776;B
20240208;160653;7396.000000000;5;9567595777;B
20240208;160653;7396.000000000;10;9567595778;B
20240208;160653;7396.000000000;1;9567595779;B
20240208;160653;7396.000000000;100;9567595780;B
20240208;160653;7396.000000000;4;9567595781;B
20240208;160653;7396.000000000;1;9567595782;B
20240208;160653;7396.000000000;72;9567595783;S
20240208;160653;7396.000000000;267;9567595784;S
20240208;160654;7396.000000000;1;9567595826;S
20240208;160658;7396.000000000;5;9567596159;S
20240208;160659;7396.000000000;1;9567596236;S
20240208;160700;7396.000000000;1;9567596307;S
20240208;160703;7396.500000000;1;9567596531;B
20240208;160704;7396.000000000;19;9567596598;S
20240208;160705;7396.000000000;11;9567596819;S
20240208;160707;7396.000000000;15;9567596959;S
20240208;160712;7396.500000000;1;9567597329;B
20240208;160717;7396.500000000;1;9567597707;B
20240208;160724;7396.500000000;1;9567598291;B
20240208;160725;7396.000000000;1;9567598387;S
20240208;160727;7396.500000000;1;9567598568;B
20240208;160727;7396.500000000;1;9567598570;B
20240208;160727;7396.500000000;14;9567598571;B
20240208;160727;7396.500000000;15;9567598572;B
20240208;160735;7396.000000000;5;9567599256;S
20240208;160737;7396.500000000;1;9567599374;B
20240208;160738;7396.500000000;150;9567599476;B
20240208;160741;7396.500000000;5;9567599733;B
20240208;160743;7396.500000000;1;9567599941;B
20240208;160745;7396.000000000;1;9567600043;S
20240208;160745;7396.000000000;1;9567600115;S
20240208;160745;7396.000000000;1;9567600116;S
20240208;160747;7396.500000000;14;9567600270;B
20240208;160747;7396.500000000;1;9567600271;B
20240208;160747;7396.500000000;4;9567600272;B
20240208;160747;7396.500000000;1;9567600273;B
20240208;160747;7396.500000000;6;9567600274;B
20240208;160747;7396.500000000;15;9567600275;B
20240208;160747;7396.000000000;130;9567600288;S
20240208;160747;7396.500000000;1;9567600301;B
20240208;160747;7396.000000000;1;9567600302;S
20240208;160758;7396.000000000;7;9567601109;S
20240208;160758;7396.000000000;411;9567601124;S
20240208;160758;7396.000000000;10;9567601125;S
20240208;160758;7396.000000000;10;9567601126;S
20240208;160758;7396.000000000;1;9567601127;S
20240208;160758;7396.000000000;25;9567601128;S
20240208;160759;7395.500000000;20;9567601188;B
20240208;160810;7395.500000000;1;9567602100;B
20240208;160813;7395.000000000;2;9567602333;S
20240208;160813;7395.000000000;1;9567602359;S
20240208;160814;7395.500000000;1;9567602432;B
20240208;160814;7395.500000000;1;9567602435;B
20240208;160817;7395.500000000;1;9567602595;B
20240208;160818;7395.000000000;8;9567602655;S
20240208;160818;7395.000000000;2;9567602656;S
20240208;160818;7395.000000000;1;9567602664;S
20240208;160823;7395.500000000;1;9567603107;B
20240208;160823;7395.000000000;1;9567603108;S
20240208;160824;7395.500000000;9;9567603193;B
20240208;160826;7395.000000000;1;9567603358;S
20240208;160829;7395.000000000;5;9567603556;S
20240208;160830;7395.000000000;2;9567603645;S
20240208;160830;7395.500000000;1;9567603685;B
20240208;160833;7395.000000000;1;9567603897;S
20240208;160833;7395.000000000;1;9567603908;S
20240208;160833;7395.000000000;1;9567603930;S
20240208;160833;7393.000000000;5;9567603931;S
20240208;160834;7393.500000000;1;9567603970;B
20240208;160841;7391.000000000;1;9567604552;S
20240208;160901;7392.500000000;1;9567606208;B
20240208;160904;7392.500000000;1;9567606414;B
20240208;160908;7391.000000000;1;9567606711;S
20240208;160910;7391.000000000;1;9567606840;S
20240208;160912;7391.000000000;1;9567606933;S
20240208;160912;7391.000000000;6;9567606934;S
20240208;160912;7390.500000000;8;9567606935;S
20240208;160912;7390.000000000;60;9567606936;S
20240208;160939;7390.500000000;10;9567609556;B
20240208;160948;7390.000000000;1;9567610245;S
20240208;160949;7390.500000000;10;9567610351;B
20240208;160949;7390.500000000;18;9567610352;B
20240208;160955;7390.000000000;2;9567610841;S
20240208;160955;7390.000000000;5;9567610842;S
20240208;160955;7390.000000000;3;9567610843;S
20240208;160958;7390.000000000;5;9567611036;S
20240208;160959;7390.000000000;5;9567611117;S
20240208;161000;7390.000000000;5;9567611183;S
20240208;161007;7390.500000000;10;9567611792;B
20240208;161016;7390.500000000;2;9567612495;B
20240208;161021;7390.000000000;1;9567612856;S
20240208;161026;7390.500000000;2;9567613237;B
20240208;161027;7390.000000000;1;9567613351;S
20240208;161045;7389.500000000;1;9567614781;S
20240208;161046;7390.500000000;1;9567614860;B
20240208;161046;7390.500000000;1;9567614861;B
20240208;161046;7390.500000000;200;9567614862;B
20240208;161046;7390.500000000;29;9567614863;B
20240208;161052;7390.500000000;1;9567615309;B
20240208;161052;7391.000000000;1;9567615310;B
20240208;161103;7390.000000000;1;9567616381;B
20240208;161104;7389.500000000;2;9567616486;S
20240208;161107;7392.000000000;6;9567616665;B
20240208;161107;7392.500000000;9;9567616666;B
20240208;161107;7392.500000000;5;9567616667;B
20240208;161107;7393.000000000;10;9567616668;B
20240208;161108;7389.000000000;2;9567616731;S
20240208;161122;7389.500000000;1;9567618269;S
20240208;161123;7389.500000000;1;9567618426;S
20240208;161125;7390.500000000;2;9567618597;B
20240208;161125;7390.500000000;2;9567618598;B
20240208;161125;7391.000000000;3;9567618599;B
20240208;161140;7391.000000000;1;9567620004;B
20240208;161148;7390.000000000;1;9567620590;B
20240208;161148;7390.000000000;7;9567620591;B
20240208;161158;7390.000000000;1;9567621375;S
20240208;161220;7390.000000000;21;9567623109;S
20240208;161220;7388.500000000;1;9567623110;S
20240208;161220;7388.500000000;1;9567623111;S
20240208;161220;7388.000000000;1;9567623112;S
20240208;161220;7387.500000000;4;9567623113;S
20240208;161220;7387.000000000;21;9567623114;S
20240208;161220;7386.500000000;1;9567623115;S
20240208;161220;7386.500000000;20;9567623116;S
20240208;161220;7386.000000000;31;9567623117;S
20240208;161220;7386.000000000;10;9567623118;S
20240208;161220;7385.500000000;27;9567623119;S
20240208;161220;7385.000000000;1;9567623120;S
20240208;161220;7384.500000000;3;9567623121;S
20240208;161220;7384.500000000;20;9567623122;S
20240208;161220;7384.000000000;1;9567623123;S
20240208;161220;7384.000000000;10;9567623124;S
20240208;161220;7384.000000000;58;9567623125;S
20240208;161220;7383.500000000;1;9567623126;S
20240208;161220;7383.500000000;70;9567623127;S
20240208;161220;7382.500000000;20;9567623128;S
20240208;161220;7382.000000000;4;9567623129;S
20240208;161220;7382.000000000;1;9567623130;S
20240208;161220;7382.000000000;50;9567623131;S
20240208;161220;7381.500000000;104;9567623132;S
20240208;161220;7381.000000000;82;9567623133;S
20240208;161220;7381.000000000;10;9567623134;S
20240208;161220;7380.500000000;20;9567623135;S
20240208;161220;7380.000000000;4;9567623136;S
20240208;161220;7380.000000000;4;9567623137;S
20240208;161220;7380.000000000;3;9567623138;S
20240208;161220;7379.500000000;17;9567623139;S
20240208;161220;7384.500000000;40;9567623140;S
20240208;161221;7381.000000000;5;9567623173;S
20240208;161221;7381.000000000;11;9567623188;S
20240208;161221;7381.000000000;2;9567623218;S
20240208;161221;7383.500000000;1;9567623229;B
20240208;161232;7380.500000000;1;9567624030;S
20240208;161241;7381.500000000;21;9567624884;S
20240208;161241;7381.000000000;17;9567624885;S
20240208;161241;7380.500000000;32;9567624886;B
20240208;161241;7380.500000000;2;9567624889;B
20240208;161243;7380.000000000;2;9567625297;S
20240208;161246;7380.000000000;15;9567625543;S
20240208;161250;7380.000000000;2;9567625812;S
20240208;161258;7380.000000000;8;9567626397;S
20240208;161259;7380.000000000;2;9567626443;B
20240208;161259;7380.000000000;10;9567626444;B
20240208;161301;7380.000000000;190;9567626583;B
20240208;161301;7380.000000000;2;9567626584;B
20240208;161301;7380.000000000;82;9567626585;B
20240208;161308;7379.500000000;10;9567627145;S
20240208;161320;7380.000000000;418;9567628320;B
20240208;161336;7380.000000000;30;9567629771;B
20240208;161336;7380.000000000;130;9567629772;B
20240208;161336;7380.000000000;28;9567629773;B
20240208;161337;7379.500000000;2;9567629915;S
20240208;161339;7379.500000000;3;9567630039;B
20240208;161342;7379.000000000;1;9567630281;S
20240208;161348;7380.500000000;28;9567630741;B
20240208;161348;7380.500000000;66;9567630742;B
20240208;161348;7380.000000000;1;9567630805;S
20240208;161357;7380.500000000;1;9567631457;S
20240208;161359;7383.500000000;1;9567631605;B
20240208;161359;7384.000000000;31;9567631606;B
20240208;161409;7384.500000000;27;9567632402;B
20240208;161409;7384.500000000;2;9567632403;B
20240208;161414;7384.500000000;1;9567632695;B
20240208;161421;7382.000000000;1;9567633209;S
20240208;161424;7383.500000000;55;9567633472;B
20240208;161428;7381.500000000;1;9567633821;S
20240208;161428;7381.000000000;1;9567633822;S
20240208;161428;7380.500000000;1;9567633823;S
20240208;161428;7380.000000000;21;9567633824;S
20240208;161428;7379.500000000;5;9567633825;S
20240208;161428;7379.500000000;11;9567633826;S
20240208;161431;7380.000000000;1;9567634057;S
20240208;161431;7379.500000000;5;9567634058;S
20240208;161431;7379.500000000;2;9567634059;S
20240208;161459;7380.500000000;1;9567636207;S
20240208;161510;7381.500000000;1;9567637056;B
20240208;161517;7380.000000000;1;9567637623;S
20240208;161519;7380.000000000;1;9567637835;S
20240208;161524;7380.000000000;4;9567638323;B
20240208;161526;7379.500000000;4;9567638489;S
20240208;161539;7380.000000000;1;9567639616;B
20240208;161542;7379.500000000;1;9567639883;S
20240208;161546;7379.500000000;4;9567640202;S
20240208;161551;7380.000000000;1;9567640569;B
20240208;161557;7379.500000000;8;9567641293;S
20240208;161559;7380.000000000;3;9567641433;B
20240208;161559;7380.500000000;1;9567641434;B
20240208;161600;7380.500000000;2;9567641629;B
20240208;161600;7380.500000000;1;9567641630;B
20240208;161600;7380.500000000;2;9567641631;B
20240208;161608;7383.000000000;1;9567642211;B
20240208;161638;7381.000000000;1;9567644997;S
20240208;161638;7380.500000000;2;9567644998;S
20240208;161638;7380.500000000;1;9567644999;S
20240208;161640;7380.500000000;1;9567645156;S
20240208;161648;7380.500000000;2;9567645752;S
20240208;161656;7380.500000000;1;9567646444;S
20240208;161705;7382.000000000;2;9567647276;B
20240208;161713;7380.500000000;1;9567647923;S
20240208;161715;7380.500000000;1;9567648041;S
20240208;161719;7380.500000000;5;9567648315;S
20240208;161719;7380.500000000;5;9567648419;S
20240208;161723;7380.500000000;1;9567648691;S
20240208;161723;7380.000000000;4;9567648692;S
20240208;161724;7380.000000000;5;9567648769;S
20240208;161725;7380.000000000;20;9567648878;S
20240208;161728;7380.500000000;1;9567649065;S
20240208;161731;7380.500000000;4;9567649306;S
20240208;161805;7381.500000000;1;9567651929;S
20240208;161805;7382.000000000;1;9567651930;B
20240208;161813;7382.000000000;20;9567652609;B
20240208;161813;7382.000000000;15;9567652610;B
20240208;161813;7382.500000000;1;9567652611;B
20240208;161813;7382.500000000;17;9567652612;B
20240208;161814;7382.000000000;1;9567652633;B
20240208;161817;7382.000000000;6;9567652920;S
20240208;161823;7381.000000000;3;9567653409;S
20240208;161832;7381.000000000;6;9567654230;S
20240208;161851;7382.000000000;1;9567655663;B
20240208;161859;7382.000000000;10;9567656183;B
20240208;161903;7382.000000000;3;9567656542;B
20240208;161903;7382.000000000;1;9567656543;B
20240208;161903;7382.000000000;1;9567656544;B
20240208;161912;7381.000000000;4;9567657124;S
20240208;161912;7381.000000000;10;9567657125;B
20240208;161912;7381.000000000;1;9567657126;B
20240208;161931;7381.000000000;1;9567658753;S
20240208;161931;7382.000000000;7;9567658754;B
20240208;161933;7382.500000000;1;9567658910;B
20240208;161952;7382.500000000;6;9567660513;B
20240208;162002;7382.500000000;4;9567661570;B
20240208;162003;7382.500000000;2;9567661635;B
20240208;162007;7382.000000000;1;9567661900;S
20240208;162008;7381.500000000;1;9567662046;S
20240208;162014;7381.000000000;1;9567662647;S
20240208;162034;7382.500000000;1;9567669876;B
20240208;162034;7382.500000000;1;9567669877;B
20240208;162034;7382.500000000;75;9567669878;B
20240208;162034;7383.000000000;1;9567669879;B
20240208;162034;7383.000000000;25;9567669880;B
20240208;162034;7383.000000000;35;9567669881;B
20240208;162034;7383.000000000;10;9567669882;B
20240208;162041;7385.000000000;8;9567670538;B
20240208;162041;7385.000000000;33;9567670539;B
20240208;162041;7385.500000000;10;9567670540;B
20240208;162041;7385.500000000;25;9567670541;B
20240208;162041;7385.500000000;30;9567670542;B
20240208;162041;7386.500000000;1;9567670543;B
20240208;162041;7387.000000000;12;9567670544;B
20240208;162041;7387.000000000;50;9567670545;B
20240208;162041;7387.500000000;20;9567670546;B
20240208;162041;7388.000000000;13;9567670547;B
20240208;162041;7388.000000000;3;9567670548;B
20240208;162041;7388.000000000;3;9567670549;B
20240208;162041;7388.500000000;2;9567670550;B
20240208;162041;7388.500000000;11;9567670560;B
20240208;162058;7387.000000000;1;9567673610;S
20240208;162119;7387.000000000;21;9567678344;S
20240208;162119;7387.000000000;7;9567678345;S
20240208;162119;7387.000000000;2;9567678346;S
20240208;162119;7386.500000000;102;9567678347;S
20240208;162119;7386.500000000;3;9567678348;S
20240208;162119;7385.000000000;18;9567678349;S
20240208;162119;7384.500000000;27;9567678350;S
20240208;162119;7384.500000000;20;9567678351;S
20240208;162120;7385.500000000;1;9567678579;B
20240208;162124;7384.500000000;1;9567679195;B
20240208;162157;7383.000000000;11;9567685830;S
20240208;162157;7383.000000000;2;9567685831;S
20240208;162157;7382.500000000;24;9567685832;S
20240208;162207;7383.500000000;1;9567688431;B
20240208;162213;7383.500000000;1;9567689152;B
20240208;162216;7383.500000000;93;9567690300;B
20240208;162216;7383.500000000;8;9567690301;B
20240208;162217;7383.500000000;3;9567690380;S
20240208;162218;7383.000000000;1;9567690814;S
20240208;162218;7383.000000000;2;9567690817;S
20240208;162235;7383.500000000;14;9567694369;S
20240208;162242;7383.500000000;1;9567695388;S
20240208;162243;7383.500000000;5;9567695462;S
20240208;162243;7383.000000000;1;9567695463;S
20240208;162243;7383.000000000;10;9567695464;S
20240208;162243;7382.500000000;53;9567695465;S
20240208;162243;7382.500000000;431;9567695466;S
20240208;162251;7383.000000000;1;9567696796;B
20240208;162256;7382.500000000;10;9567698654;S
20240208;162256;7382.500000000;31;9567698664;S
20240208;162257;7382.500000000;6;9567698728;S
20240208;162257;7382.500000000;8;9567698729;S
20240208;162258;7382.500000000;1;9567698832;S
20240208;162306;7382.500000000;1;9567701060;S
20240208;162317;7383.000000000;23;9567703621;B
20240208;162317;7383.000000000;145;9567703622;B
20240208;162317;7383.000000000;6;9567703623;B
20240208;162317;7383.000000000;21;9567703624;B
20240208;162317;7383.000000000;1;9567703625;B
20240208;162318;7382.500000000;3;9567703757;S
20240208;162322;7382.500000000;5;9567704765;S
20240208;162331;7382.500000000;1;9567707844;S
20240208;162331;7382.500000000;33;9567707845;S
20240208;162331;7382.500000000;5;9567707846;S
20240208;162331;7382.000000000;1;9567707847;S
20240208;162331;7381.000000000;4;9567707884;S
20240208;162332;7381.000000000;2;9567708268;S
20240208;162332;7381.000000000;4;9567708269;S
20240208;162332;7380.000000000;1;9567708270;S
20240208;162332;7380.000000000;1;9567708271;S
20240208;162332;7380.000000000;13;9567708272;S
20240208;162332;7380.000000000;7;9567708273;S
20240208;162332;7379.500000000;1;9567708274;S
20240208;162337;7379.500000000;1;9567709510;S
20240208;162340;7379.500000000;2;9567710364;S
20240208;162341;7379.500000000;28;9567710485;S
20240208;162347;7379.500000000;1;9567712036;S
20240208;162407;7380.000000000;2;9567714709;S
20240208;162420;7380.000000000;4;9567716158;S
20240208;162424;7380.000000000;1;9567716642;S
20240208;162426;7380.000000000;12;9567716861;S
20240208;162426;7380.000000000;2;9567716914;S
20240208;162429;7382.000000000;1;9567717226;B
20240208;162429;7382.000000000;1;9567717227;B
20240208;162429;7382.000000000;2;9567717228;B
20240208;162429;7382.000000000;2;9567717229;B
20240208;162429;7380.000000000;2;9567717252;S
20240208;162430;7380.000000000;1;9567717419;S
20240208;162432;7380.000000000;3;9567717548;S
20240208;162434;7380.000000000;1;9567717726;S
20240208;162449;7380.000000000;1;9567719169;S
20240208;162449;7380.000000000;34;9567719170;S
20240208;162449;7379.500000000;15;9567719171;S
20240208;162450;7380.500000000;5;9567719287;B
20240208;162450;7380.500000000;60;9567719288;B
20240208;162528;7380.500000000;1;9567723011;B
20240208;162529;7380.500000000;3;9567723128;B
20240208;162529;7380.000000000;1;9567723143;S
20240208;162529;7380.500000000;1;9567723168;B
20240208;162534;7380.000000000;9;9567723692;S
20240208;162534;7380.000000000;1;9567723693;S
20240208;162534;7380.000000000;1;9567723694;S
20240208;162534;7380.000000000;2;9567723695;S
20240208;162535;7380.500000000;1;9567723734;B
20240208;162540;7380.000000000;2;9567724526;S
20240208;162556;7380.000000000;1;9567725938;S
20240208;162558;7380.000000000;19;9567726047;S
20240208;162558;7379.500000000;235;9567726048;S
20240208;162558;7379.500000000;32;9567726049;S
20240208;162558;7379.500000000;4;9567726050;S
20240208;162607;7379.500000000;1;9567726795;S
20240208;162609;7380.000000000;1;9567726984;B
20240208;162618;7380.000000000;4;9567727892;S
20240208;162618;7380.000000000;4;9567727903;S
20240208;162619;7380.000000000;1;9567727929;S
20240208;162619;7380.000000000;1;9567727937;S
20240208;162623;7379.500000000;1;9567728312;S
20240208;162625;7379.500000000;1;9567728468;S
20240208;162627;7379.500000000;1;9567728631;S
20240208;162632;7379.500000000;2;9567729177;S
20240208;162637;7379.500000000;3;9567729649;S
20240208;162644;7380.000000000;100;9567730358;B
20240208;162644;7380.000000000;9;9567730359;B
20240208;162645;7380.000000000;14;9567730407;B
20240208;162645;7380.500000000;4;9567730408;B
20240208;162645;7380.500000000;10;9567730409;B
20240208;162645;7380.500000000;20;9567730410;B
20240208;162645;7380.500000000;2;9567730411;B
20240208;162645;7380.500000000;45;9567730412;B
20240208;162645;7382.000000000;5;9567730413;B
20240208;162645;7382.000000000;2;9567730414;B
20240208;162645;7382.500000000;2;9567730415;B
20240208;162645;7382.500000000;1;9567730416;B
20240208;162645;7383.000000000;20;9567730417;B
20240208;162645;7384.500000000;10;9567730418;B
20240208;162645;7385.000000000;2;9567730419;B
20240208;162645;7385.000000000;3;9567730420;B
20240208;162645;7385.000000000;14;9567730421;B
20240208;162645;7385.500000000;58;9567730422;B
20240208;162645;7386.000000000;1;9567730423;B
20240208;162645;7386.000000000;20;9567730424;B
20240208;162645;7386.500000000;17;9567730425;B
20240208;162654;7381.000000000;2;9567731228;S
20240208;162657;7383.500000000;1;9567731510;B
20240208;162702;7381.000000000;6;9567731990;S
20240208;162706;7380.500000000;1;9567732407;S
20240208;162728;7383.000000000;8;9567734346;B
20240208;162728;7383.000000000;21;9567734347;B
20240208;162728;7383.000000000;55;9567734348;B
20240208;162728;7383.500000000;10;9567734349;B
20240208;162728;7383.500000000;1;9567734350;B
20240208;162728;7384.000000000;25;9567734351;B
20240208;162742;7381.000000000;1;9567735757;S
20240208;162743;7384.000000000;3;9567735826;B
20240208;162743;7384.000000000;21;9567735827;B
20240208;162743;7384.500000000;4;9567735828;B
20240208;162745;7381.500000000;4;9567736282;S
20240208;162745;7380.500000000;6;9567736283;S
20240208;162759;7381.000000000;5;9567738890;S
20240208;162812;7384.500000000;3;9567740853;B
20240208;162835;7381.500000000;1;9567743273;S
20240208;162835;7381.000000000;1;9567743274;S
20240208;162836;7381.000000000;4;9567743357;S
20240208;162836;7381.000000000;3;9567743358;S
20240208;162837;7381.000000000;9;9567743493;S
20240208;162839;7380.500000000;2;9567743734;S
20240208;162839;7380.500000000;1;9567743735;S
20240208;162839;7380.500000000;2;9567743736;S
20240208;162839;7380.000000000;1;9567743737;S
20240208;162839;7380.000000000;5;9567743738;S
20240208;162839;7380.000000000;2;9567743739;S
20240208;162839;7380.000000000;1;9567743740;S
20240208;162839;7380.000000000;28;9567743741;S
20240208;162839;7380.000000000;2;9567743742;S
20240208;162839;7380.000000000;20;9567743743;S
20240208;162839;7380.000000000;2;9567743744;S
20240208;162839;7380.000000000;2;9567743745;S
20240208;162839;7380.000000000;13;9567743746;S
20240208;162839;7379.500000000;255;9567743747;S
20240208;162839;7379.500000000;10;9567743748;S
20240208;162839;7379.500000000;1;9567743749;S
20240208;162839;7379.500000000;3;9567743750;S
20240208;162839;7379.500000000;575;9567743751;S
20240208;162839;7379.500000000;61;9567743752;S
20240208;162839;7379.500000000;253;9567743753;S
20240208;162839;7379.500000000;47;9567743754;S
20240208;162839;7379.500000000;1;9567743755;S
20240208;162839;7379.500000000;1;9567743756;S
20240208;162839;7378.500000000;5;9567743757;S
20240208;162839;7378.000000000;2;9567743758;S
20240208;162839;7378.000000000;16;9567743759;S
20240208;162839;7377.000000000;3;9567743760;S
20240208;162839;7377.000000000;2;9567743765;S
20240208;162839;7377.000000000;1;9567743766;S
20240208;162840;7377.000000000;6;9567743870;S
20240208;162845;7377.000000000;133;9567744812;S
20240208;162845;7377.000000000;2;9567744813;S
20240208;162845;7377.000000000;45;9567744814;S
20240208;162845;7377.000000000;8;9567744815;S
20240208;162845;7377.000000000;1;9567744816;S
20240208;162845;7376.000000000;5;9567744818;S
20240208;162846;7375.500000000;1;9567744895;S
20240208;162846;7375.000000000;4;9567744896;S
20240208;162847;7375.000000000;1;9567745060;S
20240208;162847;7375.000000000;1;9567745061;S
20240208;162847;7375.000000000;1;9567745062;S
20240208;162852;7375.000000000;18;9567745965;S
20240208;162852;7375.000000000;6;9567745966;S
20240208;162852;7375.000000000;25;9567745967;S
20240208;162852;7375.000000000;1;9567745968;S
20240208;162909;7374.500000000;1;9567747854;B
20240208;162913;7378.000000000;12;9567748535;B
20240208;162913;7378.500000000;13;9567748536;B
20240208;162913;7379.000000000;21;9567748537;B
20240208;162913;7379.500000000;20;9567748538;B
20240208;162913;7380.000000000;14;9567748539;B
20240208;162913;7381.500000000;28;9567748585;S
20240208;162914;7377.500000000;58;9567748671;S
20240208;162914;7377.000000000;20;9567748672;S
20240208;162914;7376.000000000;28;9567748673;S
20240208;162914;7375.000000000;7;9567748674;S
20240208;162914;7375.000000000;20;9567748675;S
20240208;162914;7374.500000000;1;9567748676;S
20240208;162914;7374.000000000;20;9567748677;S
20240208;162914;7373.500000000;2;9567748678;S
20240208;162914;7373.000000000;13;9567748679;S
20240208;162914;7373.000000000;21;9567748680;S
20240208;162914;7372.500000000;49;9567748681;S
20240208;162916;7373.000000000;5;9567748886;B
20240208;162924;7372.500000000;32;9567750036;S
20240208;162924;7372.500000000;15;9567750080;S
20240208;162927;7372.500000000;5;9567750529;S
20240208;162931;7372.500000000;17;9567751030;S
20240208;162940;7372.500000000;23;9567752322;S
20240208;162941;7372.500000000;1;9567752603;S
20240208;162942;7374.000000000;1;9567752992;B
20240208;162942;7374.000000000;2;9567752993;B
20240208;162942;7374.500000000;10;9567752994;B
20240208;162942;7374.500000000;1;9567752995;B
20240208;162942;7375.000000000;21;9567752996;B
20240208;162942;7375.500000000;7;9567752997;B
20240208;162942;7375.500000000;58;9567752998;B
20240208;162945;7372.500000000;24;9567753301;S
20240208;162945;7372.000000000;12;9567753302;S
20240208;162945;7371.000000000;3;9567753303;S
20240208;162945;7370.500000000;10;9567753304;S
20240208;162945;7370.000000000;1;9567753305;S
20240208;162951;7371.000000000;1;9567753977;B
20240208;162952;7370.500000000;4;9567754014;S
20240208;162955;7371.000000000;3;9567754272;B
20240208;162956;7370.500000000;1;9567754423;S
20240208;162956;7370.500000000;11;9567754424;S
20240208;162956;7370.000000000;2;9567754425;S
20240208;162956;7370.000000000;2;9567754426;S
20240208;162958;7370.000000000;1;9567754589;S
20240208;162958;7370.000000000;1;9567754590;S
20240208;162958;7370.000000000;1;9567754591;S
20240208;162958;7370.000000000;6;9567754592;S
20240208;162958;7370.000000000;1;9567754593;S
20240208;162958;7370.000000000;1;9567754594;S
20240208;162959;7370.000000000;69;9567754683;B
20240208;162959;7370.000000000;8;9567754684;B
20240208;163002;7369.500000000;1;9567754895;S
20240208;163002;7369.500000000;2;9567754896;S
20240208;163002;7369.500000000;3;9567754919;S
20240208;163002;7369.000000000;9;9567754920;S
20240208;163002;7369.000000000;11;9567754921;S
20240208;163002;7368.500000000;5;9567754922;S
20240208;163002;7368.500000000;4;9567754923;S
20240208;163002;7368.000000000;8;9567754924;S
20240208;163002;7369.500000000;5;9567754929;B
20240208;163002;7367.000000000;3;9567754930;S
20240208;163002;7367.000000000;6;9567754932;S
20240208;163002;7366.500000000;1;9567754933;S
20240208;163002;7366.500000000;10;9567754934;S
20240208;163002;7367.500000000;2;9567754946;S
20240208;163003;7367.500000000;3;9567754975;S
20240208;163003;7366.500000000;2;9567754976;S
20240208;163003;7366.500000000;15;9567754977;S
20240208;163003;7366.500000000;3;9567754978;S
20240208;163003;7366.500000000;7;9567755034;S
20240208;163006;7366.500000000;20;9567755327;S
20240208;163006;7366.500000000;5;9567755328;S
20240208;163006;7366.500000000;5;9567755329;S
20240208;163006;7366.000000000;11;9567755330;S
20240208;163006;7365.500000000;20;9567755331;S
20240208;163006;7365.500000000;5;9567755332;S
20240208;163006;7365.000000000;3;9567755333;S
20240208;163006;7365.000000000;2;9567755334;S
20240208;163006;7365.000000000;4;9567755335;S
20240208;163006;7365.000000000;3;9567755336;S
20240208;163006;7365.000000000;3;9567755337;S
20240208;163006;7364.500000000;10;9567755338;S
20240208;163006;7364.500000000;31;9567755339;S
20240208;163006;7364.000000000;12;9567755340;S
20240208;163007;7365.500000000;6;9567755416;S
20240208;163007;7365.000000000;4;9567755417;S
20240208;163007;7365.000000000;10;9567755418;S
20240208;163008;7368.500000000;1;9567755466;B
20240208;163008;7369.000000000;4;9567755467;B
20240208;163010;7369.000000000;5;9567755916;B
20240208;163010;7369.500000000;21;9567755917;B
20240208;163010;7369.500000000;11;9567755918;B
20240208;163010;7370.000000000;32;9567755919;B
20240208;163010;7370.000000000;17;9567755920;B
20240208;163010;7370.000000000;12;9567755921;B
20240208;163010;7370.000000000;51;9567755922;B
20240208;163010;7367.500000000;11;9567756008;S
20240208;163010;7367.000000000;20;9567756009;S
20240208;163010;7366.000000000;19;9567756010;S
20240208;163017;7369.500000000;10;9567757829;B
20240208;163017;7366.500000000;2;9567757834;S
20240208;163020;7366.500000000;1;9567758685;S
20240208;163020;7366.000000000;11;9567758686;S
20240208;163020;7366.000000000;1;9567758687;S
20240208;163020;7365.500000000;1;9567758688;S
20240208;163020;7365.000000000;17;9567758689;S
20240208;163020;7364.500000000;10;9567758690;S
20240208;163020;7364.500000000;1;9567758691;S
20240208;163020;7364.500000000;1;9567758692;S
20240208;163020;7364.000000000;48;9567758693;S
20240208;163020;7364.000000000;4;9567758694;S
20240208;163020;7364.000000000;27;9567758695;S
20240208;163020;7364.000000000;2;9567758696;S
20240208;163020;7363.500000000;28;9567758697;S
20240208;163020;7363.500000000;2;9567758698;S
20240208;163020;7363.000000000;1;9567758699;S
20240208;163020;7363.000000000;10;9567758700;S
20240208;163020;7362.000000000;5;9567758701;S
20240208;163020;7362.000000000;4;9567758702;S
20240208;163020;7362.000000000;20;9567758703;S
20240208;163020;7361.500000000;10;9567758704;S
20240208;163020;7361.500000000;6;9567758705;S
20240208;163020;7361.000000000;25;9567758706;S
20240208;163020;7361.000000000;21;9567758707;S
20240208;163020;7362.500000000;5;9567758714;S
20240208;163020;7362.500000000;5;9567758715;S
20240208;163020;7361.500000000;27;9567758716;S
20240208;163020;7361.500000000;59;9567758717;S
20240208;163020;7361.500000000;11;9567758718;S
20240208;163020;7361.000000000;79;9567758719;S
20240208;163020;7360.500000000;10;9567758720;S
20240208;163020;7360.500000000;20;9567758721;S
20240208;163020;7360.000000000;5;9567758722;S
20240208;163020;7360.000000000;15;9567758723;S
20240208;163020;7360.000000000;20;9567758724;S
20240208;163020;7360.000000000;30;9567758725;S
20240208;163020;7360.000000000;4;9567758726;S
20240208;163020;7360.000000000;1;9567758727;S
20240208;163020;7360.000000000;1;9567758728;S
20240208;163020;7360.000000000;6;9567758729;S
20240208;163020;7360.000000000;1;9567758730;S
20240208;163020;7359.500000000;5;9567758731;S
20240208;163020;7359.500000000;10;9567758732;S
20240208;163020;7359.000000000;5;9567758733;S
20240208;163020;7358.500000000;3;9567758734;S
20240208;163020;7358.500000000;5;9567758735;S
20240208;163020;7358.500000000;4;9567758736;S
20240208;163020;7358.500000000;2;9567758737;S
20240208;163020;7358.000000000;20;9567758738;S
20240208;163020;7358.000000000;5;9567758739;S
20240208;163020;7358.000000000;100;9567758740;S
20240208;163020;7358.000000000;20;9567758741;S
20240208;163020;7357.500000000;16;9567758742;S
20240208;163020;7357.500000000;16;9567758743;S
20240208;163020;7357.500000000;50;9567758744;S
20240208;163020;7357.500000000;50;9567758745;S
20240208;163020;7357.500000000;5;9567758746;S
20240208;163020;7357.000000000;80;9567758747;S
20240208;163020;7357.000000000;5;9567758748;S
20240208;163020;7357.000000000;10;9567758749;S
20240208;163020;7357.000000000;10;9567758750;S
20240208;163020;7356.500000000;5;9567758751;S
20240208;163020;7356.500000000;5;9567758752;S
20240208;163020;7356.500000000;20;9567758753;S
20240208;163020;7356.000000000;5;9567758754;S
20240208;163020;7355.500000000;5;9567758755;S
20240208;163020;7355.500000000;4;9567758756;S
20240208;163020;7355.500000000;20;9567758757;S
20240208;163020;7355.500000000;40;9567758758;S
20240208;163020;7355.000000000;65;9567758759;S
20240208;163020;7358.500000000;3;9567758762;S
20240208;163020;7356.000000000;5;9567758763;S
20240208;163021;7359.500000000;5;9567758768;B
20240208;163021;7358.000000000;6;9567758769;B
20240208;163021;7359.500000000;1;9567758776;B
20240208;163021;7359.500000000;5;9567758785;B
20240208;163021;7359.500000000;5;9567758792;B
20240208;163021;7360.000000000;6;9567758793;B
20240208;163021;7360.000000000;2;9567758794;B
20240208;163021;7360.000000000;5;9567758803;B
20240208;163021;7357.500000000;15;9567758820;S
20240208;163021;7360.000000000;6;9567758822;B
20240208;163021;7360.000000000;10;9567758823;B
20240208;163021;7360.500000000;1;9567758847;S
20240208;163021;7361.000000000;1;9567758878;S
20240208;163022;7361.000000000;4;9567758900;S
20240208;163022;7361.000000000;4;9567758904;S
20240208;163022;7360.500000000;4;9567758917;S
20240208;163022;7360.500000000;6;9567758918;S
20240208;163023;7362.500000000;2;9567759022;B
20240208;163023;7361.000000000;1;9567759036;S
20240208;163023;7359.500000000;1;9567759037;S
20240208;163023;7358.500000000;8;9567759038;S
20240208;163025;7362.000000000;9;9567759199;B
20240208;163025;7363.000000000;20;9567759200;B
20240208;163025;7363.000000000;20;9567759201;B
20240208;163025;7363.000000000;10;9567759202;B
20240208;163025;7364.000000000;11;9567759203;B
20240208;163025;7364.000000000;21;9567759204;B
20240208;163025;7364.500000000;100;9567759205;B
20240208;163025;7365.000000000;20;9567759206;B
20240208;163025;7366.000000000;40;9567759207;B
20240208;163025;7366.500000000;10;9567759208;B
20240208;163025;7366.500000000;22;9567759209;B
20240208;163025;7361.000000000;1;9567759250;S
20240208;163025;7360.500000000;1;9567759251;S
20240208;163025;7360.500000000;9;9567759252;S
20240208;163025;7360.000000000;22;9567759253;S
20240208;163025;7359.500000000;21;9567759254;S
20240208;163025;7359.500000000;6;9567759255;S
20240208;163032;7363.000000000;1;9567759900;B
20240208;163032;7363.000000000;1;9567759901;B
20240208;163034;7363.500000000;1;9567760053;B
20240208;163040;7364.000000000;5;9567760677;S
20240208;163040;7363.000000000;3;9567760678;S
20240208;163040;7363.000000000;1;9567760679;S
20240208;163040;7363.000000000;1;9567760680;S
20240208;163040;7363.000000000;7;9567760681;S
20240208;163040;7361.000000000;5;9567760682;S
20240208;163040;7361.000000000;4;9567760683;S
20240208;163042;7364.000000000;1;9567761051;S
20240208;163042;7361.000000000;1;9567761052;S
20240208;163050;7361.000000000;1;9567761992;S
20240208;163050;7361.000000000;8;9567761993;S
20240208;163052;7364.000000000;1;9567762199;B
20240208;163052;7364.500000000;1;9567762200;B
20240208;163052;7364.500000000;7;9567762201;B
20240208;163052;7364.500000000;13;9567762210;S
20240208;163053;7364.500000000;3;9567762426;S
20240208;163053;7364.000000000;1;9567762476;B
20240208;163108;7361.000000000;4;9567764048;S
20240208;163108;7360.500000000;1;9567764049;S
20240208;163108;7360.500000000;4;9567764050;S
20240208;163109;7360.500000000;6;9567764111;B
20240208;163109;7360.500000000;1;9567764121;B
20240208;163109;7360.500000000;2;9567764141;B
20240208;163109;7360.500000000;6;9567764188;B
20240208;163110;7360.500000000;4;9567764246;S
20240208;163123;7361.000000000;3;9567765591;S
20240208;163123;7361.000000000;6;9567765592;S
20240208;163123;7360.500000000;21;9567765593;S
20240208;163123;7360.000000000;1;9567765594;S
20240208;163123;7360.000000000;1;9567765595;S
20240208;163123;7360.000000000;5;9567765596;S
20240208;163123;7360.000000000;4;9567765597;S
20240208;163125;7360.000000000;13;9567765824;B
20240208;163127;7360.000000000;2;9567766144;B
20240208;163131;7359.500000000;5;9567766503;S
20240208;163133;7360.000000000;1;9567766662;B
20240208;163134;7359.000000000;7;9567766765;S
20240208;163134;7358.500000000;10;9567766766;S
20240208;163134;7358.500000000;5;9567766767;S
20240208;163134;7358.000000000;2;9567766768;S
20240208;163134;7358.000000000;1;9567766769;S
20240208;163134;7357.500000000;10;9567766770;S
20240208;163134;7357.500000000;6;9567766771;S
20240208;163134;7357.000000000;21;9567766772;S
20240208;163134;7356.500000000;8;9567766773;S
20240208;163141;7357.500000000;5;9567767485;S
20240208;163141;7357.000000000;1;9567767486;S
20240208;163141;7356.500000000;19;9567767487;S
20240208;163141;7356.500000000;20;9567767488;S
20240208;163141;7356.500000000;10;9567767489;S
20240208;163141;7356.500000000;5;9567767490;S
20240208;163141;7356.000000000;2;9567767491;S
20240208;163141;7355.500000000;18;9567767492;S
20240208;163141;7355.500000000;3;9567767493;S
20240208;163141;7355.000000000;35;9567767494;S
20240208;163141;7355.000000000;2;9567767495;S
20240208;163142;7358.000000000;10;9567767592;B
20240208;163156;7357.000000000;1;9567769398;B
20240208;163201;7357.500000000;21;9567769887;B
20240208;163201;7357.500000000;7;9567769888;B
20240208;163201;7358.000000000;12;9567769889;B
20240208;163202;7358.000000000;4;9567770013;S
20240208;163208;7358.000000000;1;9567770522;S
20240208;163212;7358.500000000;50;9567771097;B
20240208;163213;7358.000000000;5;9567771254;S
20240208;163213;7357.500000000;1;9567771255;S
20240208;163213;7356.000000000;7;9567771256;S
20240208;163213;7356.000000000;7;9567771257;S
20240208;163213;7355.500000000;10;9567771258;S
20240208;163213;7355.500000000;9;9567771259;S
20240208;163213;7355.000000000;3;9567771260;S
20240208;163213;7355.000000000;6;9567771261;S
20240208;163214;7355.500000000;2;9567771397;S
20240208;163214;7355.500000000;5;9567771400;S
20240208;163214;7355.500000000;5;9567771401;S
20240208;163221;7355.500000000;10;9567772117;S
20240208;163224;7357.500000000;21;9567772372;B
20240208;163224;7358.000000000;7;9567772373;B
20240208;163224;7358.000000000;13;9567772374;B
20240208;163224;7358.000000000;11;9567772375;B
20240208;163224;7358.000000000;1;9567772419;S
20240208;163228;7358.000000000;1;9567772868;S
20240208;163229;7358.000000000;12;9567772980;S
20240208;163230;7358.000000000;1;9567773071;S
20240208;163240;7358.000000000;7;9567774305;B
20240208;163240;7358.000000000;8;9567774306;B
20240208;163240;7358.500000000;13;9567774307;B
20240208;163240;7355.500000000;2;9567774316;S
20240208;163245;7355.000000000;14;9567774698;S
20240208;163245;7355.000000000;10;9567774699;S
20240208;163245;7355.000000000;1;9567774700;S
20240208;163245;7355.000000000;1;9567774701;S
20240208;163245;7355.000000000;1;9567774702;S
20240208;163247;7357.000000000;2;9567774959;B
20240208;163249;7355.500000000;6;9567775174;S
20240208;163249;7355.500000000;2;9567775175;S
20240208;163250;7357.000000000;7;9567775194;B
20240208;163250;7357.500000000;18;9567775195;B
20240208;163250;7357.500000000;14;9567775196;B
20240208;163250;7357.500000000;3;9567775197;B
20240208;163250;7358.000000000;8;9567775198;B
20240208;163254;7358.000000000;2;9567775642;B
20240208;163254;7358.000000000;2;9567775643;B
20240208;163254;7358.500000000;37;9567775644;B
20240208;163254;7358.500000000;7;9567775645;B
20240208;163254;7358.500000000;3;9567775646;B
20240208;163258;7359.000000000;1;9567775920;B
20240208;163303;7357.500000000;7;9567776437;S
20240208;163319;7357.500000000;93;9567778195;B
20240208;163319;7358.000000000;5;9567778196;B
20240208;163319;7358.500000000;18;9567778197;B
20240208;163319;7359.000000000;49;9567778198;B
20240208;163319;7360.000000000;243;9567778199;B
20240208;163319;7360.000000000;50;9567778200;B
20240208;163319;7360.000000000;150;9567778201;B
20240208;163319;7360.000000000;20;9567778202;B
20240208;163319;7361.500000000;20;9567778203;B
20240208;163319;7362.500000000;10;9567778204;B
20240208;163319;7363.500000000;20;9567778205;B
20240208;163319;7364.500000000;3;9567778206;B
20240208;163319;7364.500000000;2;9567778207;B
20240208;163319;7364.500000000;21;9567778208;B
20240208;163319;7365.000000000;90;9567778209;B
20240208;163319;7365.000000000;20;9567778210;B
20240208;163319;7365.000000000;20;9567778211;B
20240208;163319;7365.000000000;50;9567778212;B
20240208;163319;7365.000000000;40;9567778213;B
20240208;163319;7365.500000000;1;9567778214;B
20240208;163319;7365.500000000;56;9567778215;B
20240208;163319;7364.000000000;26;9567778217;B
20240208;163319;7364.000000000;25;9567778218;B
20240208;163319;7364.000000000;7;9567778219;B
20240208;163319;7365.500000000;18;9567778220;B
20240208;163319;7365.000000000;5;9567778221;B
20240208;163334;7366.000000000;3;9567779546;B
20240208;163334;7366.000000000;18;9567779547;B
20240208;163334;7366.000000000;14;9567779548;B
20240208;163334;7366.500000000;14;9567779549;B
20240208;163335;7366.500000000;2;9567779645;B
20240208;163337;7366.500000000;10;9567779853;B
20240208;163337;7366.500000000;24;9567779875;B
20240208;163337;7366.500000000;7;9567779876;B
20240208;163337;7367.000000000;18;9567779877;B
20240208;163337;7367.500000000;50;9567779878;B
20240208;163337;7369.500000000;1;9567779879;B
20240208;163337;7369.500000000;50;9567779880;B
20240208;163337;7369.500000000;27;9567779881;B
20240208;163337;7369.500000000;10;9567779882;B
20240208;163337;7370.000000000;13;9567779883;B
20240208;163338;7370.000000000;3;9567779971;B
20240208;163340;7370.000000000;1;9567780118;B
20240208;163343;7370.000000000;2;9567780331;B
20240208;163407;7369.000000000;2;9567782573;B
20240208;163409;7369.000000000;1;9567782853;B
20240208;163410;7369.000000000;2;9567782946;B
20240208;163411;7369.000000000;12;9567782991;S
20240208;163413;7369.000000000;6;9567783232;S
20240208;163415;7369.500000000;6;9567783371;B
20240208;163415;7369.500000000;17;9567783372;B
20240208;163415;7370.000000000;11;9567783373;B
20240208;163415;7370.000000000;1;9567783374;B
20240208;163415;7370.000000000;1;9567783375;B
20240208;163415;7370.000000000;1;9567783376;B
20240208;163415;7372.500000000;1;9567783377;B
20240208;163415;7372.500000000;6;9567783378;B
20240208;163415;7373.000000000;20;9567783379;B
20240208;163415;7373.500000000;1;9567783380;B
20240208;163415;7373.500000000;46;9567783381;B
20240208;163420;7371.000000000;1;9567783838;S
20240208;163426;7373.000000000;2;9567784359;B
20240208;163426;7373.000000000;2;9567784360;B
20240208;163428;7373.000000000;3;9567784596;B
20240208;163428;7373.000000000;14;9567784597;B
20240208;163428;7373.500000000;4;9567784598;B
20240208;163428;7373.500000000;20;9567784599;B
20240208;163428;7373.500000000;10;9567784600;B
20240208;163430;7371.500000000;3;9567784775;S
20240208;163451;7370.500000000;2;9567787120;S
20240208;163452;7371.000000000;1;9567787211;B
20240208;163453;7370.500000000;1;9567787360;S
20240208;163455;7370.500000000;1;9567787630;S
20240208;163459;7370.500000000;17;9567787948;S
20240208;163459;7370.500000000;33;9567787949;S
20240208;163507;7371.000000000;5;9567788861;B
20240208;163513;7370.500000000;1;9567789421;S
20240208;163513;7370.500000000;1;9567789422;S
20240208;163517;7370.500000000;1;9567789730;S
20240208;163519;7371.000000000;12;9567789940;B
20240208;163519;7371.000000000;1;9567789941;B
20240208;163519;7371.000000000;4;9567789942;B
20240208;163519;7371.000000000;15;9567789943;B
20240208;163519;7371.000000000;6;9567789944;B
20240208;163519;7371.000000000;5;9567789945;B
20240208;163519;7371.500000000;6;9567789946;B
20240208;163519;7373.000000000;1;9567789947;B
20240208;163519;7373.500000000;13;9567789948;B
20240208;163519;7373.500000000;6;9567789949;B
20240208;163519;7374.500000000;10;9567789950;B
20240208;163519;7374.500000000;20;9567789951;B
20240208;163519;7374.500000000;1;9567789952;B
20240208;163523;7371.500000000;1;9567790304;S
20240208;163524;7371.500000000;1;9567790359;S
20240208;163526;7371.500000000;1;9567790603;S
20240208;163534;7373.500000000;1;9567791397;B
20240208;163548;7374.500000000;10;9567793037;B
20240208;163548;7374.500000000;6;9567793038;B
20240208;163548;7374.500000000;1;9567793039;B
20240208;163548;7374.500000000;1;9567793040;B
20240208;163548;7374.500000000;2;9567793041;B
20240208;163548;7375.000000000;30;9567793042;B
20240208;163553;7375.000000000;1;9567793460;B
20240208;163556;7375.000000000;10;9567793751;B
20240208;163557;7372.000000000;9;9567793905;S
20240208;163606;7372.000000000;5;9567794992;S
20240208;163613;7372.500000000;2;9567795619;S
20240208;163624;7372.000000000;2;9567796677;S
20240208;163624;7372.000000000;10;9567796691;S
20240208;163626;7372.000000000;2;9567796877;S
20240208;163626;7371.500000000;4;9567796878;S
20240208;163638;7371.000000000;2;9567797861;S
20240208;163640;7371.500000000;8;9567798065;B
20240208;163641;7371.500000000;1;9567798088;S
20240208;163701;7372.500000000;1;9567799819;S
20240208;163710;7375.000000000;9;9567800900;B
20240208;163710;7375.000000000;6;9567800901;B
20240208;163710;7375.000000000;6;9567800902;B
20240208;163710;7375.000000000;16;9567800903;B
20240208;163710;7375.500000000;85;9567800904;B
20240208;163710;7375.500000000;27;9567800905;B
20240208;163710;7376.000000000;5;9567800906;B
20240208;163710;7376.500000000;5;9567800907;B
20240208;163710;7377.000000000;5;9567800908;B
20240208;163710;7377.000000000;10;9567800909;B
20240208;163710;7377.500000000;5;9567800910;B
20240208;163710;7377.500000000;20;9567800911;B
20240208;163710;7378.000000000;1;9567800912;B
20240208;163719;7376.500000000;1;9567802044;B
20240208;163719;7373.500000000;1;9567802083;S
20240208;163737;7374.000000000;3;9567803987;B
20240208;163746;7374.000000000;1;9567804844;B
20240208;163746;7374.000000000;1;9567804845;B
20240208;163751;7374.000000000;13;9567805273;S
20240208;163751;7374.000000000;2;9567805274;S
20240208;163801;7374.000000000;2;9567806222;S
20240208;163806;7374.500000000;14;9567806579;B
20240208;163806;7374.500000000;27;9567806580;B
20240208;163806;7374.500000000;4;9567806581;B
20240208;163806;7374.000000000;19;9567806639;S
20240208;163810;7374.000000000;1;9567807056;S
20240208;163814;7374.000000000;1;9567807337;S
20240208;163816;7374.000000000;1;9567807467;S
20240208;163822;7374.500000000;1;9567808414;B
20240208;163822;7377.000000000;1;9567808415;B
20240208;163823;7374.500000000;6;9567808452;S
20240208;163823;7374.500000000;21;9567808453;S
20240208;163823;7374.500000000;13;9567808454;S
20240208;163823;7374.000000000;6;9567808455;S
20240208;163823;7374.000000000;54;9567808456;S
20240208;163823;7374.000000000;50;9567808457;S
20240208;163823;7374.000000000;1;9567808458;S
20240208;163823;7373.500000000;2;9567808459;S
20240208;163823;7373.500000000;12;9567808460;S
20240208;163830;7373.500000000;8;9567809552;S
20240208;163830;7372.500000000;5;9567809553;S
20240208;163834;7372.500000000;1;9567809971;S
20240208;163848;7372.500000000;2;9567811557;S
20240208;163849;7372.500000000;1;9567811705;S
20240208;163904;7374.000000000;1;9567812978;B
20240208;163916;7374.500000000;1;9567814055;B
20240208;163919;7373.000000000;4;9567814283;S
20240208;163924;7373.000000000;6;9567814670;S
20240208;163924;7372.500000000;2;9567814671;S
20240208;163931;7372.000000000;1;9567815255;S
20240208;163939;7372.500000000;4;9567816032;S
20240208;163948;7372.500000000;14;9567816755;S
20240208;163948;7372.000000000;5;9567816778;S
20240208;163950;7372.000000000;14;9567816931;S
20240208;163950;7372.000000000;1;9567816932;S
20240208;164005;7372.000000000;5;9567818212;S
20240208;164008;7372.000000000;1;9567818486;S
20240208;164016;7372.000000000;1;9567819260;S
20240208;164016;7372.000000000;4;9567819261;S
20240208;164017;7372.000000000;3;9567819350;S
20240208;164019;7372.000000000;13;9567819497;S
20240208;164022;7371.500000000;1;9567819956;S
20240208;164023;7371.500000000;5;9567820098;S
20240208;164024;7371.500000000;5;9567820245;S
20240208;164025;7371.500000000;5;9567820340;S
20240208;164057;7371.500000000;1;9567823626;S
20240208;164059;7371.500000000;5;9567823798;S
20240208;164059;7371.500000000;20;9567823799;S
20240208;164100;7371.500000000;7;9567823857;B
20240208;164112;7371.000000000;2;9567824909;S
20240208;164112;7371.000000000;20;9567824910;S
20240208;164112;7371.000000000;6;9567824911;S
20240208;164122;7371.000000000;5;9567825765;B
20240208;164129;7370.500000000;20;9567826410;S
20240208;164129;7370.500000000;5;9567826411;S
20240208;164129;7370.500000000;25;9567826412;S
20240208;164130;7370.500000000;11;9567826527;S
20240208;164136;7370.000000000;34;9567827076;S
20240208;164137;7370.000000000;2;9567827114;S
20240208;164138;7370.000000000;13;9567827329;S
20240208;164142;7370.500000000;10;9567827703;B
20240208;164142;7370.000000000;2;9567827705;S
20240208;164143;7370.500000000;2;9567827762;B
20240208;164147;7370.000000000;9;9567828271;S
20240208;164151;7370.000000000;5;9567828609;S
20240208;164154;7370.000000000;9;9567828962;S
20240208;164156;7370.000000000;5;9567829186;S
20240208;164200;7370.000000000;2;9567829648;S
20240208;164202;7370.000000000;3;9567829916;S
20240208;164206;7370.000000000;2;9567830221;S
20240208;164207;7370.000000000;14;9567830359;S
20240208;164208;7370.000000000;40;9567830409;S
20240208;164214;7370.000000000;27;9567830978;S
20240208;164217;7370.000000000;1;9567831262;S
20240208;164217;7370.000000000;25;9567831280;S
20240208;164217;7370.000000000;5;9567831281;S
20240208;164217;7370.000000000;4;9567831282;S
20240208;164217;7370.000000000;1;9567831283;S
20240208;164217;7370.000000000;1;9567831284;S
20240208;164217;7370.000000000;17;9567831285;S
20240208;164217;7370.000000000;34;9567831286;S
20240208;164217;7370.000000000;11;9567831287;S
20240208;164217;7369.000000000;16;9567831288;S
20240208;164217;7369.000000000;20;9567831289;S
20240208;164217;7369.000000000;16;9567831290;S
20240208;164217;7369.000000000;28;9567831291;S
20240208;164217;7369.000000000;9;9567831292;S
20240208;164233;7365.000000000;1;9567832661;S
20240208;164233;7365.000000000;4;9567832662;S
20240208;164237;7365.000000000;1;9567833051;S
20240208;164239;7365.000000000;1;9567833221;B
20240208;164239;7365.000000000;6;9567833222;B
20240208;164239;7365.000000000;1;9567833223;B
20240208;164241;7364.500000000;6;9567833417;B
20240208;164241;7365.000000000;7;9567833418;B
20240208;164241;7365.500000000;9;9567833419;B
20240208;164241;7367.000000000;4;9567833420;B
20240208;164241;7367.000000000;24;9567833421;S
20240208;164305;7363.000000000;1;9567835383;S
20240208;164310;7365.000000000;10;9567835810;B
20240208;164312;7362.500000000;10;9567835978;S
20240208;164312;7362.500000000;20;9567835979;S
20240208;164312;7362.500000000;35;9567835980;B
20240208;164315;7363.000000000;15;9567836162;B
20240208;164342;7364.000000000;18;9567838748;B
20240208;164342;7364.000000000;1;9567838749;B
20240208;164357;7364.000000000;1;9567840154;S
20240208;164430;7366.500000000;1;9567843243;B
20240208;164431;7364.500000000;1;9567843397;S
20240208;164431;7364.500000000;4;9567843398;S
20240208;164443;7364.500000000;1;9567844635;S
20240208;164459;7364.500000000;3;9567846073;S
20240208;164512;7365.000000000;1;9567847229;B
20240208;164513;7364.000000000;1;9567847292;S
20240208;164516;7364.500000000;1;9567847633;B
20240208;164516;7364.500000000;1;9567847660;B
20240208;164517;7364.500000000;1;9567847681;B
20240208;164523;7364.000000000;4;9567848184;S
20240208;164523;7364.000000000;5;9567848185;S
20240208;164523;7363.500000000;5;9567848186;S
20240208;164537;7364.500000000;1;9567849393;S
20240208;164537;7363.500000000;21;9567849394;S
20240208;164537;7363.500000000;6;9567849395;S
20240208;164537;7363.000000000;3;9567849396;S
20240208;164537;7363.000000000;10;9567849397;S
20240208;164537;7362.500000000;5;9567849398;S
20240208;164537;7362.000000000;20;9567849399;S
20240208;164537;7362.000000000;20;9567849400;S
20240208;164537;7361.000000000;10;9567849401;S
20240208;164537;7360.000000000;4;9567849402;S
20240208;164540;7362.000000000;6;9567849608;B
20240208;164552;7362.500000000;1;9567850840;S
20240208;164552;7362.000000000;2;9567850841;S
20240208;164556;7365.500000000;1;9567851215;B
20240208;164556;7365.500000000;9;9567851216;B
20240208;164602;7362.500000000;6;9567851716;S
20240208;164602;7362.000000000;8;9567851717;S
20240208;164633;7362.000000000;1;9567854545;S
20240208;164633;7362.000000000;2;9567854575;S
20240208;164633;7361.500000000;6;9567854576;S
20240208;164633;7361.500000000;3;9567854577;S
20240208;164633;7361.000000000;7;9567854578;S
20240208;164637;7361.500000000;2;9567854866;S
20240208;164637;7361.500000000;6;9567854867;S
20240208;164637;7361.000000000;12;9567854868;S
20240208;164641;7364.500000000;1;9567855230;B
20240208;164657;7363.000000000;10;9567856688;B
20240208;164657;7363.500000000;5;9567856689;B
20240208;164706;7362.000000000;1;9567857478;S
20240208;164723;7362.000000000;12;9567858835;S
20240208;164725;7362.000000000;50;9567858952;S
20240208;164736;7362.000000000;1;9567859924;S
20240208;164742;7363.500000000;1;9567860454;B
20240208;164802;7363.000000000;1;9567862341;S
20240208;164815;7362.500000000;1;9567863672;S
20240208;164815;7362.500000000;5;9567863673;S
20240208;164841;7362.000000000;20;9567866992;S
20240208;164844;7362.000000000;1;9567867470;S
20240208;164846;7362.000000000;1;9567867664;S
20240208;164851;7362.000000000;13;9567869065;S
20240208;164855;7362.000000000;5;9567869936;S
20240208;164907;7362.500000000;1;9567870982;B
20240208;164907;7362.500000000;15;9567870983;B
20240208;164907;7363.000000000;1;9567870984;B
20240208;164907;7363.000000000;1;9567870985;B
20240208;164907;7363.000000000;6;9567870986;B
20240208;164907;7364.000000000;3;9567870987;B
20240208;164907;7364.000000000;1;9567870988;B
20240208;164907;7364.500000000;12;9567870989;B
20240208;164907;7365.000000000;11;9567870990;B
20240208;164918;7362.500000000;2;9567872340;S
20240208;164919;7362.500000000;1;9567872469;S
20240208;164940;7362.500000000;2;9567874628;S
20240208;164959;7362.000000000;7;9567877003;S
20240208;164959;7362.000000000;3;9567877004;S
20240208;165012;7363.000000000;1;9567878289;S
20240208;165013;7362.500000000;10;9567878592;S
20240208;165013;7362.500000000;6;9567878593;S
20240208;165013;7362.000000000;2;9567878594;S
20240208;165013;7362.000000000;2;9567878595;S
20240208;165013;7362.500000000;1;9567878686;B
20240208;165019;7362.000000000;1;9567879201;S
20240208;165026;7362.000000000;2;9567879893;S
20240208;165028;7362.500000000;1;9567880031;B
20240208;165028;7362.500000000;6;9567880032;B
20240208;165028;7362.500000000;15;9567880033;B
20240208;165028;7362.500000000;8;9567880034;B
20240208;165032;7362.500000000;4;9567880510;S
20240208;165035;7362.500000000;12;9567880891;S
20240208;165042;7362.500000000;1;9567881576;S
20240208;165044;7362.500000000;1;9567881756;S
20240208;165058;7363.000000000;1;9567883158;B
20240208;165101;7362.500000000;2;9567883455;S
20240208;165101;7362.500000000;5;9567883456;S
20240208;165101;7362.500000000;5;9567883457;S
20240208;165101;7362.000000000;20;9567883458;S
20240208;165101;7362.000000000;5;9567883459;S
20240208;165101;7362.000000000;1;9567883460;S
20240208;165101;7362.000000000;5;9567883461;S
20240208;165101;7361.500000000;6;9567883462;S
20240208;165101;7361.500000000;1;9567883463;S
20240208;165107;7363.000000000;2;9567883966;B
20240208;165117;7361.500000000;3;9567884944;S
20240208;165117;7361.500000000;4;9567884945;S
20240208;165117;7361.000000000;6;9567884947;S
20240208;165117;7360.500000000;5;9567884948;S
20240208;165117;7360.000000000;1;9567884949;S
20240208;165117;7360.000000000;3;9567884950;S
20240208;165117;7360.000000000;10;9567884951;S
20240208;165117;7360.000000000;16;9567884952;S
20240208;165117;7360.000000000;1;9567884953;S
20240208;165117;7360.000000000;5;9567884954;S
20240208;165117;7360.000000000;1;9567884955;S
20240208;165117;7360.000000000;10;9567884956;S
20240208;165117;7360.000000000;10;9567884957;S
20240208;165117;7360.000000000;18;9567884958;S
20240208;165117;7359.000000000;6;9567884959;S
20240208;165117;7358.500000000;48;9567884960;S
20240208;165117;7358.000000000;1;9567884965;S
20240208;165117;7361.000000000;4;9567885004;S
20240208;165138;7360.000000000;1;9567886989;S
20240208;165138;7360.000000000;2;9567886990;S
20240208;165140;7360.000000000;3;9567887154;S
20240208;165140;7359.500000000;4;9567887155;S
20240208;165151;7363.000000000;1;9567888192;B
20240208;165151;7363.000000000;1;9567888193;B
20240208;165151;7363.500000000;2;9567888194;B
20240208;165151;7363.500000000;5;9567888195;B
20240208;165151;7363.500000000;13;9567888196;B
20240208;165151;7364.000000000;5;9567888197;B
20240208;165151;7364.000000000;4;9567888198;B
20240208;165151;7364.000000000;15;9567888199;B
20240208;165151;7364.500000000;10;9567888200;B
20240208;165151;7364.500000000;1;9567888201;B
20240208;165151;7365.000000000;12;9567888202;B
20240208;165151;7365.000000000;3;9567888203;B
20240208;165151;7365.000000000;15;9567888204;B
20240208;165151;7365.000000000;20;9567888205;B
20240208;165152;7365.000000000;43;9567888266;S
20240208;165152;7364.500000000;5;9567888267;S
20240208;165152;7362.000000000;20;9567888268;S
20240208;165152;7360.500000000;20;9567888269;S
20240208;165152;7360.000000000;7;9567888270;S
20240208;165152;7359.000000000;7;9567888271;S
20240208;165152;7359.000000000;8;9567888272;B
20240208;165152;7359.000000000;23;9567888273;B
20240208;165152;7359.000000000;67;9567888274;B
20240208;165155;7365.500000000;1;9567888604;B
20240208;165204;7362.500000000;5;9567889424;S
20240208;165204;7361.500000000;10;9567889425;S
20240208;165204;7361.000000000;6;9567889426;S
20240208;165206;7365.000000000;5;9567889741;B
20240208;165212;7361.500000000;21;9567890299;S
20240208;165212;7361.000000000;10;9567890300;S
20240208;165212;7361.000000000;6;9567890301;S
20240208;165212;7360.000000000;20;9567890302;S
20240208;165212;7360.000000000;6;9567890303;S
20240208;165212;7360.000000000;6;9567890304;S
20240208;165212;7359.500000000;20;9567890305;S
20240208;165212;7359.500000000;10;9567890306;S
20240208;165212;7358.500000000;10;9567890307;S
20240208;165212;7358.500000000;6;9567890308;S
20240208;165212;7358.000000000;24;9567890309;S
20240208;165212;7358.000000000;10;9567890310;S
20240208;165212;7357.500000000;20;9567890311;S
20240208;165212;7357.500000000;27;9567890312;S
20240208;165212;7357.000000000;1;9567890313;S
20240208;165212;7357.000000000;1;9567890314;S
20240208;165212;7356.500000000;13;9567890315;S
20240208;165212;7356.500000000;5;9567890316;S
20240208;165212;7356.500000000;50;9567890317;S
20240208;165212;7356.500000000;10;9567890318;S
20240208;165212;7356.000000000;17;9567890319;S
20240208;165212;7356.000000000;5;9567890320;S
20240208;165212;7356.000000000;7;9567890321;S
20240208;165212;7355.500000000;5;9567890322;S
20240208;165212;7355.500000000;10;9567890323;S
20240208;165212;7355.000000000;5;9567890324;S
20240208;165212;7355.000000000;5;9567890325;S
20240208;165212;7355.000000000;1;9567890326;S
20240208;165212;7355.000000000;20;9567890327;S
20240208;165212;7354.500000000;7;9567890328;S
20240208;165212;7354.500000000;5;9567890329;S
20240208;165212;7354.500000000;20;9567890330;S
20240208;165212;7354.000000000;5;9567890331;S
20240208;165212;7354.000000000;5;9567890332;S
20240208;165212;7353.500000000;5;9567890333;S
20240208;165212;7353.500000000;3;9567890334;S
20240208;165212;7353.500000000;5;9567890335;S
20240208;165212;7353.500000000;64;9567890336;S
20240208;165212;7357.500000000;5;9567890383;S
20240208;165212;7356.500000000;3;9567890384;S
20240208;165215;7356.500000000;18;9567890566;S
20240208;165215;7356.500000000;3;9567890567;S
20240208;165215;7356.000000000;20;9567890568;S
20240208;165215;7356.000000000;1;9567890569;S
20240208;165215;7355.500000000;3;9567890570;S
20240208;165215;7355.000000000;62;9567890571;S
20240208;165215;7355.000000000;1;9567890572;S
20240208;165215;7354.500000000;27;9567890573;S
20240208;165215;7354.500000000;20;9567890574;S
20240208;165215;7354.500000000;2;9567890575;S
20240208;165215;7353.500000000;3;9567890576;S
20240208;165225;7358.000000000;1;9567891630;S
20240208;165225;7358.000000000;2;9567891631;S
20240208;165225;7356.500000000;4;9567891632;S
20240208;165225;7356.500000000;2;9567891633;S
20240208;165225;7356.000000000;21;9567891634;S
20240208;165225;7355.500000000;1;9567891635;S
20240208;165225;7355.500000000;18;9567891636;S
20240208;165229;7356.000000000;1;9567892113;S
20240208;165237;7356.000000000;5;9567892931;S
20240208;165237;7355.500000000;1;9567892932;S
20240208;165237;7355.500000000;1;9567892933;S
20240208;165237;7355.500000000;21;9567892934;S
20240208;165237;7355.000000000;39;9567892935;S
20240208;165237;7355.000000000;27;9567892936;S
20240208;165237;7355.000000000;15;9567892937;B
20240208;165237;7355.000000000;15;9567892938;B
20240208;165237;7355.000000000;15;9567892939;B
20240208;165237;7355.000000000;15;9567892940;B
20240208;165237;7355.000000000;15;9567892941;B
20240208;165237;7355.000000000;15;9567892942;B
20240208;165237;7355.000000000;15;9567892943;B
20240208;165238;7355.000000000;1;9567893018;B
20240208;165247;7355.000000000;10;9567893832;S
20240208;165247;7355.000000000;1;9567893833;S
20240208;165247;7354.500000000;4;9567893834;S
20240208;165252;7356.000000000;1;9567894193;S
20240208;165252;7355.500000000;5;9567894194;S
20240208;165252;7355.000000000;14;9567894195;S
20240208;165257;7357.000000000;2;9567894740;S
20240208;165310;7358.500000000;1;9567895847;B
20240208;165316;7358.500000000;1;9567896370;S
20240208;165316;7358.500000000;5;9567896371;S
20240208;165316;7358.000000000;10;9567896372;S
20240208;165316;7357.500000000;1;9567896373;S
20240208;165316;7357.000000000;8;9567896374;S
20240208;165316;7356.000000000;1;9567896375;S
20240208;165316;7355.500000000;1;9567896376;S
20240208;165316;7355.000000000;3;9567896377;S
20240208;165325;7359.000000000;1;9567897218;B
20240208;165325;7359.000000000;5;9567897219;B
20240208;165325;7360.000000000;7;9567897220;B
20240208;165325;7360.500000000;58;9567897221;B
20240208;165325;7360.500000000;14;9567897222;B
20240208;165325;7361.000000000;20;9567897223;B
20240208;165325;7361.500000000;10;9567897224;B
20240208;165325;7362.000000000;20;9567897225;B
20240208;165347;7356.500000000;1;9567899109;S
20240208;165347;7356.000000000;5;9567899110;S
20240208;165347;7355.000000000;2;9567899111;S
20240208;165347;7355.000000000;2;9567899112;S
20240208;165400;7355.500000000;1;9567900206;S
20240208;165401;7356.000000000;1;9567900297;S
20240208;165408;7357.000000000;1;9567900848;S
20240208;165408;7356.500000000;5;9567900849;S
20240208;165408;7355.500000000;6;9567900850;S
20240208;165408;7355.000000000;14;9567900851;S
20240208;165408;7355.000000000;1;9567900852;S
20240208;165408;7355.000000000;25;9567900853;S
20240208;165408;7355.000000000;1;9567900854;S
20240208;165408;7355.000000000;60;9567900855;S
20240208;165408;7355.000000000;20;9567900856;S
20240208;165408;7355.000000000;1;9567900857;S
20240208;165409;7359.000000000;1;9567900876;B
20240208;165413;7357.500000000;1;9567901195;B
20240208;165413;7355.000000000;1;9567901211;S
20240208;165413;7354.500000000;5;9567901212;S
20240208;165413;7354.500000000;5;9567901213;S
20240208;165413;7354.000000000;3;9567901214;S
20240208;165413;7354.000000000;8;9567901215;S
20240208;165413;7353.500000000;1;9567901216;S
20240208;165413;7353.500000000;10;9567901217;S
20240208;165413;7353.500000000;10;9567901218;S
20240208;165413;7353.500000000;20;9567901219;S
20240208;165413;7353.000000000;20;9567901220;S
20240208;165413;7353.000000000;3;9567901221;S
20240208;165419;7357.000000000;1;9567901692;B
20240208;165419;7357.500000000;5;9567901693;B
20240208;165419;7358.500000000;21;9567901694;B
20240208;165419;7359.000000000;23;9567901695;B
20240208;165432;7358.000000000;51;9567902837;B
20240208;165432;7358.500000000;1;9567902838;B
20240208;165432;7358.500000000;2;9567902839;B
20240208;165432;7358.500000000;4;9567902840;B
20240208;165432;7359.000000000;9;9567902841;B
20240208;165433;7356.000000000;1;9567903026;S
20240208;165437;7358.500000000;1;9567903347;B
20240208;165437;7359.000000000;6;9567903348;B
20240208;165437;7359.000000000;12;9567903349;B
20240208;165437;7359.500000000;1;9567903350;B
20240208;165442;7360.000000000;10;9567903749;B
20240208;165442;7360.000000000;10;9567903750;B
20240208;165444;7360.000000000;12;9567903901;B
20240208;165444;7360.500000000;4;9567903902;B
20240208;165444;7361.000000000;6;9567903903;B
20240208;165444;7361.500000000;20;9567903904;B
20240208;165444;7362.000000000;8;9567903905;B
20240208;165446;7358.000000000;5;9567904079;B
20240208;165449;7360.000000000;10;9567904423;B
20240208;165449;7361.000000000;4;9567904424;B
20240208;165449;7362.000000000;2;9567904425;B
20240208;165449;7362.000000000;4;9567904426;B
20240208;165451;7358.500000000;1;9567904592;S
20240208;165453;7358.000000000;4;9567904733;S
20240208;165453;7357.500000000;10;9567904734;S
20240208;165456;7361.000000000;27;9567904992;B
20240208;165457;7358.000000000;7;9567905065;S
20240208;165457;7357.500000000;4;9567905077;S
20240208;165457;7357.500000000;21;9567905078;S
20240208;165457;7357.000000000;10;9567905079;S
20240208;165457;7357.000000000;5;9567905080;B
20240208;165458;7361.500000000;1;9567905158;B
20240208;165501;7362.000000000;3;9567905428;B
20240208;165501;7362.000000000;2;9567905429;B
20240208;165501;7362.000000000;4;9567905430;B
20240208;165501;7362.000000000;1;9567905431;B
20240208;165501;7362.500000000;10;9567905432;B
20240208;165508;7362.000000000;1;9567905935;B
20240208;165525;7362.000000000;1;9567907376;B
20240208;165530;7362.000000000;1;9567907841;B
20240208;165532;7361.500000000;1;9567907971;S
20240208;165542;7361.500000000;2;9567908778;S
20240208;165542;7362.000000000;4;9567908832;B
20240208;165542;7362.000000000;1;9567908833;B
20240208;165542;7362.000000000;6;9567908834;B
20240208;165542;7362.000000000;2;9567908835;B
20240208;165543;7362.000000000;8;9567908843;B
20240208;165543;7362.500000000;10;9567908844;B
20240208;165543;7362.500000000;4;9567908845;B
20240208;165543;7363.000000000;8;9567908846;B
20240208;165558;7361.500000000;1;9567910105;S
20240208;165615;7361.500000000;4;9567911587;S
20240208;165617;7361.500000000;3;9567911719;S
20240208;165617;7361.500000000;1;9567911720;S
20240208;165620;7361.500000000;1;9567912027;S
20240208;165622;7362.000000000;1;9567912171;B
20240208;165624;7361.500000000;1;9567912409;S
20240208;165625;7361.500000000;1;9567912485;S
20240208;165632;7361.500000000;6;9567913121;S
20240208;165632;7361.500000000;1;9567913122;S
20240208;165636;7362.000000000;4;9567913431;B
20240208;165636;7362.000000000;1;9567913432;B
20240208;165641;7361.500000000;3;9567913816;S
20240208;165704;7359.500000000;8;9567916079;B
20240208;165717;7359.500000000;2;9567917207;B
20240208;165726;7359.500000000;3;9567917957;S
20240208;165734;7358.000000000;1;9567918713;S
20240208;165734;7358.000000000;5;9567918714;S
20240208;165742;7357.500000000;1;9567919337;S
20240208;165743;7357.500000000;5;9567919442;S
20240208;165743;7357.500000000;5;9567919443;S
20240208;165743;7357.000000000;4;9567919444;S
20240208;165743;7355.500000000;1;9567919445;S
20240208;165743;7354.500000000;5;9567919446;S
20240208;165744;7354.500000000;1;9567919530;S
20240208;165753;7355.000000000;1;9567920308;S
20240208;165810;7356.500000000;2;9567921695;B
20240208;165810;7355.000000000;4;9567921708;S
20240208;165810;7354.500000000;1;9567921709;S
20240208;165814;7355.000000000;4;9567921957;S
20240208;165814;7354.500000000;10;9567921958;S
20240208;165814;7354.500000000;2;9567921959;S
20240208;165814;7354.500000000;5;9567921960;S
20240208;165814;7354.500000000;1;9567921961;S
20240208;165814;7354.000000000;4;9567921962;S
20240208;165836;7356.500000000;5;9567923883;B
20240208;165839;7356.500000000;1;9567924126;S
20240208;165839;7356.500000000;1;9567924163;S
20240208;165903;7356.500000000;4;9567926157;S
20240208;165915;7358.500000000;1;9567927301;B
20240208;165933;7356.500000000;3;9567928984;S
20240208;165933;7356.000000000;1;9567928985;S
20240208;165933;7356.000000000;1;9567928986;S
20240208;165946;7356.000000000;1;9567930508;B
20240208;165958;7357.000000000;2;9567931347;S
20240208;170012;7357.000000000;11;9567932579;S
20240208;170012;7357.000000000;2;9567932580;S
20240208;170012;7356.500000000;3;9567932581;S
20240208;170012;7357.500000000;4;9567932593;B
20240208;170012;7357.500000000;3;9567932594;B
20240208;170012;7357.500000000;3;9567932615;S
20240208;170012;7356.000000000;1;9567932616;S
20240208;170012;7356.000000000;1;9567932617;S
20240208;170012;7355.500000000;2;9567932618;S
20240208;170012;7355.500000000;1;9567932619;S
20240208;170012;7355.500000000;4;9567932620;S
20240208;170012;7355.000000000;3;9567932621;S
20240208;170012;7354.500000000;6;9567932622;S
20240208;170012;7354.000000000;1;9567932623;S
20240208;170012;7354.000000000;3;9567932624;S
20240208;170026;7357.000000000;1;9567933778;B
20240208;170030;7354.500000000;1;9567934027;S
20240208;170052;7354.500000000;1;9567935974;S
20240208;170052;7354.500000000;4;9567935975;S
20240208;170052;7354.000000000;13;9567935976;S
20240208;170052;7353.500000000;5;9567935977;S
20240208;170052;7353.500000000;2;9567935978;S
20240208;170052;7353.500000000;26;9567935979;S
20240208;170052;7353.500000000;3;9567935980;S
20240208;170052;7353.000000000;3;9567935981;S
20240208;170052;7353.000000000;5;9567935982;S
20240208;170052;7353.000000000;2;9567935983;S
20240208;170052;7353.000000000;40;9567935984;S
20240208;170052;7353.000000000;16;9567935985;S
20240208;170054;7354.500000000;3;9567936126;S
20240208;170055;7354.500000000;10;9567936219;S
20240208;170059;7356.000000000;2;9567936577;B
20240208;170059;7356.500000000;2;9567936578;B
20240208;170116;7355.000000000;1;9567938203;S
20240208;170120;7355.000000000;3;9567938599;B
20240208;170129;7355.000000000;2;9567939749;S
20240208;170129;7354.500000000;4;9567939750;S
20240208;170129;7354.000000000;10;9567939751;S
20240208;170129;7354.000000000;14;9567939752;S
20240208;170129;7353.500000000;2;9567939753;S
20240208;170129;7353.000000000;4;9567939754;S
20240208;170129;7353.000000000;20;9567939755;S
20240208;170129;7352.500000000;1;9567939756;S
20240208;170129;7352.500000000;38;9567939757;S
20240208;170133;7353.000000000;2;9567940092;S
20240208;170133;7352.500000000;17;9567940093;S
20240208;170137;7352.500000000;2;9567940453;S
20240208;170145;7352.500000000;9;9567941213;S
20240208;170145;7352.500000000;5;9567941214;S
20240208;170145;7352.500000000;2;9567941215;S
20240208;170145;7352.500000000;5;9567941216;S
20240208;170150;7352.000000000;1;9567941777;S
20240208;170150;7352.000000000;1;9567941779;S
20240208;170151;7354.000000000;1;9567941846;S
20240208;170205;7355.000000000;1;9567942929;B
20240208;170207;7354.500000000;1;9567943086;S
20240208;170207;7354.000000000;9;9567943087;S
20240208;170207;7354.000000000;10;9567943088;S
20240208;170207;7354.000000000;3;9567943089;S
20240208;170211;7353.500000000;10;9567943402;S
20240208;170211;7353.000000000;3;9567943403;S
20240208;170211;7352.000000000;23;9567943404;S
20240208;170211;7352.000000000;2;9567943447;S
20240208;170213;7352.000000000;3;9567943562;S
20240208;170213;7352.000000000;5;9567943563;S
20240208;170213;7351.500000000;5;9567943564;S
20240208;170213;7351.500000000;2;9567943565;S
20240208;170213;7351.500000000;10;9567943566;S
20240208;170213;7351.500000000;20;9567943567;S
20240208;170213;7351.500000000;4;9567943568;S
20240208;170213;7351.500000000;9;9567943569;S
20240208;170213;7351.500000000;11;9567943570;S
20240208;170213;7351.500000000;3;9567943571;S
20240208;170213;7351.500000000;5;9567943572;S
20240208;170216;7351.000000000;5;9567943839;S
20240208;170216;7351.000000000;3;9567943840;S
20240208;170216;7351.000000000;2;9567943841;S
20240208;170216;7351.000000000;1;9567943842;S
20240208;170216;7351.000000000;10;9567943843;S
20240208;170216;7351.000000000;28;9567943844;S
20240208;170216;7351.000000000;46;9567943845;S
20240208;170219;7351.500000000;23;9567944053;B
20240208;170219;7351.500000000;35;9567944054;B
20240208;170219;7352.000000000;3;9567944055;B
20240208;170219;7352.000000000;21;9567944056;B
20240208;170219;7352.500000000;18;9567944057;B
20240208;170221;7351.000000000;4;9567944220;S
20240208;170221;7351.000000000;73;9567944221;S
20240208;170224;7351.000000000;1;9567944403;S
20240208;170229;7351.500000000;1;9567944790;B
20240208;170238;7351.000000000;4;9567945464;S
20240208;170240;7351.500000000;1;9567945616;B
20240208;170241;7351.000000000;1;9567945766;S
20240208;170244;7351.000000000;10;9567946003;S
20240208;170247;7351.000000000;2;9567946196;S
20240208;170251;7351.000000000;5;9567946574;S
20240208;170254;7351.000000000;4;9567946773;S
20240208;170254;7351.000000000;5;9567946774;S
20240208;170254;7351.500000000;1;9567946788;B
20240208;170255;7351.000000000;5;9567946840;S
20240208;170255;7350.500000000;5;9567946841;S
20240208;170259;7350.500000000;1;9567947063;S
20240208;170259;7350.500000000;8;9567947064;S
20240208;170259;7350.500000000;11;9567947065;S
20240208;170259;7350.500000000;1;9567947089;S
20240208;170259;7350.500000000;4;9567947090;S
20240208;170304;7350.500000000;96;9567947384;S
20240208;170304;7350.500000000;1;9567947385;S
20240208;170304;7350.500000000;3;9567947386;S
20240208;170305;7351.000000000;3;9567947427;B
20240208;170305;7351.000000000;1;9567947467;B
20240208;170308;7350.500000000;1;9567947645;S
20240208;170315;7350.500000000;1;9567948227;S
20240208;170315;7350.500000000;3;9567948228;S
20240208;170315;7350.500000000;1;9567948252;B
20240208;170315;7350.500000000;10;9567948277;B
20240208;170316;7350.000000000;10;9567948557;S
20240208;170316;7350.000000000;2;9567948565;S
20240208;170316;7350.000000000;1;9567948566;S
20240208;170316;7350.000000000;30;9567948567;S
20240208;170316;7350.000000000;27;9567948704;S
20240208;170316;7350.000000000;13;9567948756;S
20240208;170316;7350.000000000;17;9567948757;S
20240208;170316;7350.000000000;2;9567948761;S
20240208;170316;7350.000000000;2;9567948762;S
20240208;170316;7350.000000000;1;9567948763;S
20240208;170316;7350.000000000;1;9567948772;S
20240208;170316;7350.000000000;10;9567948802;S
20240208;170316;7350.000000000;5;9567948872;S
20240208;170316;7350.000000000;2;9567948880;S
20240208;170316;7350.000000000;50;9567948882;S
20240208;170317;7350.000000000;95;9567948987;S
20240208;170317;7350.000000000;4;9567948988;S
20240208;170317;7350.000000000;1;9567949251;S
20240208;170318;7350.000000000;5;9567949374;S
20240208;170318;7350.000000000;10;9567949375;S
20240208;170318;7350.000000000;10;9567949388;S
20240208;170318;7350.000000000;30;9567949389;S
20240208;170318;7350.000000000;10;9567949390;S
20240208;170318;7350.000000000;5;9567949391;S
20240208;170318;7350.000000000;10;9567949392;S
20240208;170318;7350.000000000;7;9567949393;S
20240208;170318;7350.000000000;2;9567949394;S
20240208;170318;7350.000000000;10;9567949395;S
20240208;170318;7350.000000000;2;9567949396;S
20240208;170318;7350.000000000;1;9567949397;S
20240208;170318;7350.000000000;2;9567949398;S
20240208;170318;7350.000000000;5;9567949399;S
20240208;170318;7350.000000000;10;9567949400;S
20240208;170318;7350.000000000;10;9567949401;S
20240208;170318;7350.000000000;250;9567949402;S
20240208;170318;7350.000000000;2;9567949403;S
20240208;170318;7350.000000000;20;9567949404;S
20240208;170318;7350.000000000;1;9567949405;S
20240208;170318;7350.000000000;13;9567949406;S
20240208;170319;7350.000000000;1;9567949475;S
20240208;170320;7350.000000000;1;9567949565;S
20240208;170320;7350.000000000;1;9567949566;S
20240208;170320;7350.000000000;6;9567949567;S
20240208;170320;7350.000000000;5;9567949600;S
20240208;170321;7350.000000000;71;9567949644;S
20240208;170323;7350.000000000;2;9567949860;S
20240208;170323;7350.000000000;3;9567949861;S
20240208;170323;7350.000000000;1;9567949862;S
20240208;170325;7350.000000000;8;9567950170;S
20240208;170325;7350.000000000;5;9567950171;S
20240208;170325;7350.000000000;10;9567950179;S
20240208;170327;7350.000000000;1;9567950356;S
20240208;170339;7350.000000000;1;9567951338;S
20240208;170343;7350.500000000;1;9567951622;B
20240208;170347;7350.000000000;1;9567951920;S
20240208;170348;7350.000000000;1;9567951961;S
20240208;170348;7350.000000000;1;9567951967;S
20240208;170348;7350.000000000;20;9567951968;S
20240208;170348;7350.000000000;1;9567951969;S
20240208;170348;7350.000000000;8;9567951970;S
20240208;170350;7350.000000000;12;9567952076;S
20240208;170350;7350.000000000;10;9567952077;S
20240208;170350;7350.000000000;1;9567952078;S
20240208;170350;7350.000000000;1;9567952079;S
20240208;170350;7350.000000000;4;9567952080;S
20240208;170350;7350.000000000;7;9567952081;S
20240208;170350;7350.000000000;3;9567952082;S
20240208;170350;7350.000000000;3;9567952083;S
20240208;170350;7350.000000000;88;9567952084;S
20240208;170351;7350.000000000;20;9567952183;S
20240208;170352;7350.000000000;5;9567952251;S
20240208;170352;7350.000000000;1;9567952326;S
20240208;170354;7350.000000000;28;9567952505;S
20240208;170354;7350.000000000;1;9567952519;S
20240208;170355;7350.000000000;1;9567952577;S
20240208;170357;7350.000000000;10;9567952749;S
20240208;170359;7350.000000000;1;9567952859;S
20240208;170401;7350.000000000;1;9567953011;S
20240208;170404;7350.000000000;25;9567953236;S
20240208;170405;7350.000000000;1;9567953274;S
20240208;170409;7350.000000000;1;9567953539;S
20240208;170417;7350.000000000;62;9567954128;S
20240208;170428;7350.000000000;2;9567955000;S
20240208;170428;7350.000000000;30;9567955001;S
20240208;170435;7350.000000000;23;9567955461;S
20240208;170435;7350.000000000;2;9567955462;S
20240208;170435;7350.000000000;27;9567955463;S
20240208;170435;7350.000000000;13;9567955464;S
20240208;170435;7350.000000000;1;9567955465;S
20240208;170435;7350.000000000;1;9567955466;S
20240208;170435;7350.000000000;1;9567955467;S
20240208;170435;7350.000000000;2;9567955468;S
20240208;170435;7350.000000000;1;9567955469;S
20240208;170435;7350.000000000;2;9567955470;S
20240208;170435;7350.000000000;3;9567955471;S
20240208;170435;7350.000000000;10;9567955472;S
20240208;170435;7350.000000000;10;9567955473;S
20240208;170435;7350.000000000;1;9567955474;S
20240208;170435;7350.000000000;2;9567955475;S
20240208;170435;7350.000000000;1;9567955476;S
20240208;170435;7350.000000000;5;9567955477;S
20240208;170435;7350.000000000;3;9567955478;S
20240208;170435;7350.000000000;3;9567955479;S
20240208;170435;7350.000000000;1;9567955480;S
20240208;170435;7350.000000000;5;9567955481;S
20240208;170435;7350.000000000;4;9567955482;S
20240208;170435;7350.000000000;8;9567955483;S
20240208;170435;7350.000000000;1;9567955484;S
20240208;170435;7349.500000000;5;9567955485;S
20240208;170435;7349.500000000;6;9567955486;S
20240208;170435;7349.500000000;7;9567955488;S
20240208;170435;7349.500000000;5;9567955489;S
20240208;170435;7349.000000000;6;9567955492;S
20240208;170435;7349.000000000;1;9567955493;S
20240208;170435;7349.000000000;5;9567955494;S
20240208;170435;7349.000000000;1;9567955495;S
20240208;170435;7349.000000000;5;9567955496;S
20240208;170435;7349.000000000;4;9567955497;S
20240208;170435;7348.500000000;5;9567955498;S
20240208;170435;7348.000000000;5;9567955499;S
20240208;170435;7348.000000000;3;9567955500;S
20240208;170435;7348.000000000;100;9567955501;S
20240208;170435;7348.000000000;10;9567955502;S
20240208;170435;7347.500000000;5;9567955503;S
20240208;170435;7347.500000000;5;9567955504;S
20240208;170435;7347.500000000;1;9567955505;S
20240208;170435;7347.500000000;5;9567955527;B
20240208;170435;7347.500000000;5;9567955531;B
20240208;170435;7347.000000000;5;9567955538;S
20240208;170435;7347.000000000;2;9567955539;B
20240208;170435;7346.500000000;1;9567955540;S
20240208;170435;7346.500000000;5;9567955541;S
20240208;170435;7346.500000000;7;9567955542;S
20240208;170435;7346.500000000;1;9567955553;S
20240208;170435;7346.500000000;3;9567955560;S
20240208;170435;7346.500000000;2;9567955561;S
20240208;170435;7346.500000000;10;9567955580;S
20240208;170435;7346.500000000;4;9567955581;S
20240208;170435;7346.500000000;5;9567955582;S
20240208;170435;7346.000000000;1;9567955583;S
20240208;170435;7346.000000000;5;9567955584;S
20240208;170435;7346.000000000;5;9567955585;S
20240208;170435;7346.000000000;12;9567955589;S
20240208;170436;7346.000000000;1;9567955598;S
20240208;170440;7346.000000000;9;9567956001;S
20240208;170441;7346.000000000;1;9567956119;S
20240208;170444;7346.500000000;1;9567956284;B
20240208;170445;7346.500000000;5;9567956392;B
20240208;170446;7346.000000000;1;9567956511;S
20240208;170449;7346.000000000;1;9567956716;S
20240208;170450;7347.000000000;5;9567956783;B
20240208;170457;7347.000000000;2;9567957280;B
20240208;170458;7346.000000000;10;9567957372;S
20240208;170507;7346.000000000;2;9567958096;S
20240208;170517;7346.000000000;50;9567958908;S
20240208;170524;7346.000000000;10;9567959480;S
20240208;170525;7346.000000000;1;9567959510;S
20240208;170527;7346.000000000;5;9567959759;S
20240208;170531;7346.000000000;14;9567960055;S
20240208;170532;7346.000000000;50;9567960091;S
20240208;170538;7346.000000000;2;9567960612;S
20240208;170547;7346.500000000;4;9567961421;B
20240208;170547;7346.500000000;2;9567961423;B
20240208;170555;7346.000000000;50;9567962006;S
20240208;170556;7346.000000000;2;9567962108;S
20240208;170557;7346.500000000;1;9567962179;B
20240208;170559;7346.500000000;1;9567962305;B
20240208;170607;7346.000000000;50;9567962961;S
20240208;170609;7346.000000000;5;9567963085;S
20240208;170615;7346.000000000;5;9567963544;S
20240208;170617;7346.500000000;12;9567963722;B
20240208;170617;7346.500000000;1;9567963723;B
20240208;170620;7346.500000000;1;9567963920;B
20240208;170620;7346.500000000;9;9567963921;B
20240208;170621;7347.000000000;1;9567964009;B
20240208;170621;7347.000000000;2;9567964010;B
20240208;170621;7347.000000000;4;9567964011;B
20240208;170622;7346.000000000;50;9567964090;S
20240208;170622;7346.000000000;8;9567964093;S
20240208;170630;7347.000000000;1;9567964645;S
20240208;170631;7347.500000000;1;9567964684;B
20240208;170633;7347.000000000;27;9567964842;S
20240208;170634;7347.500000000;6;9567964898;B
20240208;170636;7347.500000000;20;9567965046;B
20240208;170636;7347.500000000;7;9567965047;B
20240208;170636;7348.000000000;1;9567965048;B
20240208;170636;7348.000000000;19;9567965049;B
20240208;170636;7348.500000000;1;9567965050;B
20240208;170641;7347.500000000;3;9567965336;S
20240208;170644;7348.500000000;6;9567965571;B
20240208;170644;7348.500000000;3;9567965572;B
20240208;170644;7348.500000000;7;9567965573;B
20240208;170644;7349.000000000;21;9567965574;B
20240208;170645;7349.000000000;4;9567965715;S
20240208;170645;7349.500000000;13;9567965719;B
20240208;170646;7349.500000000;7;9567965758;B
20240208;170646;7349.500000000;13;9567965759;B
20240208;170647;7349.000000000;2;9567965808;S
20240208;170658;7349.000000000;3;9567966644;S
20240208;170659;7349.500000000;1;9567966671;B
20240208;170705;7349.000000000;2;9567967124;S
20240208;170705;7349.500000000;5;9567967154;B
20240208;170714;7349.500000000;1;9567968492;B
20240208;170715;7349.500000000;1;9567968523;B
20240208;170717;7349.000000000;20;9567968721;S
20240208;170717;7349.000000000;14;9567968722;S
20240208;170717;7349.000000000;30;9567968723;S
20240208;170717;7348.000000000;7;9567968724;S
20240208;170717;7347.500000000;7;9567968725;S
20240208;170717;7347.500000000;34;9567968726;S
20240208;170717;7347.000000000;7;9567968727;S
20240208;170717;7346.500000000;1;9567968728;S
20240208;170717;7346.500000000;21;9567968729;S
20240208;170717;7346.500000000;100;9567968730;S
20240208;170717;7346.000000000;6;9567968731;S
20240208;170717;7346.000000000;3;9567968732;S
20240208;170727;7348.000000000;7;9567969394;B
20240208;170727;7348.000000000;10;9567969395;B
20240208;170727;7348.500000000;20;9567969396;B
20240208;170727;7348.500000000;12;9567969397;B
20240208;170727;7349.500000000;18;9567969398;B
20240208;170727;7349.500000000;33;9567969399;B
20240208;170736;7348.500000000;1;9567970147;B
20240208;170737;7347.000000000;1;9567970225;S
20240208;170744;7348.500000000;5;9567970803;B
20240208;170744;7349.000000000;20;9567970804;B
20240208;170744;7349.500000000;20;9567970805;B
20240208;170744;7350.000000000;1;9567970806;B
20240208;170744;7350.000000000;400;9567970807;B
20240208;170744;7350.000000000;20;9567970808;B
20240208;170744;7350.500000000;5;9567970809;B
20240208;170744;7350.500000000;6;9567970810;B
20240208;170744;7350.500000000;1;9567970811;B
20240208;170744;7350.500000000;4;9567970812;B
20240208;170744;7351.500000000;40;9567970813;B
20240208;170744;7352.000000000;13;9567970858;B
20240208;170744;7352.000000000;53;9567970859;B
20240208;170745;7352.000000000;1;9567970918;B
20240208;170747;7352.000000000;2;9567971032;B
20240208;170748;7352.000000000;4;9567971149;B
20240208;170750;7351.500000000;2;9567971342;S
20240208;170752;7352.000000000;1;9567971423;B
20240208;170753;7351.500000000;1;9567971540;S
20240208;170757;7352.000000000;1;9567971824;B
20240208;170757;7352.000000000;1;9567971825;B
20240208;170758;7352.000000000;10;9567971919;B
20240208;170802;7351.500000000;2;9567972251;S
20240208;170806;7352.000000000;1;9567972679;B
20240208;170806;7352.000000000;13;9567972680;B
20240208;170818;7351.500000000;6;9567973643;S
20240208;170840;7351.000000000;1;9567975265;S
20240208;170843;7352.500000000;8;9567975505;B
20240208;170843;7353.000000000;52;9567975506;B
20240208;170914;7353.000000000;5;9567978325;B
20240208;170915;7351.500000000;7;9567978396;S
20240208;170915;7351.000000000;1;9567978397;S
20240208;170919;7353.000000000;5;9567978778;B
20240208;170919;7353.000000000;1;9567978779;B
20240208;170919;7353.500000000;2;9567978780;B
20240208;170919;7353.500000000;11;9567978781;B
20240208;170919;7354.000000000;16;9567978782;B
20240208;170930;7353.500000000;1;9567979623;B
20240208;170933;7353.500000000;2;9567979865;B
20240208;170933;7353.500000000;11;9567979866;B
20240208;170933;7354.000000000;387;9567979867;B
20240208;170933;7353.500000000;2;9567979868;B
20240208;170933;7354.000000000;140;9567979869;B
20240208;170933;7354.000000000;8;9567979870;B
20240208;170934;7354.000000000;5;9567979895;B
20240208;170934;7354.000000000;2;9567979951;B
20240208;170937;7354.000000000;1;9567980659;B
20240208;170939;7354.000000000;38;9567980803;B
20240208;170939;7354.500000000;29;9567980804;B
20240208;170939;7355.000000000;5;9567980805;B
20240208;170939;7355.000000000;1;9567980819;S
20240208;170939;7355.500000000;9;9567980822;B
20240208;170939;7355.500000000;4;9567980823;B
20240208;170942;7354.000000000;3;9567981022;S
20240208;170948;7353.000000000;1;9567981748;S
20240208;170948;7353.000000000;7;9567981749;S
20240208;170948;7353.000000000;5;9567981750;B
20240208;170948;7355.500000000;14;9567981814;B
20240208;170951;7354.000000000;1;9567982085;S
20240208;170955;7355.000000000;1;9567982282;B
20240208;170955;7355.000000000;1;9567982283;B
20240208;170958;7354.500000000;1;9567982621;S
20240208;171010;7356.500000000;1;9567983707;B
20240208;171014;7354.000000000;21;9567984062;S
20240208;171014;7353.500000000;2;9567984063;S
20240208;171014;7353.500000000;7;9567984064;S
20240208;171021;7354.000000000;1;9567984585;S
20240208;171026;7356.000000000;1;9567984979;S
20240208;171036;7356.000000000;1;9567985732;S
20240208;171042;7356.000000000;5;9567986580;S
20240208;171045;7356.000000000;1;9567986865;S
20240208;171046;7356.500000000;1;9567986926;B
20240208;171046;7356.500000000;1;9567986927;B
20240208;171055;7356.000000000;1;9567987650;S
20240208;171056;7356.500000000;1;9567987681;B
20240208;171059;7356.500000000;18;9567987884;B
20240208;171059;7356.500000000;7;9567987885;B
20240208;171059;7356.500000000;1;9567987886;B
20240208;171059;7356.500000000;20;9567987887;B
20240208;171059;7357.000000000;4;9567987888;B
20240208;171103;7356.000000000;5;9567988172;S
20240208;171109;7356.500000000;2;9567988756;B
20240208;171109;7356.000000000;5;9567988759;S
20240208;171116;7356.500000000;1;9567989440;B
20240208;171116;7356.500000000;3;9567989441;B
20240208;171119;7356.000000000;2;9567989646;S
20240208;171119;7354.000000000;1;9567989647;S
20240208;171119;7353.500000000;9;9567989648;S
20240208;171119;7353.000000000;3;9567989649;S
20240208;171158;7353.500000000;2;9567992890;S
20240208;171158;7353.000000000;1;9567992891;S
20240208;171231;7353.000000000;2;9567996145;S
20240208;171238;7355.000000000;21;9567996721;B
20240208;171238;7355.000000000;9;9567996722;B
20240208;171240;7353.000000000;1;9567996823;S
20240208;171303;7354.500000000;2;9567998876;B
20240208;171325;7355.000000000;1;9568000745;B
20240208;171334;7355.000000000;3;9568001450;B
20240208;171334;7355.500000000;7;9568001451;B
20240208;171334;7355.500000000;3;9568001452;B
20240208;171334;7355.500000000;19;9568001453;B
20240208;171334;7355.500000000;6;9568001454;B
20240208;171334;7355.500000000;10;9568001455;B
20240208;171334;7356.500000000;1;9568001456;B
20240208;171334;7356.500000000;25;9568001457;B
20240208;171334;7356.500000000;1;9568001458;B
20240208;171334;7357.000000000;75;9568001459;B
20240208;171343;7356.500000000;7;9568002158;B
20240208;171349;7356.500000000;3;9568003315;B
20240208;171353;7356.500000000;2;9568003619;B
20240208;171405;7356.000000000;1;9568004548;S
20240208;171407;7355.000000000;1;9568004680;S
20240208;171407;7355.000000000;1;9568004681;S
20240208;171414;7355.000000000;1;9568005131;S
20240208;171419;7355.000000000;1;9568005541;S
20240208;171419;7354.500000000;3;9568005542;S
20240208;171419;7354.000000000;6;9568005543;S
20240208;171419;7354.000000000;12;9568005544;S
20240208;171419;7353.500000000;11;9568005545;S
20240208;171419;7353.000000000;1;9568005546;S
20240208;171419;7353.000000000;1;9568005547;S
20240208;171419;7353.000000000;1;9568005548;S
20240208;171419;7353.000000000;10;9568005549;S
20240208;171419;7352.500000000;58;9568005550;S
20240208;171419;7352.500000000;21;9568005551;S
20240208;171419;7352.000000000;66;9568005552;S
20240208;171419;7352.000000000;10;9568005553;S
20240208;171419;7352.000000000;23;9568005554;S
20240208;171419;7351.500000000;20;9568005555;S
20240208;171419;7351.000000000;56;9568005556;S
20240208;171431;7355.500000000;1;9568006305;B
20240208;171431;7355.500000000;6;9568006306;B
20240208;171449;7352.500000000;2;9568007829;S
20240208;171513;7352.500000000;1;9568009583;S
20240208;171526;7353.000000000;3;9568010543;B
20240208;171534;7353.000000000;6;9568011227;S
20240208;171534;7352.500000000;4;9568011228;S
20240208;171534;7352.500000000;1;9568011229;S
20240208;171534;7352.500000000;49;9568011230;S
20240208;171538;7353.000000000;5;9568011466;S
20240208;171546;7352.500000000;6;9568012189;S
20240208;171549;7352.500000000;4;9568012391;S
20240208;171549;7352.500000000;2;9568012392;S
20240208;171549;7352.000000000;3;9568012393;S
20240208;171559;7352.000000000;7;9568013213;S
20240208;171559;7352.000000000;1;9568013214;S
20240208;171606;7351.000000000;1;9568013749;S
20240208;171610;7351.000000000;3;9568014012;S
20240208;171612;7351.500000000;1;9568014203;S
20240208;171618;7351.500000000;5;9568014766;S
20240208;171619;7351.000000000;4;9568014869;S
20240208;171621;7351.000000000;9;9568014946;S
20240208;171623;7352.000000000;1;9568015073;B
20240208;171623;7352.000000000;2;9568015074;B
20240208;171623;7352.500000000;7;9568015075;B
20240208;171627;7351.500000000;3;9568015271;S
20240208;171630;7351.500000000;3;9568015497;S
20240208;171639;7351.500000000;1;9568016308;S
20240208;171639;7351.500000000;1;9568016309;S
20240208;171655;7351.500000000;1;9568017461;S
20240208;171655;7351.500000000;1;9568017462;S
20240208;171656;7351.500000000;1;9568017498;S
20240208;171657;7351.500000000;1;9568017578;S
20240208;171705;7352.000000000;5;9568018234;B
20240208;171705;7352.000000000;6;9568018235;B
20240208;171705;7352.500000000;14;9568018236;B
20240208;171705;7353.000000000;5;9568018237;B
20240208;171705;7353.000000000;120;9568018238;B
20240208;171709;7351.500000000;3;9568018671;S
20240208;171720;7351.500000000;2;9568019733;S
20240208;171720;7351.500000000;2;9568019734;S
20240208;171727;7351.500000000;1;9568020404;S
20240208;171728;7351.000000000;2;9568020534;S
20240208;171729;7351.000000000;3;9568020676;S
20240208;171730;7351.000000000;1;9568020761;S
20240208;171732;7352.000000000;1;9568021002;B
20240208;171739;7351.000000000;2;9568021391;S
20240208;171753;7352.000000000;1;9568022768;B
20240208;171807;7352.000000000;6;9568024214;B
20240208;171807;7353.000000000;5;9568024215;B
20240208;171807;7353.000000000;5;9568024216;B
20240208;171807;7353.000000000;5;9568024217;B
20240208;171807;7353.000000000;16;9568024218;B
20240208;171807;7354.500000000;21;9568024219;B
20240208;171807;7355.000000000;12;9568024220;B
20240208;171807;7355.000000000;20;9568024221;B
20240208;171807;7355.500000000;1;9568024222;B
20240208;171807;7355.500000000;27;9568024223;B
20240208;171807;7356.000000000;1;9568024224;B
20240208;171807;7356.000000000;13;9568024225;B
20240208;171807;7356.500000000;20;9568024226;B
20240208;171807;7356.500000000;48;9568024227;B
20240208;171814;7353.500000000;2;9568024767;S
20240208;171833;7354.000000000;3;9568026272;B
20240208;171834;7354.000000000;6;9568026391;B
20240208;171834;7354.500000000;75;9568026392;B
20240208;171834;7355.000000000;15;9568026393;B
20240208;171835;7355.500000000;3;9568026463;S
20240208;171835;7353.500000000;6;9568026464;S
20240208;171835;7353.000000000;15;9568026465;S
20240208;171838;7355.000000000;2;9568026885;B
20240208;171839;7353.000000000;2;9568027075;S
20240208;171839;7352.500000000;6;9568027076;S
20240208;171839;7352.000000000;7;9568027077;S
20240208;171839;7351.500000000;1;9568027078;S
20240208;171839;7351.500000000;10;9568027079;S
20240208;171839;7351.500000000;31;9568027080;S
20240208;171841;7353.500000000;3;9568027290;B
20240208;171845;7352.500000000;4;9568027690;S
20240208;171845;7352.000000000;6;9568027691;S
20240208;171936;7351.000000000;4;9568032505;S
20240208;171936;7351.000000000;2;9568032506;S
20240208;171936;7351.000000000;9;9568032507;S
20240208;171936;7351.000000000;1;9568032508;S
20240208;171936;7351.000000000;6;9568032509;S
20240208;171937;7351.000000000;53;9568032570;B
20240208;171937;7351.500000000;6;9568032571;B
20240208;171937;7351.500000000;15;9568032572;B
20240208;171937;7352.000000000;50;9568032573;B
20240208;171937;7352.500000000;50;9568032574;B
20240208;171937;7353.500000000;1;9568032575;B
20240208;171937;7353.500000000;20;9568032576;B
20240208;171937;7355.000000000;2;9568032577;B
20240208;171937;7355.500000000;3;9568032578;B
20240208;171959;7352.000000000;1;9568034596;S
20240208;172007;7352.500000000;9;9568035340;B
20240208;172017;7352.000000000;3;9568037503;B
20240208;172021;7352.000000000;1;9568037927;B
20240208;172032;7351.000000000;5;9568039036;S
20240208;172057;7351.000000000;1;9568041118;S
20240208;172101;7351.000000000;15;9568041434;S
20240208;172102;7352.500000000;12;9568041530;B
20240208;172102;7353.000000000;50;9568041531;B
20240208;172102;7353.000000000;11;9568041532;B
20240208;172102;7353.500000000;6;9568041533;B
20240208;172102;7354.000000000;21;9568041534;B
20240208;172107;7351.500000000;3;9568041948;S
20240208;172107;7351.000000000;9;9568041949;S
20240208;172107;7351.000000000;6;9568041950;S
20240208;172107;7351.000000000;3;9568041951;S
20240208;172107;7350.500000000;1;9568041952;S
20240208;172107;7350.500000000;2;9568041953;S
20240208;172107;7350.500000000;5;9568041954;S
20240208;172107;7350.500000000;20;9568041955;S
20240208;172107;7350.500000000;2;9568041956;S
20240208;172107;7350.500000000;9;9568041957;S
20240208;172107;7350.500000000;10;9568041958;S
20240208;172107;7350.000000000;58;9568041959;S
20240208;172117;7351.500000000;1;9568043852;S
20240208;172117;7351.500000000;2;9568043853;S
20240208;172121;7353.000000000;1;9568044272;B
20240208;172121;7353.000000000;1;9568044273;B
20240208;172121;7353.500000000;11;9568044274;B
20240208;172128;7353.500000000;1;9568044966;B
20240208;172128;7354.000000000;29;9568044967;B
20240208;172128;7354.000000000;5;9568044968;B
20240208;172129;7353.000000000;1;9568045108;S
20240208;172129;7352.500000000;1;9568045109;S
20240208;172129;7352.500000000;5;9568045110;S
20240208;172129;7352.500000000;4;9568045111;S
20240208;172129;7352.000000000;2;9568045112;S
20240208;172129;7352.000000000;2;9568045113;S
20240208;172129;7351.500000000;3;9568045114;S
20240208;172130;7352.500000000;4;9568045170;S
20240208;172132;7353.000000000;1;9568045390;S
20240208;172132;7352.500000000;1;9568045391;S
20240208;172155;7351.000000000;10;9568048737;S
20240208;172155;7350.500000000;4;9568048738;S
20240208;172155;7350.500000000;1;9568048739;S
20240208;172202;7352.000000000;1;9568052630;B
20240208;172213;7352.000000000;10;9568058889;B
20240208;172232;7352.000000000;1;9568069911;B
20240208;172234;7350.500000000;1;9568071112;S
20240208;172234;7350.500000000;3;9568071113;S
20240208;172234;7350.000000000;86;9568071114;S
20240208;172243;7350.000000000;1;9568075841;S
20240208;172301;7350.000000000;364;9568086566;S
20240208;172301;7350.000000000;5;9568086567;S
20240208;172301;7350.000000000;100;9568086568;S
20240208;172301;7350.000000000;1;9568086569;S
20240208;172301;7350.000000000;1;9568086570;S
20240208;172301;7350.000000000;2;9568086571;S
20240208;172301;7350.000000000;20;9568086572;S
20240208;172301;7350.000000000;2;9568086573;S
20240208;172301;7350.000000000;5;9568086574;S
20240208;172301;7350.000000000;15;9568086576;S
20240208;172301;7350.000000000;1;9568086577;S
20240208;172301;7350.000000000;2;9568086578;S
20240208;172301;7349.500000000;2;9568086581;S
20240208;172302;7349.000000000;6;9568086587;S
20240208;172302;7349.000000000;3;9568086590;S
20240208;172302;7349.000000000;4;9568086648;S
20240208;172302;7349.000000000;2;9568086702;S
20240208;172302;7348.000000000;1;9568086703;S
20240208;172302;7347.500000000;2;9568086704;S
20240208;172302;7347.500000000;6;9568086705;S
20240208;172302;7347.000000000;2;9568086706;S
20240208;172302;7347.000000000;2;9568086707;S
20240208;172302;7347.000000000;2;9568086708;S
20240208;172302;7346.500000000;2;9568086709;S
20240208;172302;7346.500000000;2;9568086710;S
20240208;172302;7346.000000000;2;9568086711;S
20240208;172302;7346.000000000;7;9568086712;S
20240208;172302;7346.000000000;1;9568086715;S
20240208;172302;7346.000000000;60;9568086716;S
20240208;172302;7346.000000000;1;9568086719;S
20240208;172302;7346.000000000;25;9568086720;S
20240208;172302;7346.000000000;1;9568086851;S
20240208;172324;7346.000000000;5;9568098995;S
20240208;172324;7346.000000000;1;9568098996;S
20240208;172324;7346.000000000;50;9568098997;S
20240208;172324;7346.000000000;10;9568098998;S
20240208;172324;7346.000000000;5;9568098999;S
20240208;172324;7345.500000000;1;9568099000;S
20240208;172324;7345.500000000;5;9568099001;S
20240208;172324;7345.500000000;4;9568099002;S
20240208;172324;7345.500000000;19;9568099003;S
20240208;172331;7348.500000000;1;9568103314;B
20240208;172331;7348.500000000;6;9568103315;B
20240208;172331;7349.000000000;1;9568103316;B
20240208;172331;7349.000000000;2;9568103317;B
20240208;172331;7349.000000000;4;9568103318;B
20240208;172331;7349.500000000;1;9568103319;B
20240208;172335;7346.000000000;2;9568105201;S
20240208;172338;7346.000000000;1;9568106903;S
20240208;172338;7346.000000000;6;9568106904;S
20240208;172338;7346.000000000;1;9568106905;S
20240208;172343;7345.500000000;13;9568109490;S
20240208;172343;7345.500000000;5;9568109561;S
20240208;172348;7345.500000000;3;9568110109;S
20240208;172353;7345.500000000;3;9568110560;S
20240208;172410;7347.500000000;6;9568111834;S
20240208;172410;7347.500000000;10;9568111835;S
20240208;172410;7347.000000000;6;9568111836;S
20240208;172410;7346.000000000;50;9568111837;S
20240208;172410;7345.500000000;18;9568111838;S
20240208;172413;7347.000000000;4;9568112136;S
20240208;172413;7346.000000000;1;9568112137;S
20240208;172413;7345.500000000;39;9568112138;S
20240208;172414;7345.500000000;5;9568112142;B
20240208;172419;7345.000000000;2;9568112936;S
20240208;172419;7345.000000000;3;9568112939;S
20240208;172419;7345.000000000;1;9568112940;S
20240208;172419;7345.000000000;1;9568112941;S
20240208;172419;7345.000000000;1;9568112942;S
20240208;172419;7345.000000000;2;9568112943;S
20240208;172419;7345.000000000;2;9568112944;S
20240208;172419;7345.000000000;1;9568112984;S
20240208;172419;7345.000000000;2;9568113000;S
20240208;172419;7345.000000000;6;9568113042;S
20240208;172419;7345.000000000;31;9568113045;S
20240208;172420;7345.000000000;100;9568113054;S
20240208;172420;7345.000000000;1;9568113062;S
20240208;172420;7345.000000000;13;9568113066;S
20240208;172422;7345.000000000;4;9568113289;S
20240208;172422;7345.500000000;1;9568113304;B
20240208;172424;7345.500000000;1;9568113415;B
20240208;172424;7345.000000000;15;9568113451;S
20240208;172425;7345.500000000;1;9568113510;B
20240208;172427;7345.500000000;4;9568113695;B
20240208;172427;7345.000000000;5;9568113712;S
20240208;172428;7345.000000000;40;9568113836;S
20240208;172428;7345.500000000;9;9568113837;B
20240208;172431;7345.500000000;1;9568114045;B
20240208;172433;7345.500000000;6;9568114142;B
20240208;172434;7345.500000000;2;9568114245;B
20240208;172437;7345.000000000;5;9568114595;S
20240208;172446;7345.000000000;1;9568115289;S
20240208;172447;7345.500000000;3;9568115317;B
20240208;172448;7345.500000000;1;9568115371;B
20240208;172449;7345.000000000;1;9568115522;S
20240208;172449;7345.000000000;1;9568115523;S
20240208;172449;7345.000000000;1;9568115524;S
20240208;172449;7345.000000000;10;9568115525;S
20240208;172449;7345.000000000;2;9568115526;S
20240208;172457;7345.000000000;2;9568116073;S
20240208;172457;7345.000000000;1;9568116074;S
20240208;172458;7345.500000000;22;9568116486;B
20240208;172458;7345.500000000;2;9568116487;B
20240208;172458;7346.000000000;4;9568116488;B
20240208;172505;7346.000000000;2;9568117670;S
20240208;172505;7345.500000000;1;9568117671;S
20240208;172525;7349.000000000;5;9568119354;B
20240208;172538;7346.500000000;2;9568120442;S
20240208;172538;7346.500000000;6;9568120443;B
20240208;172538;7346.500000000;23;9568120444;B
20240208;172538;7346.500000000;35;9568120445;B
20240208;172539;7346.500000000;1;9568120502;B
20240208;172539;7346.500000000;7;9568120524;B
20240208;172539;7346.500000000;1;9568120533;B
20240208;172541;7346.000000000;2;9568120717;S
20240208;172541;7345.500000000;4;9568120718;S
20240208;172541;7346.500000000;5;9568120719;B
20240208;172542;7346.500000000;1;9568120768;B
20240208;172544;7346.500000000;5;9568120943;B
20240208;172549;7345.500000000;1;9568121275;S
20240208;172549;7346.500000000;7;9568121307;B
20240208;172550;7346.500000000;7;9568121404;B
20240208;172550;7346.500000000;1;9568121405;B
20240208;172550;7347.500000000;1;9568121406;B
20240208;172550;7347.500000000;6;9568121407;B
20240208;172550;7348.000000000;15;9568121408;B
20240208;172550;7349.000000000;2;9568121409;B
20240208;172550;7349.000000000;1;9568121410;B
20240208;172550;7349.500000000;4;9568121411;B
20240208;172550;7350.000000000;1;9568121412;B
20240208;172550;7350.000000000;20;9568121413;B
20240208;172550;7351.000000000;11;9568121414;B
20240208;172550;7351.500000000;31;9568121415;B
20240208;172550;7352.000000000;4;9568121416;B
20240208;172550;7352.500000000;10;9568121417;B
20240208;172550;7352.500000000;22;9568121418;B
20240208;172553;7348.000000000;1;9568121572;S
20240208;172556;7348.500000000;6;9568121798;S
20240208;172556;7347.500000000;47;9568121799;S
20240208;172556;7347.000000000;20;9568121800;S
20240208;172556;7347.000000000;20;9568121801;S
20240208;172556;7345.500000000;1;9568121802;S
20240208;172556;7345.000000000;10;9568121803;S
20240208;172556;7345.000000000;10;9568121804;S
20240208;172556;7345.000000000;22;9568121805;S
20240208;172556;7345.000000000;50;9568121806;S
20240208;172556;7344.500000000;5;9568121807;S
20240208;172556;7344.500000000;24;9568121808;S
20240208;172614;7347.000000000;3;9568123049;S
20240208;172614;7346.500000000;36;9568123050;S
20240208;172614;7346.500000000;6;9568123051;S
20240208;172614;7346.500000000;15;9568123062;B
20240208;172627;7346.500000000;1;9568124214;S
20240208;172658;7346.500000000;2;9568127234;B
20240208;172705;7346.500000000;6;9568127784;B
20240208;172732;7348.000000000;1;9568130140;B
20240208;172732;7349.000000000;1;9568130141;B
20240208;172747;7347.000000000;1;9568131979;S
20240208;172752;7347.000000000;1;9568132306;S
20240208;172753;7347.000000000;1;9568132510;S
20240208;172823;7346.500000000;1;9568135332;S
20240208;172823;7346.500000000;1;9568135333;B
20240208;172849;7348.000000000;1;9568137616;B
20240208;172849;7348.000000000;1;9568137617;B
20240208;172854;7346.500000000;1;9568138021;S
20240208;172856;7348.500000000;1;9568138195;B
20240208;172856;7348.500000000;1;9568138196;B
20240208;172856;7349.000000000;2;9568138198;B
20240208;172856;7349.000000000;2;9568138199;B
20240208;172914;7349.000000000;5;9568140054;B
20240208;172914;7349.000000000;5;9568140055;B
20240208;172914;7349.500000000;8;9568140056;B
20240208;172914;7350.000000000;1;9568140057;B
20240208;172914;7351.500000000;1;9568140058;B
20240208;172914;7352.000000000;1;9568140059;B
20240208;172914;7352.000000000;4;9568140060;B
20240208;172915;7352.000000000;5;9568140107;B
20240208;172952;7352.500000000;1;9568143578;B
20240208;172959;7353.500000000;1;9568144131;B
20240208;172959;7353.500000000;1;9568144132;B
20240208;172959;7354.000000000;2;9568144133;B
20240208;172959;7354.000000000;20;9568144134;B
20240208;172959;7354.000000000;5;9568144135;B
20240208;172959;7354.500000000;11;9568144136;B
20240208;172959;7355.000000000;200;9568144137;B
20240208;172959;7355.000000000;1;9568144138;B
20240208;172959;7355.000000000;10;9568144139;B
20240208;172959;7355.000000000;1;9568144140;B
20240208;172959;7355.000000000;27;9568144141;B
20240208;172959;7356.000000000;20;9568144142;B
20240208;172959;7356.500000000;1;9568144143;B
20240208;172959;7352.500000000;5;9568144198;S
20240208;172959;7352.000000000;1;9568144199;B
20240208;172959;7352.000000000;3;9568144200;B
20240208;172959;7352.000000000;3;9568144201;B
20240208;173005;7350.500000000;1;9568144639;S
20240208;173005;7350.500000000;1;9568144640;S
20240208;173005;7352.000000000;10;9568144641;B
20240208;173005;7350.500000000;7;9568144669;S
20240208;173005;7350.500000000;3;9568144670;S
20240208;173006;7352.000000000;1;9568144734;B
20240208;173011;7352.000000000;2;9568145162;B
20240208;173029;7352.500000000;2;9568147727;S
20240208;173029;7352.000000000;2;9568147728;S
20240208;173029;7352.000000000;1;9568147729;S
20240208;173029;7352.000000000;1;9568147730;S
20240208;173029;7352.000000000;4;9568147731;S
20240208;173029;7352.000000000;1;9568147732;S
20240208;173029;7351.500000000;6;9568147733;S
20240208;173030;7352.000000000;2;9568147833;S
20240208;173030;7351.500000000;13;9568147834;S
20240208;173036;7354.000000000;1;9568148666;B
20240208;173036;7354.000000000;2;9568148667;B
20240208;173036;7354.500000000;9;9568148668;B
20240208;173040;7354.500000000;1;9568149494;S
20240208;173040;7351.500000000;2;9568149495;S
20240208;173040;7351.500000000;5;9568149496;S
20240208;173040;7351.500000000;2;9568149497;S
20240208;173041;7351.500000000;4;9568149587;S
20240208;173041;7351.500000000;4;9568149588;B
20240208;173051;7354.500000000;2;9568151012;B
20240208;173051;7355.000000000;5;9568151013;B
20240208;173051;7355.500000000;11;9568151014;B
20240208;173051;7355.500000000;2;9568151015;B
20240208;173052;7353.000000000;2;9568151098;S
20240208;173113;7356.000000000;5;9568154042;B
20240208;173113;7356.500000000;9;9568154043;B
20240208;173113;7356.500000000;5;9568154044;B
20240208;173113;7357.000000000;1;9568154045;B
20240208;173113;7356.000000000;1;9568154058;B
20240208;173113;7356.000000000;2;9568154086;B
20240208;173113;7356.500000000;10;9568154087;B
20240208;173113;7357.000000000;1;9568154088;B
20240208;173113;7357.000000000;20;9568154089;B
20240208;173113;7357.500000000;2;9568154090;B
20240208;173113;7357.500000000;1;9568154091;B
20240208;173121;7356.000000000;2;9568155228;B
20240208;173122;7356.000000000;3;9568155253;B
20240208;173122;7357.500000000;1;9568155254;B
20240208;173122;7357.500000000;5;9568155255;B
20240208;173122;7358.000000000;18;9568155256;B
20240208;173145;7354.000000000;1;9568159214;S
20240208;173145;7354.000000000;7;9568159215;S
20240208;173154;7357.000000000;1;9568160940;B
20240208;173154;7357.000000000;2;9568160941;B
20240208;173154;7357.500000000;1;9568160942;B
20240208;173154;7357.500000000;1;9568160943;B
20240208;173212;7357.000000000;10;9568163905;S
20240208;173238;7354.500000000;1;9568168590;S
20240208;173247;7354.500000000;2;9568170379;S
20240208;173253;7356.500000000;2;9568171478;B
20240208;173253;7357.000000000;1;9568171479;B
20240208;173253;7357.000000000;1;9568171480;B
20240208;173309;7355.500000000;1;9568173119;S
20240208;173331;7355.500000000;25;9568174930;S
20240208;173339;7355.500000000;1;9568175826;S
20240208;173349;7355.500000000;1;9568176695;S
20240208;173351;7355.500000000;3;9568176950;S
20240208;173406;7355.500000000;5;9568178091;S
20240208;173409;7356.000000000;17;9568178312;B
20240208;173409;7356.000000000;12;9568178313;B
20240208;173412;7356.000000000;1;9568178629;B
20240208;173418;7356.000000000;10;9568179437;B
20240208;173418;7356.500000000;4;9568179438;B
20240208;173418;7356.500000000;39;9568179439;B
20240208;173418;7357.000000000;5;9568179440;B
20240208;173418;7357.000000000;12;9568179441;B
20240208;173423;7355.500000000;2;9568179826;S
20240208;173427;7356.000000000;1;9568180104;B
20240208;173428;7356.000000000;2;9568180204;B
20240208;173428;7356.000000000;4;9568180205;B
20240208;173428;7356.000000000;12;9568180206;B
20240208;173428;7356.000000000;14;9568180207;B
20240208;173430;7355.500000000;2;9568180328;S
20240208;173451;7355.500000000;2;9568182356;S
20240208;173454;7356.500000000;2;9568182592;B
20240208;173454;7357.000000000;2;9568182593;B
20240208;173454;7357.000000000;4;9568182594;B
20240208;173454;7357.500000000;2;9568182595;B
20240208;173513;7356.500000000;2;9568184151;S
20240208;173519;7356.500000000;5;9568184652;S
20240208;173520;7356.500000000;3;9568184667;S
20240208;173520;7356.000000000;1;9568184668;S
20240208;173521;7356.000000000;13;9568184820;S
20240208;173526;7355.500000000;2;9568185164;S
20240208;173527;7355.500000000;1;9568185243;S
20240208;173532;7356.000000000;3;9568185670;B
20240208;173536;7355.500000000;2;9568186517;S
20240208;173536;7355.500000000;3;9568186518;S
20240208;173536;7355.500000000;1;9568186519;S
20240208;173536;7355.000000000;4;9568186520;S
20240208;173536;7355.000000000;13;9568186555;S
20240208;173536;7354.500000000;10;9568186558;S
20240208;173536;7354.500000000;1;9568186559;S
20240208;173536;7354.500000000;5;9568186560;S
20240208;173536;7354.500000000;1;9568186561;S
20240208;173536;7353.500000000;1;9568186565;S
20240208;173542;7354.000000000;2;9568187257;B
20240208;173555;7354.500000000;12;9568188373;B
20240208;173555;7354.500000000;6;9568188374;B
20240208;173555;7355.000000000;4;9568188375;B
20240208;173555;7355.000000000;21;9568188376;B
20240208;173555;7355.000000000;5;9568188377;B
20240208;173621;7355.000000000;4;9568191165;S
20240208;173636;7355.000000000;1;9568192492;S
20240208;173638;7355.500000000;5;9568192600;B
20240208;173639;7355.000000000;2;9568192741;S
20240208;173652;7355.000000000;2;9568193750;S
20240208;173701;7355.000000000;26;9568194537;S
20240208;173704;7355.500000000;3;9568194755;B
20240208;173704;7355.500000000;3;9568194756;B
20240208;173718;7355.000000000;10;9568196246;S
20240208;173720;7355.000000000;3;9568196352;S
20240208;173720;7355.500000000;1;9568196362;B
20240208;173720;7355.000000000;4;9568196388;S
20240208;173726;7355.000000000;2;9568196902;S
20240208;173734;7355.500000000;1;9568197708;B
20240208;173736;7355.000000000;2;9568197854;S
20240208;173738;7355.000000000;2;9568198019;S
20240208;173739;7355.000000000;2;9568198088;S
20240208;173739;7355.000000000;92;9568198095;S
20240208;173739;7355.000000000;1;9568198096;S
20240208;173739;7354.500000000;4;9568198097;S
20240208;173739;7353.500000000;1;9568198098;S
20240208;173739;7353.000000000;75;9568198099;S
20240208;173740;7353.000000000;3;9568198175;S
20240208;173740;7353.000000000;3;9568198176;S
20240208;173744;7353.500000000;47;9568198537;B
20240208;173744;7353.500000000;21;9568198538;B
20240208;173744;7354.000000000;4;9568198539;B
20240208;173744;7354.000000000;12;9568198540;B
20240208;173744;7354.000000000;66;9568198541;B
20240208;173751;7354.000000000;1;9568199174;B
20240208;173814;7353.500000000;10;9568201122;S
20240208;173819;7354.000000000;8;9568201464;B
20240208;173823;7354.000000000;2;9568201819;B
20240208;173826;7354.000000000;2;9568202145;B
20240208;173853;7353.500000000;10;9568204668;S
20240208;173853;7353.500000000;4;9568204669;S
20240208;173856;7353.000000000;1;9568205049;S
20240208;173859;7354.000000000;1;9568205608;B
20240208;173902;7353.000000000;2;9568205897;S
20240208;173904;7353.000000000;50;9568206007;S
20240208;173908;7353.000000000;92;9568206457;S
20240208;173908;7353.000000000;10;9568206458;S
20240208;173908;7353.000000000;5;9568206459;S
20240208;173910;7352.000000000;2;9568206684;S
20240208;173911;7352.500000000;2;9568206781;B
20240208;173916;7352.000000000;1;9568207222;S
20240208;173918;7351.000000000;5;9568207372;S
20240208;173918;7351.000000000;1;9568207373;S
20240208;173918;7350.500000000;1;9568207374;S
20240208;173927;7350.500000000;1;9568208282;S
20240208;173930;7350.500000000;11;9568208555;S
20240208;173930;7350.500000000;1;9568208556;S
20240208;173930;7350.000000000;38;9568208557;S
20240208;173958;7350.000000000;3;9568211489;S
20240208;174021;7351.000000000;5;9568213772;B
20240208;174021;7351.000000000;5;9568213773;B
20240208;174021;7351.500000000;13;9568213774;B
20240208;174021;7352.000000000;7;9568213775;B
20240208;174046;7350.000000000;1;9568216903;S
20240208;174046;7351.000000000;2;9568216904;B
20240208;174051;7351.000000000;5;9568217540;B
20240208;174055;7351.000000000;2;9568218074;B
20240208;174059;7350.000000000;7;9568218468;S
20240208;174059;7350.000000000;2;9568218469;S
20240208;174059;7350.000000000;1;9568218470;S
20240208;174059;7350.000000000;1;9568218471;S
20240208;174059;7350.000000000;1;9568218472;S
20240208;174059;7350.000000000;1;9568218473;S
20240208;174059;7350.000000000;14;9568218474;S
20240208;174059;7349.500000000;13;9568218475;S
20240208;174101;7349.500000000;8;9568218623;S
20240208;174126;7351.000000000;1;9568221374;B
20240208;174146;7350.000000000;1;9568223099;S
20240208;174146;7349.500000000;1;9568223100;S
20240208;174150;7350.000000000;2;9568223484;B
20240208;174151;7350.000000000;5;9568223594;B
20240208;174156;7352.000000000;3;9568224067;B
20240208;174156;7352.000000000;15;9568224068;B
20240208;174156;7352.000000000;1;9568224069;B
20240208;174156;7353.000000000;3;9568224070;B
20240208;174228;7352.000000000;3;9568226949;S
20240208;174246;7350.000000000;21;9568228284;S
20240208;174246;7350.000000000;1;9568228285;S
20240208;174246;7349.500000000;40;9568228286;S
20240208;174246;7349.500000000;3;9568228287;S
20240208;174246;7349.000000000;1;9568228288;S
20240208;174246;7349.000000000;1;9568228289;S
20240208;174246;7349.000000000;1;9568228290;S
20240208;174246;7349.000000000;1;9568228291;S
20240208;174246;7348.500000000;20;9568228292;S
20240208;174246;7348.000000000;2;9568228293;S
20240208;174246;7348.000000000;16;9568228294;S
20240208;174246;7348.000000000;1;9568228295;S
20240208;174246;7347.500000000;1;9568228296;S
20240208;174246;7347.500000000;1;9568228297;S
20240208;174246;7347.500000000;1;9568228298;S
20240208;174246;7347.500000000;27;9568228299;S
20240208;174246;7347.500000000;20;9568228300;S
20240208;174246;7347.000000000;10;9568228301;S
20240208;174246;7347.000000000;3;9568228302;S
20240208;174246;7346.500000000;5;9568228303;S
20240208;174246;7346.500000000;20;9568228304;S
20240208;174246;7346.000000000;1;9568228305;S
20240208;174246;7346.000000000;2;9568228306;S
20240208;174246;7346.000000000;5;9568228307;S
20240208;174246;7346.000000000;3;9568228308;S
20240208;174246;7345.500000000;1;9568228309;S
20240208;174246;7345.500000000;10;9568228310;S
20240208;174246;7345.000000000;1;9568228311;S
20240208;174246;7345.000000000;5;9568228312;S
20240208;174246;7345.000000000;13;9568228313;S
20240208;174246;7344.500000000;4;9568228314;S
20240208;174254;7347.000000000;1;9568228898;S
20240208;174258;7347.500000000;3;9568229297;S
20240208;174311;7347.500000000;1;9568230350;S
20240208;174311;7347.500000000;4;9568230351;S
20240208;174315;7347.500000000;2;9568230717;S
20240208;174315;7347.000000000;38;9568230718;S
20240208;174318;7347.500000000;1;9568230982;S
20240208;174348;7348.000000000;1;9568233686;S
20240208;174348;7347.000000000;3;9568233687;S
20240208;174348;7346.500000000;1;9568233688;S
20240208;174411;7347.500000000;1;9568235676;S
20240208;174411;7347.500000000;2;9568235677;S
20240208;174411;7347.000000000;17;9568235678;S
20240208;174417;7347.500000000;1;9568236141;S
20240208;174433;7347.500000000;1;9568237973;S
20240208;174433;7347.000000000;38;9568237974;S
20240208;174433;7349.500000000;1;9568238003;B
20240208;174437;7347.000000000;4;9568238274;S
20240208;174442;7347.000000000;1;9568238745;S
20240208;174453;7347.000000000;6;9568240040;S
20240208;174500;7347.000000000;1;9568240727;S
20240208;174501;7349.500000000;1;9568240771;B
20240208;174512;7349.500000000;2;9568241706;B
20240208;174512;7349.500000000;1;9568241707;B
20240208;174512;7350.000000000;4;9568241708;B
20240208;174512;7350.500000000;18;9568241709;B
20240208;174520;7349.500000000;1;9568242616;S
20240208;174520;7348.000000000;1;9568242617;S
20240208;174534;7350.500000000;5;9568244149;B
20240208;174613;7348.000000000;1;9568247939;S
20240208;174618;7348.000000000;4;9568248491;S
20240208;174642;7350.500000000;27;9568251698;B
20240208;174642;7350.500000000;4;9568251699;B
20240208;174642;7350.500000000;12;9568251700;B
20240208;174642;7352.500000000;2;9568251701;B
20240208;174642;7352.500000000;14;9568251702;B
20240208;174642;7353.000000000;40;9568251703;B
20240208;174642;7353.500000000;1;9568251704;B
20240208;174646;7350.000000000;1;9568252337;S
20240208;174648;7354.000000000;10;9568252493;B
20240208;174648;7354.500000000;4;9568252494;B
20240208;174648;7354.500000000;12;9568252495;B
20240208;174648;7355.000000000;1;9568252496;B
20240208;174648;7355.000000000;1;9568252497;B
20240208;174648;7355.000000000;7;9568252498;B
20240208;174648;7355.000000000;15;9568252499;B
20240208;174651;7354.000000000;1;9568253991;B
20240208;174656;7354.000000000;3;9568254404;B
20240208;174656;7354.000000000;44;9568254405;B
20240208;174656;7354.000000000;53;9568254406;S
20240208;174702;7354.000000000;2;9568255300;B
20240208;174702;7354.500000000;10;9568255301;B
20240208;174702;7354.500000000;4;9568255302;B
20240208;174702;7355.000000000;12;9568255303;B
20240208;174702;7355.000000000;20;9568255304;B
20240208;174702;7355.000000000;32;9568255305;S
20240208;174709;7354.500000000;50;9568255959;B
20240208;174718;7354.500000000;8;9568257099;B
20240208;174718;7354.500000000;10;9568257100;B
20240208;174718;7355.000000000;4;9568257101;B
20240208;174718;7355.000000000;12;9568257102;B
20240208;174718;7355.000000000;20;9568257103;B
20240208;174718;7355.000000000;1;9568257104;B
20240208;174718;7355.500000000;3;9568257105;B
20240208;174718;7355.500000000;7;9568257106;B
20240208;174718;7355.500000000;1;9568257107;B
20240208;174718;7355.500000000;10;9568257108;B
20240208;174718;7355.500000000;20;9568257109;B
20240208;174718;7356.000000000;4;9568257110;B
20240208;174719;7355.500000000;1;9568257154;B
20240208;174811;7354.000000000;2;9568264072;S
20240208;174813;7354.500000000;4;9568264527;B
20240208;174813;7354.500000000;12;9568264528;B
20240208;174813;7355.000000000;1;9568264529;B
20240208;174813;7355.000000000;3;9568264530;B
20240208;174813;7355.000000000;12;9568264531;B
20240208;174813;7355.000000000;21;9568264532;B
20240208;174813;7355.500000000;20;9568264533;B
20240208;174813;7356.000000000;40;9568264534;B
20240208;174813;7356.500000000;20;9568264535;B
20240208;174813;7357.000000000;37;9568264536;B
20240208;174823;7357.000000000;10;9568266098;B
20240208;174844;7357.000000000;3;9568268207;B
20240208;174844;7357.000000000;5;9568268208;B
20240208;174844;7357.000000000;19;9568268209;B
20240208;174844;7357.000000000;10;9568268210;B
20240208;174844;7357.000000000;5;9568268211;B
20240208;174844;7357.500000000;20;9568268212;B
20240208;174844;7358.000000000;1;9568268213;B
20240208;174844;7358.000000000;4;9568268214;B
20240208;174844;7358.000000000;2;9568268215;B
20240208;174844;7358.000000000;10;9568268216;B
20240208;174844;7358.000000000;13;9568268217;B
20240208;174844;7358.500000000;5;9568268218;B
20240208;174844;7358.500000000;3;9568268219;B
20240208;174844;7358.500000000;3;9568268236;B
20240208;174844;7359.000000000;2;9568268257;B
20240208;174844;7359.000000000;8;9568268258;B
20240208;174844;7359.500000000;2;9568268259;B
20240208;174844;7359.500000000;10;9568268260;B
20240208;174844;7359.500000000;13;9568268261;B
20240208;174844;7359.500000000;5;9568268262;B
20240208;174844;7360.000000000;4;9568268263;B
20240208;174844;7360.000000000;2;9568268264;B
20240208;174844;7360.000000000;5;9568268265;B
20240208;174844;7360.000000000;58;9568268266;B
20240208;174845;7360.000000000;2;9568268326;B
20240208;174859;7359.500000000;13;9568269464;B
20240208;174859;7359.500000000;5;9568269465;B
20240208;174859;7360.000000000;82;9568269466;B
20240208;174902;7359.500000000;2;9568269666;S
20240208;174912;7359.500000000;5;9568270511;B
20240208;174912;7359.500000000;5;9568270512;B
20240208;174926;7360.000000000;29;9568271706;B
20240208;174926;7360.000000000;2;9568271707;B
20240208;174926;7360.000000000;35;9568271708;B
20240208;174926;7360.000000000;1;9568271709;B
20240208;174926;7360.000000000;1;9568271710;B
20240208;174926;7360.000000000;10;9568271711;B
20240208;174926;7360.000000000;9;9568271712;B
20240208;174926;7360.000000000;3;9568271713;B
20240208;174926;7360.000000000;5;9568271714;B
20240208;174926;7360.000000000;1;9568271715;B
20240208;174926;7360.000000000;1;9568271716;B
20240208;174926;7360.000000000;27;9568271717;B
20240208;174926;7360.000000000;1;9568271718;B
20240208;174926;7360.000000000;5;9568271719;B
20240208;174926;7360.000000000;10;9568271720;B
20240208;174926;7360.500000000;1;9568271721;B
20240208;174926;7360.500000000;5;9568271722;B
20240208;174926;7360.500000000;13;9568271723;B
20240208;174926;7360.500000000;4;9568271724;B
20240208;174926;7361.000000000;5;9568271725;B
20240208;174926;7361.000000000;20;9568271726;B
20240208;174926;7361.500000000;12;9568271727;B
20240208;174927;7361.000000000;1;9568271736;B
20240208;174930;7360.500000000;1;9568272000;B
20240208;174939;7361.000000000;3;9568272907;B
20240208;174943;7361.000000000;2;9568273285;B
20240208;174949;7361.000000000;1;9568273715;B
20240208;174957;7361.000000000;1;9568274336;B
20240208;175003;7361.000000000;1;9568274835;B
20240208;175010;7360.500000000;10;9568275349;S
20240208;175010;7360.000000000;20;9568275350;S
20240208;175010;7360.000000000;4;9568275351;S
20240208;175010;7360.500000000;1;9568275367;B
20240208;175010;7361.000000000;3;9568275373;B
20240208;175036;7361.000000000;1;9568277595;B
20240208;175036;7361.000000000;6;9568277596;B
20240208;175048;7361.000000000;7;9568278690;B
20240208;175048;7360.500000000;1;9568278752;S
20240208;175122;7360.500000000;2;9568282033;S
20240208;175134;7360.500000000;9;9568283043;S
20240208;175149;7360.500000000;1;9568284688;S
20240208;175152;7361.000000000;2;9568284951;B
20240208;175152;7361.000000000;12;9568284952;B
20240208;175157;7361.500000000;1;9568285360;B
20240208;175157;7361.500000000;3;9568285361;B
20240208;175214;7362.000000000;1;9568286776;B
20240208;175214;7362.000000000;10;9568286777;B
20240208;175214;7362.000000000;5;9568286778;B
20240208;175214;7362.000000000;5;9568286779;B
20240208;175214;7362.000000000;13;9568286780;B
20240208;175214;7362.500000000;51;9568286781;B
20240208;175214;7362.500000000;2;9568286782;B
20240208;175214;7363.000000000;6;9568286783;B
20240208;175214;7363.000000000;7;9568286784;B
20240208;175214;7363.000000000;3;9568286813;B
20240208;175214;7363.000000000;1;9568286814;B
20240208;175214;7363.500000000;1;9568286815;B
20240208;175214;7363.500000000;1;9568286816;B
20240208;175226;7363.000000000;13;9568287816;B
20240208;175226;7363.000000000;5;9568287817;B
20240208;175226;7363.500000000;2;9568287818;B
20240208;175234;7363.500000000;1;9568288488;B
20240208;175247;7362.500000000;1;9568289788;B
20240208;175252;7362.500000000;1;9568290453;B
20240208;175256;7362.500000000;2;9568290807;B
20240208;175312;7362.000000000;4;9568292207;S
20240208;175318;7362.000000000;3;9568292663;S
20240208;175319;7362.000000000;1;9568292766;S
20240208;175321;7362.500000000;1;9568292973;B
20240208;175333;7362.000000000;1;9568294041;S
20240208;175336;7362.000000000;1;9568294226;S
20240208;175336;7362.000000000;2;9568294227;S
20240208;175336;7362.000000000;1;9568294228;S
20240208;175342;7362.000000000;1;9568294866;B
20240208;175347;7361.000000000;39;9568295223;S
20240208;175347;7361.000000000;2;9568295282;S
20240208;175348;7361.000000000;10;9568295406;S
20240208;175350;7361.500000000;5;9568295702;B
20240208;175350;7362.000000000;3;9568295703;B
20240208;175350;7362.500000000;2;9568295704;B
20240208;175403;7361.000000000;1;9568296568;S
20240208;175407;7361.000000000;1;9568296919;S
20240208;175424;7361.000000000;1;9568298319;S
20240208;175436;7361.000000000;33;9568300298;S
20240208;175436;7361.000000000;13;9568300299;S
20240208;175436;7361.000000000;13;9568300300;S
20240208;175436;7361.000000000;3;9568300301;S
20240208;175436;7361.000000000;13;9568300302;S
20240208;175436;7361.500000000;3;9568300316;B
20240208;175436;7361.500000000;14;9568300317;B
20240208;175455;7361.500000000;1;9568302455;S
20240208;175513;7361.500000000;1;9568304007;S
20240208;175513;7361.500000000;1;9568304039;S
20240208;175517;7362.000000000;5;9568304376;B
20240208;175517;7362.500000000;3;9568304377;B
20240208;175517;7363.000000000;1;9568304378;B
20240208;175517;7363.000000000;1;9568304379;B
20240208;175525;7361.500000000;3;9568305054;S
20240208;175535;7361.500000000;1;9568305932;S
20240208;175535;7361.500000000;1;9568305933;S
20240208;175536;7362.000000000;5;9568305978;B
20240208;175551;7361.500000000;3;9568307481;S
20240208;175553;7361.500000000;2;9568307649;S
20240208;175555;7361.500000000;4;9568307877;S
20240208;175556;7362.500000000;2;9568307906;B
20240208;175558;7363.000000000;19;9568308148;B
20240208;175558;7363.000000000;5;9568308149;B
20240208;175558;7363.500000000;1;9568308150;B
20240208;175558;7363.500000000;1;9568308151;B
20240208;175558;7363.500000000;20;9568308152;B
20240208;175558;7363.500000000;1;9568308153;B
20240208;175558;7364.000000000;100;9568308154;B
20240208;175558;7364.000000000;1;9568308155;B
20240208;175558;7364.000000000;2;9568308156;B
20240208;175604;7362.000000000;1;9568308659;S
20240208;175609;7361.500000000;2;9568309107;S
20240208;175615;7362.000000000;9;9568309485;B
20240208;175620;7361.500000000;1;9568309953;S
20240208;175621;7361.500000000;10;9568310032;S
20240208;175622;7361.500000000;3;9568310112;S
20240208;175630;7362.000000000;1;9568310827;B
20240208;175636;7361.500000000;1;9568311381;S
20240208;175641;7361.500000000;2;9568311911;S
20240208;175653;7361.500000000;1;9568312907;S
20240208;175712;7361.000000000;4;9568314355;S
20240208;175712;7361.000000000;1;9568314356;S
20240208;175714;7361.500000000;1;9568314547;B
20240208;175718;7361.500000000;5;9568314793;B
20240208;175727;7361.500000000;6;9568315520;B
20240208;175743;7361.000000000;10;9568317827;S
20240208;175759;7361.500000000;1;9568319112;B
20240208;175801;7361.500000000;2;9568319213;B
20240208;175802;7361.500000000;1;9568319291;B
20240208;175806;7361.000000000;2;9568319649;S
20240208;175821;7361.000000000;3;9568320942;S
20240208;175824;7361.000000000;10;9568321289;S
20240208;175831;7361.000000000;3;9568321891;S
20240208;175838;7361.000000000;1;9568322499;S
20240208;175844;7361.000000000;37;9568322942;S
20240208;175844;7361.000000000;2;9568322943;S
20240208;175844;7361.000000000;3;9568322944;S
20240208;175844;7361.000000000;8;9568322945;S
20240208;175846;7361.500000000;1;9568323125;B
20240208;175847;7361.500000000;2;9568323210;B
20240208;175855;7361.000000000;1;9568323876;S
20240208;175859;7361.500000000;4;9568324140;B
20240208;175902;7361.500000000;1;9568324329;B
20240208;175914;7361.000000000;6;9568325343;S
20240208;175914;7361.000000000;1;9568325344;S
20240208;175914;7361.000000000;2;9568325345;S
20240208;175915;7361.500000000;5;9568325391;B
20240208;175915;7361.500000000;5;9568325392;B
20240208;175915;7361.500000000;1;9568325393;B
20240208;175915;7361.500000000;9;9568325394;B
20240208;175915;7361.000000000;19;9568325443;S
20240208;175932;7361.000000000;1;9568326854;S
20240208;175936;7361.000000000;1;9568327316;S
20240208;175954;7361.500000000;1;9568329036;B
20240208;175955;7361.000000000;1;9568329140;S
20240208;175956;7362.000000000;3;9568329218;B
20240208;180001;7361.000000000;70;9568329639;S
20240208;180004;7361.000000000;10;9568329958;S
20240208;180014;7362.000000000;7;9568330618;B
20240208;180014;7362.000000000;9;9568330619;B
20240208;180044;7362.000000000;5;9568332349;B
20240208;180050;7361.000000000;10;9568332886;S
20240208;180052;7362.000000000;2;9568333074;B
20240208;180057;7361.000000000;50;9568333478;S
20240208;180107;7362.000000000;4;9568334413;B
20240208;180107;7362.000000000;6;9568334414;B
20240208;180107;7363.000000000;5;9568334415;B
20240208;180116;7363.000000000;1;9568335944;B
20240208;180117;7361.000000000;1;9568336097;S
20240208;180131;7361.000000000;5;9568337409;S
20240208;180138;7361.000000000;16;9568337909;S
20240208;180143;7361.000000000;5;9568338267;S
20240208;180148;7361.000000000;9;9568338661;S
20240208;180148;7361.000000000;2;9568338662;S
20240208;180148;7361.000000000;11;9568338663;S
20240208;180201;7362.000000000;7;9568339366;B
20240208;180215;7362.000000000;2;9568340454;B
20240208;180231;7361.500000000;1;9568341725;S
20240208;180231;7361.000000000;9;9568341726;S
20240208;180238;7361.000000000;2;9568342225;S
20240208;180238;7362.000000000;5;9568342248;B
20240208;180238;7362.000000000;13;9568342249;B
20240208;180238;7362.500000000;20;9568342250;B
20240208;180238;7363.000000000;2;9568342251;B
20240208;180238;7363.500000000;4;9568342252;B
20240208;180256;7361.500000000;2;9568343503;S
20240208;180256;7361.000000000;8;9568343504;S
20240208;180338;7361.000000000;5;9568346341;S
20240208;180351;7361.000000000;7;9568347244;S
20240208;180403;7361.000000000;2;9568348076;S
20240208;180405;7361.000000000;1;9568348290;S
20240208;180406;7361.000000000;6;9568348426;S
20240208;180437;7361.000000000;2;9568350591;S
20240208;180438;7361.000000000;47;9568350688;S
20240208;180438;7361.000000000;67;9568350689;S
20240208;180438;7361.000000000;114;9568350690;S
20240208;180438;7361.000000000;47;9568350691;S
20240208;180438;7361.000000000;39;9568350692;S
20240208;180448;7361.000000000;5;9568351224;S
20240208;180506;7361.000000000;5;9568352223;S
20240208;180509;7361.000000000;1;9568352470;S
20240208;180513;7361.000000000;1;9568352692;S
20240208;180519;7361.000000000;1;9568353177;S
20240208;180524;7361.500000000;5;9568353555;B
20240208;180525;7361.000000000;2;9568353587;S
20240208;180525;7361.000000000;16;9568353633;S
20240208;180526;7361.000000000;142;9568353677;S
20240208;180526;7361.000000000;4;9568353678;S
20240208;180526;7361.000000000;4;9568353679;S
20240208;180526;7361.000000000;18;9568353680;S
20240208;180532;7361.000000000;5;9568354009;S
20240208;180533;7361.000000000;3;9568354046;S
20240208;180537;7361.500000000;6;9568354320;B
20240208;180539;7361.000000000;10;9568354416;S
20240208;180540;7362.000000000;9;9568354538;B
20240208;180540;7362.000000000;3;9568354539;B
20240208;180540;7362.000000000;2;9568354540;B
20240208;180542;7361.000000000;1;9568354648;S
20240208;180547;7361.500000000;5;9568355256;B
20240208;180551;7362.000000000;1;9568355645;B
20240208;180553;7362.000000000;1;9568355715;B
20240208;180601;7361.500000000;5;9568356394;B
20240208;180601;7361.500000000;13;9568356395;B
20240208;180617;7361.000000000;30;9568357414;S
20240208;180620;7361.000000000;1;9568357696;S
20240208;180623;7361.000000000;5;9568357853;S
20240208;180702;7361.000000000;7;9568360492;S
20240208;180708;7361.000000000;1;9568360736;S
20240208;180714;7361.000000000;1;9568361164;S
20240208;180718;7361.000000000;26;9568361411;S
20240208;180722;7361.000000000;1;9568361681;S
20240208;180722;7361.000000000;18;9568361682;S
20240208;180722;7361.000000000;13;9568361683;S
20240208;180737;7361.500000000;10;9568362546;B
20240208;180754;7361.000000000;1;9568363555;S
20240208;180756;7361.000000000;7;9568363708;S
20240208;180826;7361.000000000;10;9568365941;S
20240208;180828;7361.000000000;129;9568366053;S
20240208;180828;7361.000000000;1;9568366054;S
20240208;180828;7361.500000000;4;9568366075;B
20240208;180835;7361.500000000;30;9568366423;B
20240208;180841;7361.000000000;2;9568366752;S
20240208;180847;7361.000000000;1;9568367219;S
20240208;180851;7361.000000000;2;9568367507;S
20240208;180859;7361.000000000;5;9568367841;S
20240208;180916;7361.000000000;1;9568368921;S
20240208;180918;7361.000000000;1;9568369131;S
20240208;180926;7361.000000000;7;9568369845;S
20240208;180934;7361.500000000;1;9568370471;B
20240208;180936;7361.000000000;3;9568370587;S
20240208;180936;7361.000000000;5;9568370640;S
20240208;180940;7361.000000000;30;9568370859;S
20240208;180942;7361.500000000;1;9568370980;B
20240208;180950;7361.000000000;1;9568371646;S
20240208;181010;7361.000000000;2;9568373056;S
20240208;181014;7361.000000000;78;9568373334;S
20240208;181017;7361.000000000;1;9568373509;S
20240208;181032;7361.000000000;10;9568374574;S
20240208;181040;7361.000000000;1;9568375691;S
20240208;181045;7361.000000000;2;9568376176;S
20240208;181053;7361.000000000;2;9568376646;S
20240208;181055;7361.000000000;1;9568376692;S
20240208;181100;7361.000000000;2;9568377075;S
20240208;181101;7361.000000000;30;9568377133;S
20240208;181102;7361.000000000;6;9568377243;S
20240208;181106;7361.000000000;275;9568377632;S
20240208;181106;7361.000000000;1;9568377633;S
20240208;181108;7361.000000000;8;9568377734;S
20240208;181113;7361.000000000;33;9568378098;S
20240208;181128;7361.000000000;1;9568379079;S
20240208;181133;7361.000000000;2;9568379365;S
20240208;181136;7361.000000000;3;9568379550;S
20240208;181137;7361.000000000;3;9568379644;S
20240208;181140;7361.000000000;4;9568379806;S
20240208;181146;7361.000000000;1;9568380310;S
20240208;181149;7361.500000000;1;9568380430;B
20240208;181200;7361.000000000;200;9568381125;S
20240208;181208;7361.000000000;2;9568381877;S
20240208;181218;7361.500000000;1;9568382622;B
20240208;181231;7361.500000000;39;9568383573;B
20240208;181231;7361.500000000;1;9568383574;B
20240208;181231;7361.500000000;10;9568383575;B
20240208;181232;7361.000000000;4;9568383621;S
20240208;181233;7361.000000000;1;9568383742;S
20240208;181240;7361.500000000;2;9568384225;B
20240208;181247;7361.500000000;1;9568384636;S
20240208;181254;7361.500000000;3;9568385289;S
20240208;181301;7362.000000000;5;9568385738;B
20240208;181302;7362.000000000;5;9568385811;B
20240208;181303;7362.000000000;38;9568385871;B
20240208;181303;7362.000000000;1;9568385872;B
20240208;181303;7362.000000000;2;9568385873;B
20240208;181303;7362.000000000;1;9568385874;B
20240208;181303;7362.500000000;8;9568385875;B
20240208;181303;7362.500000000;1;9568385913;B
20240208;181303;7362.500000000;10;9568385914;B
20240208;181303;7362.500000000;15;9568385915;B
20240208;181303;7362.500000000;24;9568385916;B
20240208;181320;7362.000000000;1;9568386936;S
20240208;181322;7362.000000000;6;9568387006;S
20240208;181326;7362.000000000;7;9568387341;S
20240208;181326;7361.500000000;17;9568387342;S
20240208;181326;7361.500000000;11;9568387343;S
20240208;181333;7362.000000000;7;9568387783;S
20240208;181333;7362.000000000;5;9568387784;S
20240208;181333;7361.500000000;9;9568387785;S
20240208;181333;7361.500000000;3;9568387786;S
20240208;181334;7362.000000000;3;9568387837;S
20240208;181334;7362.000000000;1;9568387838;S
20240208;181334;7361.500000000;6;9568387839;S
20240208;181340;7362.000000000;1;9568388097;S
20240208;181340;7362.000000000;2;9568388098;S
20240208;181341;7361.000000000;10;9568388133;S
20240208;181349;7361.000000000;13;9568388548;S
20240208;181349;7361.000000000;27;9568388549;S
20240208;181352;7361.000000000;1;9568388649;S
20240208;181356;7361.000000000;22;9568388836;S
20240208;181356;7361.000000000;50;9568388837;S
20240208;181356;7361.000000000;50;9568388838;S
20240208;181356;7361.000000000;48;9568388839;S
20240208;181356;7361.000000000;2;9568388841;S
20240208;181356;7361.000000000;15;9568388842;S
20240208;181357;7361.000000000;10;9568388866;S
20240208;181359;7361.000000000;25;9568389011;S
20240208;181359;7361.000000000;2;9568389012;S
20240208;181359;7361.000000000;20;9568389013;S
20240208;181359;7361.000000000;33;9568389014;S
20240208;181402;7361.000000000;1;9568389201;S
20240208;181420;7361.000000000;2;9568390316;S
20240208;181422;7361.000000000;10;9568390421;S
20240208;181431;7361.000000000;20;9568390987;S
20240208;181433;7361.000000000;688;9568391175;S
20240208;181433;7361.000000000;2;9568391176;S
20240208;181433;7360.000000000;5;9568391177;S
20240208;181433;7360.000000000;170;9568391178;S
20240208;181433;7360.000000000;5;9568391179;S
20240208;181433;7359.500000000;4;9568391180;S
20240208;181433;7358.000000000;2;9568391182;S
20240208;181433;7358.000000000;1;9568391184;S
20240208;181434;7358.000000000;47;9568391226;S
20240208;181434;7358.000000000;3;9568391227;S
20240208;181434;7359.500000000;1;9568391233;B
20240208;181434;7359.500000000;10;9568391234;B
20240208;181434;7360.000000000;6;9568391235;B
20240208;181434;7360.000000000;5;9568391236;B
20240208;181435;7359.500000000;14;9568391353;B
20240208;181437;7358.000000000;15;9568391409;S
20240208;181438;7358.000000000;5;9568391490;S
20240208;181457;7358.000000000;17;9568392833;S
20240208;181457;7357.000000000;2;9568392834;S
20240208;181457;7355.500000000;3;9568392835;S
20240208;181457;7355.000000000;10;9568392836;S
20240208;181457;7354.500000000;2;9568392837;S
20240208;181457;7354.500000000;3;9568392838;S
20240208;181457;7354.500000000;2;9568392839;S
20240208;181458;7354.000000000;2;9568392861;S
20240208;181506;7359.500000000;2;9568393441;B
20240208;181506;7354.500000000;50;9568393461;S
20240208;181507;7359.000000000;1;9568393485;B
20240208;181508;7355.000000000;1;9568393586;S
20240208;181508;7354.500000000;6;9568393587;S
20240208;181508;7354.000000000;2;9568393588;S
20240208;181508;7354.000000000;20;9568393589;S
20240208;181508;7353.000000000;20;9568393590;S
20240208;181508;7352.500000000;10;9568393591;S
20240208;181508;7352.000000000;3;9568393592;S
20240208;181508;7352.000000000;1;9568393593;S
20240208;181508;7352.000000000;6;9568393594;S
20240208;181508;7351.500000000;20;9568393595;S
20240208;181508;7351.000000000;1;9568393596;S
20240208;181508;7350.500000000;1;9568393597;S
20240208;181508;7350.500000000;10;9568393598;S
20240208;181508;7350.500000000;58;9568393599;S
20240208;181508;7350.500000000;21;9568393600;S
20240208;181508;7350.000000000;1;9568393601;S
20240208;181508;7350.000000000;40;9568393602;S
20240208;181508;7350.000000000;10;9568393603;S
20240208;181508;7350.000000000;1;9568393604;S
20240208;181508;7350.000000000;20;9568393605;S
20240208;181508;7350.000000000;27;9568393606;S
20240208;181508;7348.000000000;2;9568393607;S
20240208;181508;7348.000000000;20;9568393608;S
20240208;181508;7347.500000000;4;9568393609;S
20240208;181508;7347.500000000;10;9568393610;S
20240208;181508;7347.500000000;10;9568393611;S
20240208;181508;7347.000000000;1;9568393612;S
20240208;181508;7347.000000000;100;9568393613;S
20240208;181508;7346.500000000;19;9568393614;S
20240208;181508;7346.000000000;20;9568393615;S
20240208;181508;7345.500000000;1;9568393616;S
20240208;181508;7345.500000000;10;9568393617;S
20240208;181508;7345.500000000;20;9568393618;S
20240208;181508;7345.000000000;5;9568393619;S
20240208;181508;7345.000000000;1;9568393620;S
20240208;181508;7345.000000000;20;9568393621;S
20240208;181508;7345.000000000;5;9568393622;S
20240208;181508;7345.000000000;14;9568393623;S
20240208;181508;7345.000000000;1;9568393624;S
20240208;181508;7345.000000000;40;9568393625;S
20240208;181508;7345.000000000;40;9568393626;S
20240208;181508;7344.500000000;72;9568393627;S
20240208;181508;7344.000000000;1;9568393628;S
20240208;181508;7344.000000000;5;9568393629;S
20240208;181508;7344.000000000;1;9568393630;S
20240208;181508;7344.000000000;6;9568393631;S
20240208;181508;7344.000000000;50;9568393632;S
20240208;181508;7344.000000000;20;9568393633;S
20240208;181508;7344.000000000;20;9568393634;B
20240208;181508;7344.000000000;27;9568393635;B
20240208;181508;7344.000000000;62;9568393636;B
20240208;181508;7344.000000000;64;9568393637;B
20240208;181508;7344.000000000;15;9568393638;B
20240208;181508;7344.000000000;13;9568393639;B
20240208;181508;7344.000000000;15;9568393640;B
20240208;181508;7344.000000000;15;9568393641;B
20240208;181508;7344.000000000;15;9568393642;B
20240208;181508;7344.000000000;4;9568393643;B
20240208;181508;7343.500000000;1;9568393644;S
20240208;181508;7343.500000000;1;9568393645;S
20240208;181508;7344.000000000;50;9568393646;B
20240208;181508;7344.000000000;2;9568393647;B
20240208;181508;7343.500000000;3;9568393648;S
20240208;181508;7344.000000000;15;9568393649;B
20240208;181508;7344.000000000;20;9568393651;B
20240208;181508;7344.000000000;4;9568393652;B
20240208;181508;7344.000000000;5;9568393653;B
20240208;181508;7344.000000000;4;9568393654;B
20240208;181508;7344.000000000;50;9568393655;B
20240208;181508;7344.000000000;4;9568393656;B
20240208;181508;7344.000000000;1;9568393657;B
20240208;181508;7344.000000000;2;9568393658;B
20240208;181508;7344.000000000;2;9568393661;B
20240208;181508;7344.000000000;5;9568393666;B
20240208;181508;7343.500000000;50;9568393669;S
20240208;181508;7343.500000000;1;9568393673;S
20240208;181509;7343.500000000;15;9568393687;S
20240208;181509;7343.500000000;10;9568393688;S
20240208;181509;7344.000000000;1;9568393702;B
20240208;181509;7343.500000000;10;9568393704;S
20240208;181509;7343.500000000;10;9568393705;S
20240208;181509;7343.500000000;7;9568393706;S
20240208;181509;7343.500000000;2;9568393707;S
20240208;181509;7344.000000000;1;9568393711;B
20240208;181509;7343.500000000;2;9568393716;S
20240208;181509;7343.500000000;1;9568393718;S
20240208;181510;7344.000000000;1;9568393733;B
20240208;181511;7344.000000000;10;9568393775;B
20240208;181511;7344.000000000;1;9568393786;B
20240208;181511;7344.000000000;20;9568393817;B
20240208;181514;7344.000000000;1;9568394039;B
20240208;181515;7344.000000000;1;9568394096;B
20240208;181515;7344.000000000;1;9568394114;B
20240208;181517;7344.000000000;2;9568394219;B
20240208;181518;7343.500000000;15;9568394269;S
20240208;181518;7343.500000000;2;9568394270;S
20240208;181518;7344.000000000;1;9568394302;B
20240208;181522;7343.500000000;220;9568394624;S
20240208;181525;7344.000000000;40;9568394883;B
20240208;181527;7344.000000000;2;9568394997;B
20240208;181532;7344.000000000;10;9568395327;B
20240208;181533;7343.500000000;5;9568395394;S
20240208;181539;7344.000000000;25;9568395695;B
20240208;181539;7344.000000000;250;9568395696;B
20240208;181542;7344.000000000;4;9568395955;B
20240208;181545;7344.000000000;25;9568396102;B
20240208;181545;7343.500000000;1;9568396158;S
20240208;181549;7344.000000000;1;9568396491;B
20240208;181556;7343.500000000;10;9568396938;S
20240208;181557;7344.000000000;10;9568396956;B
20240208;181600;7343.500000000;2;9568397231;S
20240208;181603;7343.500000000;3;9568397372;S
20240208;181612;7343.500000000;1;9568397898;S
20240208;181612;7343.500000000;6;9568397913;S
20240208;181612;7343.500000000;1;9568397914;S
20240208;181612;7343.500000000;6;9568397915;S
20240208;181612;7343.500000000;5;9568397916;S
20240208;181612;7343.500000000;2;9568397917;S
20240208;181612;7343.500000000;2;9568397918;S
20240208;181616;7343.000000000;5;9568398131;S
20240208;181616;7343.000000000;200;9568398132;S
20240208;181616;7343.000000000;1;9568398133;S
20240208;181616;7343.000000000;15;9568398134;S
20240208;181616;7342.500000000;5;9568398135;S
20240208;181616;7342.500000000;1;9568398136;S
20240208;181616;7342.500000000;5;9568398137;S
20240208;181616;7342.500000000;20;9568398138;S
20240208;181616;7342.000000000;5;9568398139;S
20240208;181616;7342.000000000;35;9568398140;S
20240208;181617;7342.000000000;3;9568398168;S
20240208;181617;7342.000000000;5;9568398172;S
20240208;181617;7342.000000000;5;9568398177;S
20240208;181626;7343.000000000;20;9568398600;B
20240208;181631;7342.500000000;1;9568398867;S
20240208;181635;7342.500000000;9;9568399143;S
20240208;181635;7342.000000000;152;9568399144;S
20240208;181635;7342.000000000;1;9568399145;S
20240208;181635;7342.000000000;2;9568399146;S
20240208;181635;7342.000000000;1;9568399147;S
20240208;181635;7342.000000000;8;9568399148;S
20240208;181640;7341.500000000;10;9568399539;S
20240208;181640;7341.500000000;5;9568399540;S
20240208;181640;7341.500000000;1;9568399541;S
20240208;181640;7341.500000000;3;9568399542;S
20240208;181640;7341.500000000;5;9568399543;S
20240208;181640;7341.000000000;5;9568399544;S
20240208;181640;7341.000000000;20;9568399545;S
20240208;181640;7341.000000000;1;9568399546;S
20240208;181640;7341.000000000;21;9568399547;S
20240208;181640;7341.000000000;13;9568399548;S
20240208;181640;7340.500000000;7;9568399549;S
20240208;181640;7340.500000000;5;9568399550;S
20240208;181640;7340.500000000;1;9568399551;S
20240208;181640;7340.500000000;33;9568399552;S
20240208;181645;7340.500000000;27;9568399782;S
20240208;181645;7340.500000000;1;9568399783;S
20240208;181645;7340.500000000;5;9568399784;S
20240208;181645;7340.000000000;50;9568399785;S
20240208;181645;7340.000000000;1;9568399786;S
20240208;181645;7340.000000000;5;9568399787;S
20240208;181645;7340.000000000;1;9568399788;S
20240208;181645;7340.000000000;1;9568399789;S
20240208;181645;7340.000000000;2;9568399790;S
20240208;181645;7340.000000000;1;9568399791;S
20240208;181645;7340.000000000;31;9568399792;S
20240208;181645;7340.000000000;1;9568399793;S
20240208;181645;7340.000000000;2;9568399794;S
20240208;181645;7340.000000000;2;9568399795;S
20240208;181645;7340.000000000;5;9568399796;S
20240208;181645;7340.000000000;1;9568399797;S
20240208;181645;7340.000000000;2;9568399798;S
20240208;181645;7340.000000000;10;9568399799;S
20240208;181645;7340.000000000;2;9568399800;S
20240208;181645;7339.500000000;5;9568399801;S
20240208;181645;7339.500000000;1;9568399802;S
20240208;181645;7339.500000000;5;9568399803;S
20240208;181645;7339.000000000;5;9568399804;S
20240208;181645;7339.000000000;134;9568399805;S
20240208;181645;7339.000000000;1;9568399809;S
20240208;181645;7339.000000000;100;9568399838;S
20240208;181645;7339.000000000;6;9568399840;S
20240208;181645;7339.000000000;2;9568399842;S
20240208;181645;7339.000000000;3;9568399845;S
20240208;181645;7339.000000000;1;9568399861;S
20240208;181646;7339.000000000;15;9568399876;S
20240208;181646;7339.000000000;88;9568399879;S
20240208;181646;7339.000000000;5;9568399880;S
20240208;181646;7339.000000000;1;9568399881;S
20240208;181646;7339.000000000;27;9568399882;S
20240208;181646;7338.500000000;5;9568399883;S
20240208;181646;7338.500000000;1;9568399884;S
20240208;181646;7338.500000000;5;9568399885;S
20240208;181646;7338.000000000;5;9568399886;S
20240208;181646;7338.000000000;2;9568399887;S
20240208;181646;7338.000000000;2;9568399890;S
20240208;181646;7337.500000000;2;9568399891;S
20240208;181650;7339.500000000;4;9568400315;B
20240208;181650;7339.500000000;1;9568400321;B
20240208;181655;7339.000000000;18;9568400595;S
20240208;181657;7340.000000000;1;9568400723;B
20240208;181659;7340.000000000;5;9568400824;B
20240208;181701;7339.500000000;5;9568401068;S
20240208;181701;7338.500000000;3;9568401069;S
20240208;181701;7338.500000000;2;9568401070;S
20240208;181701;7338.000000000;20;9568401071;S
20240208;181701;7337.500000000;3;9568401072;S
20240208;181701;7337.500000000;1;9568401073;S
20240208;181701;7337.500000000;1;9568401074;S
20240208;181714;7339.500000000;1;9568401988;B
20240208;181715;7339.000000000;1;9568402048;S
20240208;181715;7338.500000000;1;9568402049;S
20240208;181715;7338.000000000;20;9568402050;S
20240208;181715;7338.000000000;21;9568402051;S
20240208;181715;7337.500000000;39;9568402052;S
20240208;181715;7337.500000000;2;9568402053;S
20240208;181715;7337.500000000;100;9568402054;S
20240208;181715;7337.500000000;20;9568402055;S
20240208;181715;7337.000000000;5;9568402056;S
20240208;181715;7337.000000000;200;9568402057;S
20240208;181715;7336.500000000;5;9568402058;S
20240208;181715;7336.500000000;10;9568402059;S
20240208;181715;7336.000000000;5;9568402060;S
20240208;181715;7336.000000000;30;9568402061;S
20240208;181715;7336.000000000;2;9568402062;S
20240208;181715;7336.000000000;27;9568402063;S
20240208;181715;7335.500000000;5;9568402064;S
20240208;181715;7335.500000000;2;9568402065;S
20240208;181715;7335.500000000;20;9568402066;S
20240208;181715;7335.000000000;5;9568402067;S
20240208;181715;7335.000000000;100;9568402068;S
20240208;181715;7335.000000000;10;9568402069;S
20240208;181715;7335.000000000;4;9568402070;S
20240208;181715;7335.000000000;1;9568402071;S
20240208;181715;7335.000000000;10;9568402072;S
20240208;181715;7334.500000000;5;9568402073;S
20240208;181715;7334.000000000;5;9568402074;S
20240208;181715;7334.000000000;5;9568402075;S
20240208;181715;7334.000000000;10;9568402076;S
20240208;181715;7334.000000000;85;9568402077;S
20240208;181715;7333.500000000;5;9568402078;S
20240208;181715;7333.500000000;5;9568402079;S
20240208;181715;7333.500000000;2;9568402080;S
20240208;181715;7333.500000000;2;9568402081;S
20240208;181715;7333.500000000;20;9568402082;S
20240208;181715;7333.000000000;77;9568402083;S
20240208;181715;7333.000000000;111;9568402084;S
20240208;181715;7333.000000000;5;9568402085;S
20240208;181715;7333.000000000;8;9568402086;S
20240208;181715;7333.000000000;3;9568402087;S
20240208;181715;7333.000000000;1;9568402088;S
20240208;181715;7333.000000000;1;9568402089;S
20240208;181715;7332.500000000;5;9568402090;S
20240208;181715;7332.500000000;50;9568402091;S
20240208;181715;7332.500000000;1;9568402092;S
20240208;181715;7332.500000000;34;9568402093;S
20240208;181715;7332.500000000;40;9568402094;S
20240208;181715;7332.000000000;5;9568402095;S
20240208;181715;7332.000000000;17;9568402096;S
20240208;181715;7332.000000000;1;9568402097;S
20240208;181715;7332.000000000;5;9568402098;S
20240208;181715;7332.000000000;7;9568402099;S
20240208;181715;7331.500000000;5;9568402100;S
20240208;181715;7331.500000000;12;9568402101;S
20240208;181715;7331.500000000;10;9568402102;S
20240208;181715;7331.500000000;20;9568402103;S
20240208;181715;7331.000000000;5;9568402104;S
20240208;181715;7331.000000000;20;9568402105;S
20240208;181715;7331.000000000;20;9568402106;S
20240208;181715;7330.500000000;5;9568402107;S
20240208;181715;7330.500000000;1;9568402108;S
20240208;181715;7330.500000000;1;9568402109;S
20240208;181715;7330.500000000;3;9568402110;S
20240208;181715;7330.500000000;2;9568402111;S
20240208;181715;7330.000000000;2;9568402112;S
20240208;181715;7330.000000000;50;9568402113;S
20240208;181715;7330.000000000;5;9568402114;S
20240208;181715;7330.000000000;2;9568402115;S
20240208;181715;7330.000000000;20;9568402116;S
20240208;181715;7330.000000000;1;9568402117;S
20240208;181715;7330.000000000;3;9568402118;S
20240208;181715;7330.000000000;1;9568402119;S
20240208;181715;7330.000000000;2;9568402120;S
20240208;181715;7330.000000000;1;9568402121;S
20240208;181715;7330.000000000;1;9568402122;S
20240208;181715;7330.000000000;14;9568402123;S
20240208;181715;7336.500000000;2;9568402124;S
20240208;181716;7331.000000000;4;9568402130;S
20240208;181716;7335.500000000;5;9568402132;B
20240208;181716;7335.500000000;5;9568402141;B
20240208;181716;7331.000000000;9;9568402145;S
20240208;181716;7338.000000000;1;9568402148;B
20240208;181716;7333.000000000;10;9568402149;S
20240208;181716;7332.500000000;5;9568402150;S
20240208;181716;7335.500000000;5;9568402159;S
20240208;181716;7335.500000000;15;9568402160;S
20240208;181716;7335.500000000;5;9568402161;S
20240208;181716;7334.500000000;5;9568402162;S
20240208;181716;7332.500000000;1;9568402163;S
20240208;181716;7331.000000000;14;9568402164;S
20240208;181716;7330.500000000;20;9568402165;S
20240208;181716;7330.000000000;19;9568402166;S
20240208;181716;7333.500000000;5;9568402169;S
20240208;181716;7331.500000000;8;9568402170;S
20240208;181716;7330.000000000;37;9568402171;S
20240208;181716;7332.500000000;5;9568402179;S
20240208;181716;7332.500000000;20;9568402180;S
20240208;181716;7331.500000000;5;9568402181;S
20240208;181716;7330.000000000;20;9568402182;S
20240208;181716;7330.000000000;3;9568402186;S
20240208;181716;7330.000000000;3;9568402189;S
20240208;181716;7330.500000000;4;9568402193;S
20240208;181717;7331.000000000;6;9568402201;S
20240208;181717;7331.000000000;2;9568402203;S
20240208;181717;7331.500000000;3;9568402230;S
20240208;181717;7331.500000000;3;9568402231;S
20240208;181717;7331.500000000;12;9568402233;S
20240208;181717;7331.500000000;5;9568402238;S
20240208;181717;7331.500000000;2;9568402239;S
20240208;181719;7332.000000000;1;9568402327;B
20240208;181724;7333.500000000;5;9568402852;S
20240208;181724;7333.500000000;6;9568402853;S
20240208;181724;7333.500000000;1;9568402854;S
20240208;181724;7333.500000000;1;9568402855;S
20240208;181724;7332.500000000;1;9568402856;S
20240208;181724;7332.000000000;21;9568402857;S
20240208;181724;7331.500000000;8;9568402858;S
20240208;181724;7331.500000000;5;9568402859;S
20240208;181724;7331.500000000;1;9568402860;S
20240208;181724;7331.500000000;20;9568402861;S
20240208;181724;7331.000000000;1;9568402862;S
20240208;181724;7331.000000000;27;9568402863;S
20240208;181724;7331.000000000;23;9568402864;S
20240208;181729;7332.500000000;21;9568403307;S
20240208;181729;7332.000000000;1;9568403308;S
20240208;181729;7332.000000000;23;9568403309;S
20240208;181730;7332.500000000;1;9568403349;S
20240208;181730;7332.000000000;2;9568403350;S
20240208;181730;7332.000000000;21;9568403351;S
20240208;181730;7331.500000000;1;9568403352;S
20240208;181730;7331.500000000;1;9568403353;S
20240208;181730;7331.500000000;25;9568403354;S
20240208;181730;7331.000000000;77;9568403355;S
20240208;181730;7331.000000000;27;9568403356;S
20240208;181730;7330.500000000;150;9568403357;S
20240208;181730;7330.000000000;4;9568403358;S
20240208;181730;7330.000000000;20;9568403359;S
20240208;181730;7330.000000000;40;9568403360;S
20240208;181730;7330.000000000;10;9568403361;S
20240208;181730;7330.000000000;100;9568403362;S
20240208;181730;7329.500000000;15;9568403363;S
20240208;181730;7329.500000000;5;9568403364;S
20240208;181730;7329.500000000;4;9568403365;S
20240208;181730;7329.500000000;100;9568403366;S
20240208;181730;7329.500000000;20;9568403367;S
20240208;181730;7329.000000000;86;9568403368;S
20240208;181730;7329.000000000;5;9568403369;S
20240208;181730;7329.000000000;20;9568403370;S
20240208;181730;7329.000000000;1;9568403371;S
20240208;181730;7329.000000000;6;9568403372;S
20240208;181730;7329.000000000;2;9568403373;S
20240208;181730;7328.500000000;2716;9568403374;S
20240208;181730;7328.500000000;5;9568403375;S
20240208;181730;7328.500000000;26;9568403376;S
20240208;181730;7328.500000000;10;9568403377;S
20240208;181730;7332.000000000;21;9568403378;S
20240208;181731;7330.500000000;1;9568403463;S
20240208;181731;7329.500000000;1;9568403464;S
20240208;181731;7329.500000000;5;9568403469;S
20240208;181734;7329.500000000;10;9568403636;S
20240208;181735;7330.000000000;7;9568403677;S
20240208;181739;7331.000000000;5;9568403906;S
20240208;181739;7330.500000000;21;9568403907;S
20240208;181739;7330.000000000;20;9568403908;S
20240208;181739;7330.000000000;20;9568403909;S
20240208;181739;7329.000000000;50;9568403910;S
20240208;181739;7329.000000000;4;9568403911;S
20240208;181742;7330.000000000;1;9568404128;S
20240208;181742;7329.500000000;5;9568404129;S
20240208;181742;7329.500000000;10;9568404130;S
20240208;181742;7329.000000000;2;9568404131;S
20240208;181742;7329.000000000;19;9568404132;S
20240208;181742;7329.000000000;1;9568404171;S
20240208;181745;7331.500000000;2;9568404347;B
20240208;181747;7331.500000000;2;9568404492;B
20240208;181747;7332.000000000;1;9568404522;B
20240208;181753;7330.000000000;1;9568404853;S
20240208;181754;7330.000000000;1;9568404885;S
20240208;181755;7330.000000000;14;9568405684;S
20240208;181757;7330.000000000;1;9568406636;S
20240208;181801;7330.000000000;2;9568409030;S
20240208;181801;7330.000000000;8;9568409031;S
20240208;181801;7331.000000000;1;9568409320;S
20240208;181801;7330.000000000;1;9568409321;S
20240208;181801;7330.000000000;10;9568409446;S
20240208;181802;7330.000000000;10;9568409737;S
20240208;181802;7330.000000000;10;9568409928;S
20240208;181802;7330.000000000;2;9568410125;S
20240208;181807;7330.000000000;4;9568412990;S
20240208;181811;7330.000000000;10;9568415537;S
20240208;181811;7330.000000000;20;9568415538;S
20240208;181811;7329.500000000;40;9568415539;S
20240208;181811;7329.500000000;1;9568415540;S
20240208;181811;7329.500000000;1;9568415541;S
20240208;181811;7329.000000000;25;9568415542;S
20240208;181811;7329.000000000;1;9568415543;S
20240208;181811;7329.000000000;2;9568415544;S
20240208;181814;7331.500000000;20;9568417807;B
20240208;181819;7331.500000000;1;9568420441;S
20240208;181823;7332.000000000;9;9568423150;B
20240208;181823;7332.500000000;6;9568423151;B
20240208;181826;7333.000000000;20;9568425197;B
20240208;181826;7333.000000000;3;9568425198;B
20240208;181826;7333.000000000;1;9568425199;B
20240208;181826;7333.500000000;50;9568425200;B
20240208;181826;7333.500000000;18;9568425201;B
20240208;181829;7334.000000000;5;9568427479;B
20240208;181829;7334.000000000;18;9568427480;B
20240208;181829;7334.500000000;1;9568427481;B
20240208;181829;7334.500000000;130;9568427482;B
20240208;181829;7335.000000000;5;9568427483;B
20240208;181829;7335.000000000;1;9568427484;B
20240208;181830;7335.500000000;5;9568428205;B
20240208;181834;7335.000000000;40;9568430230;S
20240208;181835;7334.500000000;1;9568430743;S
20240208;181835;7333.500000000;1;9568430744;S
20240208;181836;7336.000000000;4;9568430810;B
20240208;181842;7335.000000000;1;9568431257;S
20240208;181842;7335.000000000;2;9568431264;B
20240208;181855;7334.000000000;29;9568432035;S
20240208;181900;7334.000000000;1;9568432369;B
20240208;181900;7333.500000000;7;9568432386;S
20240208;181901;7334.000000000;1;9568432437;B
20240208;181902;7334.000000000;1;9568432504;B
20240208;181903;7334.000000000;4;9568432637;B
20240208;181903;7334.500000000;1;9568432638;B
20240208;181903;7334.500000000;5;9568432639;B
20240208;181908;7334.000000000;1;9568432971;B
20240208;181911;7335.000000000;6;9568433170;B
20240208;181914;7335.000000000;21;9568433413;B
20240208;181914;7335.000000000;4;9568433414;B
20240208;181914;7335.000000000;6;9568433415;B
20240208;181914;7336.000000000;26;9568433416;B
20240208;181914;7336.000000000;20;9568433417;B
20240208;181920;7337.000000000;1;9568433862;B
20240208;181924;7336.500000000;3;9568434233;B
20240208;181927;7336.000000000;20;9568434530;S
20240208;181928;7336.500000000;1;9568434643;B
20240208;181929;7336.000000000;3;9568434708;S
20240208;181933;7336.000000000;1;9568435006;B
20240208;181936;7333.500000000;2;9568435243;S
20240208;181936;7333.500000000;1;9568435244;S
20240208;181936;7333.000000000;7;9568435245;S
20240208;181943;7333.000000000;3;9568435854;S
20240208;181943;7333.000000000;11;9568435908;S
20240208;181943;7333.000000000;21;9568435909;S
20240208;181943;7333.000000000;10;9568435910;S
20240208;181950;7331.000000000;1;9568436591;S
20240208;181955;7331.000000000;2;9568436847;S
20240208;181955;7330.500000000;5;9568436848;S
20240208;181955;7330.500000000;5;9568436849;S
20240208;181959;7331.000000000;1;9568437187;S
20240208;182003;7331.000000000;1;9568437551;S
20240208;182003;7331.000000000;2;9568437552;S
20240208;182003;7331.000000000;8;9568437609;S
20240208;182003;7331.000000000;1;9568437610;S
20240208;182004;7331.000000000;4;9568437664;B
20240208;182004;7331.000000000;8;9568437665;B
20240208;182007;7331.000000000;30;9568437907;B
20240208;182009;7331.000000000;7;9568438014;B
20240208;182009;7331.000000000;6;9568438021;B
20240208;182012;7331.000000000;10;9568438164;B
20240208;182013;7331.000000000;3;9568438207;B
20240208;182013;7330.500000000;5;9568438236;S
20240208;182013;7330.500000000;6;9568438237;S
20240208;182015;7330.500000000;4;9568438723;S
20240208;182015;7330.500000000;1;9568438724;S
20240208;182017;7331.000000000;3;9568439632;B
20240208;182017;7332.500000000;7;9568439633;B
20240208;182017;7333.000000000;8;9568439634;B
20240208;182017;7333.000000000;10;9568439635;B
20240208;182019;7334.500000000;2;9568439675;B
20240208;182023;7334.500000000;15;9568440890;B
20240208;182023;7335.000000000;5;9568440891;B
20240208;182023;7335.000000000;7;9568440892;B
20240208;182025;7335.000000000;1;9568441253;S
20240208;182025;7335.000000000;7;9568441281;S
20240208;182026;7335.500000000;25;9568441356;B
20240208;182026;7335.500000000;20;9568441357;B
20240208;182026;7336.000000000;5;9568441358;B
20240208;182027;7335.000000000;15;9568441443;S
20240208;182027;7333.500000000;1;9568441451;S
20240208;182030;7335.000000000;2;9568441795;B
20240208;182030;7335.500000000;1;9568441796;B
20240208;182030;7335.500000000;20;9568441797;B
20240208;182030;7336.000000000;15;9568441798;B
20240208;182030;7336.500000000;6;9568441799;B
20240208;182030;7336.500000000;2;9568441800;B
20240208;182030;7336.500000000;10;9568441801;B
20240208;182030;7336.500000000;20;9568441802;B
20240208;182030;7336.500000000;4;9568441803;B
20240208;182037;7333.000000000;7;9568443631;S
20240208;182037;7333.000000000;10;9568443636;S
20240208;182037;7333.000000000;2;9568443644;S
20240208;182037;7333.000000000;3;9568443653;S
20240208;182037;7331.000000000;1;9568443654;S
20240208;182039;7330.500000000;6;9568444082;S
20240208;182043;7330.500000000;5;9568444825;S
20240208;182044;7330.500000000;38;9568445015;S
20240208;182044;7330.500000000;10;9568445016;S
20240208;182044;7330.500000000;2;9568445017;S
20240208;182052;7331.000000000;1;9568446138;S
20240208;182053;7333.500000000;2;9568446166;B
20240208;182053;7333.500000000;21;9568446167;B
20240208;182053;7334.000000000;22;9568446168;B
20240208;182054;7331.000000000;2;9568446248;S
20240208;182059;7331.000000000;2;9568447377;S
20240208;182059;7331.000000000;13;9568447378;S
20240208;182128;7334.000000000;1;9568451671;B
20240208;182129;7331.000000000;2;9568451727;S
20240208;182129;7331.000000000;1;9568451728;S
20240208;182129;7331.000000000;1;9568451729;S
20240208;182129;7331.000000000;1;9568451730;S
20240208;182140;7331.000000000;4;9568452815;S
20240208;182140;7330.500000000;5;9568452816;S
20240208;182140;7330.500000000;2;9568452817;S
20240208;182140;7330.500000000;1;9568452818;S
20240208;182140;7330.000000000;26;9568452819;S
20240208;182140;7330.000000000;12;9568452820;S
20240208;182142;7331.000000000;50;9568453858;S
20240208;182142;7330.000000000;88;9568453859;S
20240208;182142;7330.000000000;3;9568453860;S
20240208;182142;7330.000000000;100;9568453861;S
20240208;182142;7330.000000000;1;9568453862;S
20240208;182142;7330.000000000;1;9568453863;S
20240208;182142;7330.000000000;27;9568453864;S
20240208;182142;7330.000000000;10;9568453865;S
20240208;182142;7330.000000000;15;9568453866;B
20240208;182142;7330.000000000;15;9568453867;B
20240208;182142;7330.000000000;15;9568453868;B
20240208;182142;7330.000000000;12;9568453869;B
20240208;182142;7330.000000000;15;9568453870;B
20240208;182142;7330.000000000;15;9568453871;B
20240208;182146;7330.000000000;128;9568455018;B
20240208;182146;7330.000000000;2;9568455021;S
20240208;182147;7330.000000000;1;9568455237;S
20240208;182147;7330.000000000;1;9568455249;S
20240208;182205;7330.000000000;2;9568458187;S
20240208;182217;7330.500000000;1;9568459450;S
20240208;182228;7332.500000000;2;9568461304;B
20240208;182228;7333.000000000;1;9568461305;B
20240208;182228;7333.500000000;5;9568461306;B
20240208;182228;7333.500000000;5;9568461307;B
20240208;182228;7333.500000000;1;9568461308;B
20240208;182228;7333.500000000;4;9568461327;S
20240208;182228;7331.000000000;1;9568461328;S
20240208;182235;7334.000000000;2;9568462578;B
20240208;182235;7335.000000000;20;9568462579;B
20240208;182235;7335.000000000;1;9568462580;B
20240208;182254;7336.000000000;20;9568464946;B
20240208;182254;7336.500000000;8;9568464947;B
20240208;182259;7336.500000000;22;9568465300;B
20240208;182259;7336.500000000;18;9568465301;B
20240208;182259;7337.500000000;67;9568465302;B
20240208;182301;7335.000000000;3;9568465390;S
20240208;182303;7336.000000000;3;9568465518;B
20240208;182304;7336.000000000;55;9568465630;B
20240208;182304;7336.500000000;14;9568465631;B
20240208;182304;7336.500000000;15;9568465632;S
20240208;182305;7337.000000000;1;9568465688;B
20240208;182307;7336.500000000;2;9568465769;S
20240208;182308;7336.500000000;14;9568465817;S
20240208;182308;7336.000000000;7;9568465818;S
20240208;182308;7333.000000000;7;9568465819;S
20240208;182308;7332.500000000;8;9568465820;S
20240208;182312;7332.500000000;3;9568466069;S
20240208;182312;7332.000000000;7;9568466070;S
20240208;182312;7331.500000000;50;9568466071;S
20240208;182312;7331.500000000;7;9568466072;S
20240208;182312;7331.500000000;1;9568466074;B
20240208;182314;7331.500000000;2;9568466189;B
20240208;182321;7331.500000000;1;9568466559;B
20240208;182321;7331.500000000;2;9568466560;B
20240208;182322;7331.500000000;2;9568466692;B
20240208;182323;7331.500000000;1;9568466725;B
20240208;182323;7331.500000000;9;9568466763;B
20240208;182323;7333.000000000;1;9568466764;B
20240208;182335;7331.500000000;1;9568467517;S
20240208;182336;7331.500000000;1;9568467550;S
20240208;182336;7331.500000000;1;9568467551;S
20240208;182336;7331.000000000;2;9568467552;S
20240208;182336;7331.000000000;2;9568467553;S
20240208;182336;7331.000000000;3;9568467554;S
20240208;182336;7331.000000000;1;9568467555;S
20240208;182336;7331.000000000;5;9568467556;S
20240208;182337;7334.500000000;13;9568467581;B
20240208;182337;7335.000000000;5;9568467582;B
20240208;182342;7331.500000000;1;9568467845;S
20240208;182346;7334.500000000;1;9568468076;B
20240208;182346;7331.500000000;3;9568468080;S
20240208;182358;7331.500000000;1;9568469372;S
20240208;182422;7331.500000000;3;9568471250;S
20240208;182422;7331.500000000;1;9568471251;S
20240208;182422;7331.500000000;3;9568471252;S
20240208;182423;7331.000000000;30;9568471316;S
20240208;182426;7331.500000000;5;9568471546;B
20240208;182429;7331.000000000;3;9568471663;S
20240208;182429;7331.000000000;11;9568471664;S
20240208;182431;7331.000000000;26;9568471788;S
20240208;182432;7331.500000000;988;9568471814;B
20240208;182432;7331.500000000;7;9568471815;B
20240208;182432;7331.500000000;5;9568471816;B
20240208;182434;7331.000000000;7;9568471951;S
20240208;182444;7333.000000000;2;9568472865;B
20240208;182447;7331.500000000;1;9568473017;S
20240208;182447;7331.500000000;2;9568473054;S
20240208;182447;7331.500000000;1;9568473055;S
20240208;182447;7331.000000000;6;9568473056;S
20240208;182447;7331.000000000;2;9568473057;S
20240208;182447;7331.000000000;9;9568473058;S
20240208;182450;7333.000000000;1;9568473200;B
20240208;182450;7333.000000000;5;9568473201;B
20240208;182451;7332.000000000;1;9568473244;S
20240208;182451;7333.000000000;3;9568473276;B
20240208;182452;7333.500000000;3;9568473277;S
20240208;182458;7333.500000000;4;9568473668;S
20240208;182458;7332.000000000;3;9568473669;S
20240208;182500;7332.500000000;1;9568473944;S
20240208;182500;7332.500000000;1;9568473945;B
20240208;182501;7332.500000000;6;9568473994;B
20240208;182506;7332.000000000;20;9568474337;S
20240208;182507;7332.000000000;2;9568474378;S
20240208;182517;7332.000000000;74;9568474982;S
20240208;182519;7331.500000000;2;9568475077;B
20240208;182520;7331.000000000;35;9568475114;S
20240208;182523;7331.500000000;17;9568475297;B
20240208;182524;7331.500000000;1;9568475346;B
20240208;182530;7331.500000000;1;9568475773;B
20240208;182543;7331.000000000;6;9568476474;S
20240208;182543;7331.000000000;8;9568476475;S
20240208;182543;7331.000000000;36;9568476476;S
20240208;182545;7331.500000000;1;9568476561;B
20240208;182548;7331.000000000;14;9568476768;S
20240208;182548;7331.000000000;2;9568476769;S
20240208;182548;7331.000000000;8;9568476770;S
20240208;182548;7331.000000000;1;9568476811;B
20240208;182548;7331.000000000;7;9568476812;B
20240208;182550;7331.000000000;2;9568476907;B
20240208;182551;7331.000000000;22;9568477001;B
20240208;182551;7331.000000000;25;9568477003;S
20240208;182557;7331.000000000;21;9568477510;S
20240208;182624;7331.000000000;1;9568480058;B
20240208;182627;7330.500000000;5;9568480273;S
20240208;182627;7330.500000000;5;9568480274;S
20240208;182628;7330.500000000;1;9568480306;S
20240208;182642;7330.500000000;7;9568481308;S
20240208;182654;7331.000000000;5;9568482059;B
20240208;182708;7331.000000000;1;9568482901;B
20240208;182709;7330.500000000;1;9568482933;S
20240208;182713;7331.000000000;22;9568483157;B
20240208;182713;7331.000000000;25;9568483158;B
20240208;182713;7331.000000000;20;9568483159;B
20240208;182713;7331.500000000;20;9568483160;B
20240208;182713;7331.500000000;13;9568483161;B
20240208;182723;7331.500000000;2;9568483859;B
20240208;182724;7331.500000000;5;9568483895;B
20240208;182724;7331.500000000;38;9568483896;B
20240208;182724;7332.000000000;1;9568483897;B
20240208;182724;7332.000000000;6;9568483898;B
20240208;182730;7331.500000000;3;9568484318;B
20240208;182735;7331.500000000;13;9568484567;B
20240208;182735;7332.000000000;1;9568484568;B
20240208;182735;7332.500000000;8;9568484569;B
20240208;182735;7333.000000000;4;9568484570;B
20240208;182735;7333.000000000;20;9568484571;B
20240208;182735;7334.000000000;5;9568484572;B
20240208;182735;7335.000000000;14;9568484573;B
20240208;182750;7335.000000000;3;9568485380;B
20240208;182750;7335.000000000;1;9568485381;B
20240208;182750;7335.500000000;4;9568485382;B
20240208;182813;7335.000000000;1;9568486960;B
20240208;182838;7335.000000000;1;9568488486;B
20240208;182838;7336.000000000;5;9568488496;B
20240208;182839;7332.000000000;8;9568488540;B
20240208;182841;7336.000000000;12;9568488687;B
20240208;182844;7331.500000000;1;9568488872;S
20240208;182907;7331.500000000;1;9568490323;S
20240208;182920;7332.000000000;8;9568491357;S
20240208;182920;7331.500000000;8;9568491358;S
20240208;182920;7331.500000000;5;9568491359;S
20240208;182920;7331.000000000;19;9568491360;S
20240208;182922;7331.500000000;1;9568491549;S
20240208;182926;7331.500000000;2;9568491815;S
20240208;182930;7334.000000000;10;9568492091;B
20240208;182930;7334.500000000;2;9568492092;B
20240208;182930;7334.500000000;11;9568492093;B
20240208;182930;7334.500000000;7;9568492094;B
20240208;182930;7335.000000000;1;9568492095;B
20240208;182930;7335.500000000;9;9568492096;B
20240208;182934;7331.500000000;2;9568492359;S
20240208;182934;7331.500000000;2;9568492360;S
20240208;182941;7335.000000000;1;9568493072;B
20240208;182941;7335.000000000;2;9568493073;B
20240208;182941;7335.000000000;2;9568493074;S
20240208;182943;7335.000000000;1;9568493178;S
20240208;182959;7331.500000000;7;9568494201;S
20240208;182959;7331.000000000;8;9568494202;S
20240208;183002;7331.500000000;4;9568494342;S
20240208;183002;7331.000000000;3;9568494343;S
20240208;183002;7331.000000000;7;9568494344;S
20240208;183002;7331.000000000;5;9568494345;S
20240208;183002;7331.000000000;25;9568494346;S
20240208;183002;7331.000000000;10;9568494347;S
20240208;183002;7330.500000000;486;9568494348;S
20240208;183002;7330.500000000;3;9568494349;B
20240208;183002;7330.000000000;3;9568494357;S
20240208;183002;7330.000000000;12;9568494358;S
20240208;183002;7330.000000000;15;9568494359;S
20240208;183002;7330.000000000;10;9568494360;S
20240208;183002;7330.000000000;1;9568494361;S
20240208;183002;7330.000000000;1;9568494378;S
20240208;183002;7330.000000000;2;9568494392;S
20240208;183003;7330.000000000;1;9568494431;S
20240208;183005;7330.500000000;20;9568494826;B
20240208;183005;7330.500000000;4;9568494827;B
20240208;183005;7330.500000000;13;9568494831;B
20240208;183005;7330.500000000;7;9568494832;B
20240208;183011;7330.500000000;50;9568495316;B
20240208;183011;7330.000000000;1;9568495320;S
20240208;183012;7330.000000000;5;9568495375;S
20240208;183017;7330.000000000;1;9568495707;S
20240208;183025;7330.500000000;2;9568496334;B
20240208;183031;7330.500000000;1;9568496837;B
20240208;183032;7330.000000000;3;9568496929;S
20240208;183032;7330.000000000;1;9568496930;S
20240208;183032;7330.000000000;1;9568496931;S
20240208;183032;7329.500000000;7;9568496932;S
20240208;183032;7329.500000000;50;9568496933;S
20240208;183032;7329.000000000;4;9568496934;S
20240208;183032;7329.000000000;1;9568496935;S
20240208;183032;7329.000000000;1;9568496936;S
20240208;183032;7329.000000000;50;9568496937;S
20240208;183032;7329.000000000;10;9568496938;S
20240208;183032;7329.000000000;5;9568496939;S
20240208;183032;7329.000000000;50;9568496940;S
20240208;183032;7328.500000000;117;9568496941;S
20240208;183033;7329.000000000;2;9568496977;S
20240208;183033;7328.500000000;6;9568496978;S
20240208;183036;7330.000000000;2;9568497271;B
20240208;183042;7328.500000000;10;9568497629;S
20240208;183045;7328.500000000;1;9568497810;S
20240208;183048;7330.000000000;11;9568498037;B
20240208;183106;7328.500000000;1;9568499607;S
20240208;183130;7328.500000000;5;9568501372;S
20240208;183130;7330.000000000;1;9568501413;B
20240208;183133;7330.000000000;1;9568501639;B
20240208;183139;7328.500000000;107;9568502133;S
20240208;183139;7329.000000000;1;9568502134;B
20240208;183141;7328.500000000;259;9568502258;S
20240208;183141;7328.500000000;6;9568502259;S
20240208;183141;7328.500000000;5;9568502260;S
20240208;183152;7328.500000000;1;9568503040;S
20240208;183154;7328.500000000;15;9568503233;S
20240208;183156;7329.000000000;7;9568503408;B
20240208;183156;7329.000000000;23;9568503409;B
20240208;183156;7329.000000000;8;9568503410;B
20240208;183156;7329.000000000;12;9568503411;B
20240208;183156;7329.000000000;14;9568503412;B
20240208;183156;7329.000000000;7;9568503413;B
20240208;183205;7328.500000000;22;9568504009;S
20240208;183210;7328.500000000;13;9568504462;S
20240208;183217;7328.500000000;1;9568505046;S
20240208;183218;7328.500000000;14;9568505298;S
20240208;183226;7329.000000000;62;9568506124;B
20240208;183226;7329.000000000;22;9568506125;B
20240208;183226;7329.500000000;8;9568506126;B
20240208;183227;7329.500000000;5;9568506175;S
20240208;183227;7329.500000000;3;9568506184;S
20240208;183227;7329.000000000;9;9568506185;S
20240208;183227;7329.000000000;1;9568506186;S
20240208;183227;7328.500000000;206;9568506187;S
20240208;183233;7328.500000000;30;9568506761;S
20240208;183236;7328.500000000;3;9568507024;S
20240208;183242;7328.500000000;3;9568507516;S
20240208;183246;7328.500000000;2;9568507865;S
20240208;183249;7328.500000000;50;9568508061;S
20240208;183257;7328.500000000;2;9568508726;S
20240208;183303;7328.500000000;17;9568509757;S
20240208;183325;7328.500000000;125;9568511760;S
20240208;183328;7328.500000000;20;9568511943;S
20240208;183331;7329.000000000;1;9568512267;B
20240208;183334;7328.500000000;16;9568512454;S
20240208;183336;7328.500000000;63;9568512707;S
20240208;183338;7328.500000000;2;9568512856;S
20240208;183339;7328.500000000;5;9568513136;S
20240208;183339;7328.500000000;5;9568513137;S
20240208;183340;7328.500000000;2;9568513200;S
20240208;183346;7328.500000000;124;9568513726;S
20240208;183347;7329.000000000;13;9568513812;B
20240208;183347;7329.500000000;9;9568513813;B
20240208;183347;7330.000000000;4;9568513814;B
20240208;183347;7330.000000000;1;9568513815;B
20240208;183347;7330.000000000;50;9568513816;B
20240208;183347;7330.000000000;23;9568513817;B
20240208;183402;7329.000000000;5;9568515159;S
20240208;183418;7329.500000000;1;9568516872;B
20240208;183423;7329.000000000;2;9568517430;S
20240208;183423;7329.000000000;5;9568517431;S
20240208;183424;7329.000000000;2;9568517524;S
20240208;183426;7329.000000000;1;9568517602;S
20240208;183426;7329.500000000;4;9568517603;B
20240208;183426;7329.500000000;2;9568517604;B
20240208;183426;7329.500000000;4;9568517605;B
20240208;183426;7330.000000000;9;9568517606;B
20240208;183426;7330.000000000;4;9568517607;B
20240208;183426;7330.000000000;6;9568517608;B
20240208;183427;7329.000000000;2;9568517741;S
20240208;183427;7329.000000000;4;9568517742;S
20240208;183427;7328.500000000;65;9568517743;S
20240208;183427;7328.500000000;1;9568517744;S
20240208;183427;7328.500000000;11;9568517745;S
20240208;183427;7328.500000000;12;9568517746;S
20240208;183427;7328.500000000;5;9568517747;S
20240208;183440;7329.000000000;7;9568519276;S
20240208;183440;7328.500000000;43;9568519277;S
20240208;183444;7329.000000000;4;9568519761;S
20240208;183444;7328.500000000;86;9568519762;S
20240208;183455;7329.000000000;1;9568521105;S
20240208;183457;7329.000000000;1;9568521440;S
20240208;183457;7329.000000000;9;9568521441;S
20240208;183457;7328.500000000;67;9568521442;S
20240208;183504;7329.500000000;1;9568522352;S
20240208;183504;7329.000000000;63;9568522353;S
20240208;183509;7329.000000000;37;9568523079;S
20240208;183509;7329.000000000;3;9568523080;S
20240208;183509;7328.500000000;3;9568523090;S
20240208;183509;7329.000000000;5;9568523204;B
20240208;183510;7329.000000000;1;9568523308;B
20240208;183512;7329.000000000;5;9568523475;B
20240208;183513;7329.000000000;1;9568523531;B
20240208;183518;7328.500000000;2;9568524006;S
20240208;183521;7328.500000000;16;9568524206;S
20240208;183532;7328.500000000;1;9568525337;S
20240208;183532;7329.000000000;2;9568525377;B
20240208;183534;7329.000000000;1;9568525464;B
20240208;183547;7328.500000000;3;9568526808;S
20240208;183551;7328.500000000;4;9568527222;S
20240208;183556;7328.500000000;40;9568528477;S
20240208;183610;7328.500000000;2;9568530224;S
20240208;183621;7328.500000000;1;9568531808;S
20240208;183621;7328.500000000;1;9568531861;S
20240208;183623;7328.500000000;548;9568532004;S
20240208;183627;7328.500000000;40;9568532461;S
20240208;183630;7329.000000000;6;9568532889;B
20240208;183631;7328.500000000;4;9568532985;S
20240208;183633;7329.000000000;805;9568533300;B
20240208;183633;7329.000000000;9;9568533301;B
20240208;183633;7329.000000000;15;9568533302;B
20240208;183633;7329.000000000;21;9568533303;B
20240208;183637;7329.000000000;6;9568533807;S
20240208;183637;7329.000000000;1;9568533808;S
20240208;183637;7328.500000000;3;9568533809;S
20240208;183652;7329.500000000;18;9568534902;B
20240208;183656;7329.500000000;3;9568535124;S
20240208;183718;7329.500000000;23;9568537029;S
20240208;183727;7330.000000000;8;9568538580;B
20240208;183727;7330.000000000;1;9568538581;B
20240208;183727;7330.000000000;1;9568538582;B
20240208;183727;7330.000000000;10;9568538583;B
20240208;183729;7329.500000000;5;9568538789;S
20240208;183730;7330.000000000;1;9568538796;B
20240208;183733;7329.500000000;29;9568539114;S
20240208;183734;7330.000000000;4;9568539177;B
20240208;183734;7330.000000000;2;9568539178;B
20240208;183738;7329.500000000;3;9568539530;S
20240208;183742;7329.500000000;1;9568539899;S
20240208;183752;7330.000000000;1;9568540692;B
20240208;183752;7331.000000000;5;9568540693;B
20240208;183752;7331.500000000;4;9568540694;B
20240208;183757;7329.500000000;17;9568541270;S
20240208;183812;7330.000000000;29;9568542292;S
20240208;183825;7330.000000000;2;9568543771;S
20240208;183833;7330.000000000;95;9568544584;S
20240208;183833;7330.000000000;2;9568544585;S
20240208;183833;7330.000000000;1;9568544586;S
20240208;183833;7329.500000000;2;9568544587;S
20240208;183833;7331.500000000;1;9568544588;B
20240208;183839;7330.000000000;1;9568545078;B
20240208;183842;7329.500000000;2;9568545330;S
20240208;183843;7330.000000000;1;9568545362;B
20240208;183848;7330.000000000;1;9568545783;B
20240208;183850;7329.500000000;1;9568545977;S
20240208;183853;7330.000000000;27;9568546257;B
20240208;183853;7330.000000000;3;9568546258;B
20240208;183855;7329.500000000;100;9568546400;S
20240208;183859;7329.500000000;3;9568546814;S
20240208;183907;7329.500000000;100;9568547665;S
20240208;183911;7329.500000000;100;9568547977;S
20240208;183917;7329.500000000;400;9568548501;S
20240208;183925;7330.500000000;10;9568549231;B
20240208;183926;7329.500000000;21;9568549330;S
20240208;183936;7329.500000000;1;9568550002;S
20240208;183940;7329.500000000;2;9568550259;S
20240208;183941;7329.500000000;20;9568550429;S
20240208;183946;7329.500000000;25;9568550853;S
20240208;183948;7329.500000000;4;9568551065;S
20240208;183950;7329.500000000;14;9568551291;S
20240208;183950;7329.500000000;8;9568551300;S
20240208;183952;7330.000000000;8;9568551519;B
20240208;183953;7330.000000000;5;9568551557;B
20240208;183953;7329.500000000;2;9568551580;S
20240208;183954;7329.500000000;10;9568551655;S
20240208;184505;7314.500000000;1;9568565879;B
20240208;184505;7314.500000000;4;9568565880;B
20240208;184505;7314.500000000;1;9568565881;S
20240208;184505;7314.500000000;95;9568565882;S
20240208;184505;7314.500000000;1;9568565883;B
20240208;184505;7314.500000000;4;9568565884;B
20240208;184505;7314.500000000;3;9568565885;S
20240208;184505;7314.500000000;4;9568565886;S
20240208;184505;7314.500000000;13;9568565887;B
20240208;184505;7314.500000000;1;9568565888;B
20240208;184505;7314.500000000;2;9568565889;B
20240208;184505;7314.500000000;1;9568565890;B
20240208;184505;7314.500000000;7;9568565891;B
20240208;184505;7314.500000000;1;9568565892;B
20240208;184505;7314.500000000;2;9568565893;B
20240208;184505;7314.500000000;13;9568565894;B
20240208;184505;7314.500000000;5;9568565895;B
20240208;184505;7314.500000000;25;9568565896;B
20240208;184505;7314.500000000;25;9568565897;B
20240208;184505;7314.500000000;25;9568565898;B
20240208;184505;7314.500000000;700;9568565899;B
20240208;184505;7314.500000000;10;9568565900;B
20240208;184505;7314.500000000;30;9568565901;B
20240208;184505;7314.500000000;8;9568565902;B
20240208;184505;7314.500000000;8;9568565903;B
20240208;184505;7314.500000000;300;9568565904;B
20240208;184505;7314.500000000;2;9568565905;B
20240208;184505;7314.500000000;5;9568565906;B
20240208;184505;7314.500000000;5;9568565907;B
20240208;184505;7314.500000000;1;9568565908;B
20240208;184505;7314.500000000;30;9568565909;B
20240208;184505;7314.500000000;10;9568565910;B
20240208;184505;7314.500000000;153;9568565911;B
20240208;184505;7314.500000000;3;9568565912;B
20240208;184505;7314.500000000;99;9568565913;B
20240208;184505;7314.500000000;1;9568565914;B
20240208;184505;7314.500000000;30;9568565915;B
20240208;184505;7314.500000000;36;9568565916;B
20240208;184505;7314.500000000;55;9568565917;B
20240208;184505;7314.500000000;5;9568565918;S
20240208;184505;7314.500000000;1;9568565919;S
20240208;184505;7314.500000000;1;9568565920;B
20240208;184505;7314.500000000;10;9568565921;B
20240208;184505;7314.500000000;20;9568565922;B
20240208;184505;7314.500000000;1;9568565923;B
20240208;184505;7314.500000000;7;9568565924;B
20240208;184505;7314.500000000;5;9568565925;S
20240208;184505;7314.500000000;4;9568565926;S
20240208;184505;7314.500000000;1;9568565927;S
20240208;184505;7314.500000000;5;9568565928;S
20240208;184505;7314.500000000;10;9568565929;S
20240208;184505;7314.500000000;1;9568565930;S
20240208;184505;7314.500000000;10;9568565931;B
20240208;184505;7314.500000000;30;9568565932;B
20240208;184505;7314.500000000;5;9568565933;S
20240208;184505;7314.500000000;5;9568565934;S
20240208;184505;7314.500000000;1;9568565935;S
20240208;184505;7314.500000000;5;9568565936;S
20240208;184505;7314.500000000;7;9568565937;S
20240208;184505;7314.500000000;5;9568565938;B
20240208;184505;7314.500000000;10;9568565939;B
20240208;184505;7314.500000000;1;9568565940;S
20240208;184505;7314.500000000;1;9568565941;S
20240208;184505;7314.500000000;5;9568565942;S
20240208;184505;7314.500000000;5;9568565943;S
20240208;184505;7314.500000000;1;9568565944;S
20240208;184505;7314.500000000;1;9568565945;B
20240208;184505;7314.500000000;10;9568565946;B
20240208;184505;7314.500000000;5;9568565947;S
20240208;184505;7314.500000000;44;9568565948;S
20240208;184505;7314.500000000;6;9568565949;S
20240208;184505;7314.500000000;20;9568565950;S
20240208;184505;7314.500000000;14;9568565951;S
20240208;184505;7314.500000000;3;9568565952;S
20240208;184505;7314.500000000;1;9568565953;S
20240208;184505;7314.500000000;2;9568565954;S
20240208;184505;7314.500000000;4;9568565955;S
20240208;184505;7314.500000000;5;9568565956;S
20240208;184505;7314.500000000;20;9568565957;S
20240208;184505;7314.500000000;14;9568565958;S
20240208;184505;7314.500000000;1;9568565959;B
20240208;184505;7314.500000000;35;9568565960;B
20240208;184505;7314.500000000;555;9568565961;B
20240208;184505;7314.500000000;5;9568565962;S
20240208;184505;7314.500000000;1;9568565963;S
20240208;184505;7314.500000000;10;9568565964;B
20240208;184505;7314.500000000;1;9568565965;S
20240208;184505;7314.500000000;5;9568565966;S
20240208;184505;7314.500000000;1;9568565967;S
20240208;184505;7314.500000000;5;9568565968;S
20240208;184505;7314.500000000;60;9568565969;B
20240208;184505;7314.500000000;50;9568565970;B
20240208;184505;7314.500000000;5;9568565971;S
20240208;184505;7314.500000000;5;9568565972;S
20240208;184505;7314.500000000;5;9568565973;S
20240208;184505;7314.500000000;10;9568565974;B
20240208;184505;7314.500000000;20;9568565975;B
20240208;184505;7314.500000000;1;9568565976;B
20240208;184505;7314.500000000;2;9568565977;B
20240208;184505;7314.500000000;60;9568565978;B
20240208;184505;7314.500000000;35;9568565979;B
20240208;184505;7314.500000000;400;9568565980;B
20240208;184505;7314.500000000;5;9568565981;S
20240208;184505;7314.500000000;4;9568565982;S
20240208;184505;7314.500000000;1;9568565983;S
20240208;184505;7314.500000000;500;9568565984;S
20240208;184505;7314.500000000;1;9568565985;B
20240208;184505;7314.500000000;1;9568565986;S
20240208;184505;7314.500000000;5;9568565987;S
20240208;184505;7314.500000000;10;9568565988;S
20240208;184505;7314.500000000;270;9568565989;B
20240208;184505;7314.500000000;82;9568565990;S
20240208;184505;7314.500000000;55;9568565991;S
20240208;184505;7314.500000000;5;9568565992;S
20240208;184505;7314.500000000;10;9568565993;B
20240208;184505;7314.500000000;25;9568565994;B
20240208;184505;7314.500000000;25;9568565995;B
20240208;184505;7314.500000000;5;9568565996;S
20240208;184505;7314.500000000;4;9568565997;S
20240208;184505;7314.500000000;141;9568565998;S
20240208;184505;7314.500000000;5;9568565999;S
20240208;184505;7314.500000000;10;9568566000;S
20240208;184505;7314.500000000;1;9568566001;S
20240208;184505;7314.500000000;1;9568566002;S
20240208;184505;7314.500000000;1;9568566003;S
20240208;184505;7314.500000000;100;9568566004;B
20240208;184505;7314.500000000;77;9568566005;B
20240208;184505;7314.500000000;10;9568566006;B
20240208;184505;7314.500000000;5;9568566007;S
20240208;184505;7314.500000000;1;9568566008;S
20240208;184505;7314.500000000;4;9568566009;S
20240208;184505;7314.500000000;1;9568566010;S
20240208;184505;7314.500000000;50;9568566011;B
20240208;184505;7314.500000000;100;9568566012;B
20240208;184505;7314.500000000;10;9568566013;B
20240208;184505;7314.500000000;10;9568566014;B
20240208;184505;7314.500000000;10;9568566015;B
20240208;184505;7314.500000000;10;9568566016;B
20240208;184505;7314.500000000;10;9568566017;B
20240208;184505;7314.500000000;10;9568566018;B
20240208;184505;7314.500000000;10;9568566019;B
20240208;184505;7314.500000000;10;9568566020;B
20240208;184505;7314.500000000;2;9568566021;S
20240208;184505;7314.500000000;1;9568566022;S
20240208;184505;7314.500000000;10;9568566023;S
20240208;184505;7314.500000000;25;9568566024;S
20240208;184505;7314.500000000;5;9568566025;S
20240208;184505;7314.500000000;15;9568566026;S
20240208;184505;7314.500000000;2;9568566027;S
20240208;184505;7314.500000000;1;9568566028;S
20240208;184505;7314.500000000;20;9568566029;S
20240208;184505;7314.500000000;7;9568566030;S
20240208;184505;7314.500000000;1;9568566031;S
20240208;184505;7314.500000000;6;9568566032;S
20240208;184505;7314.500000000;10;9568566033;S
20240208;184505;7314.500000000;1;9568566034;S
20240208;184505;7314.500000000;1;9568566035;S
20240208;184505;7314.500000000;10;9568566036;B
20240208;184505;7314.500000000;1;9568566037;B
20240208;184505;7314.500000000;1;9568566038;B
20240208;184505;7314.500000000;3;9568566039;B
20240208;184505;7314.500000000;1;9568566040;B
20240208;184505;7314.500000000;5;9568566041;S
20240208;184505;7314.500000000;5;9568566042;S
20240208;184505;7314.500000000;5;9568566043;S
20240208;184505;7314.500000000;5;9568566044;S
20240208;184505;7314.500000000;5;9568566045;S
20240208;184505;7314.500000000;3;9568566046;B
20240208;184505;7314.500000000;60;9568566047;B
20240208;184505;7314.500000000;5;9568566048;S
20240208;184505;7314.500000000;1;9568566049;B
20240208;184505;7314.500000000;10;9568566050;B
20240208;184505;7314.500000000;5;9568566051;S
20240208;184505;7314.500000000;5;9568566052;S
20240208;184505;7314.500000000;40;9568566053;B
20240208;184505;7314.500000000;5;9568566054;S
20240208;184505;7314.500000000;10;9568566055;B
20240208;184505;7314.500000000;5;9568566056;S
20240208;184505;7314.500000000;1;9568566057;B
20240208;184505;7314.500000000;5;9568566058;S
20240208;184505;7314.500000000;30;9568566059;S
20240208;184505;7314.500000000;5;9568566060;S
20240208;184505;7314.500000000;10;9568566061;B
20240208;184505;7314.500000000;14;9568566062;B
20240208;184505;7314.500000000;287;9568566063;B
20240208;184505;7314.500000000;13;9568566064;S
20240208;184505;7314.500000000;10;9568566065;S
20240208;184505;7314.500000000;20;9568566066;S
20240208;184505;7314.500000000;5;9568566067;S
20240208;184505;7314.500000000;52;9568566068;S
20240208;184505;7314.500000000;1;9568566077;S
20240208;184532;7314.500000000;2;9568571160;S
20240208;184534;7314.500000000;40;9568571175;S
20240208;184541;7314.500000000;1;9568571265;S
20240208;184552;7314.500000000;2;9568571937;S
20240208;184600;7314.500000000;102;9568572299;S
20240208;184600;7314.500000000;17;9568572300;S
20240208;184619;7314.500000000;43;9568572567;S
20240208;184619;7314.500000000;3;9568572568;S
20240208;184619;7314.500000000;40;9568572569;S
20240208;184647;7314.500000000;20;9568572845;S
20240208;184701;7314.500000000;1;9568572984;S
20240208;184705;7314.500000000;2;9568573021;S
20240208;184821;7314.500000000;1;9568573586;S
20240208;184912;7314.500000000;9;9568574000;S
20240208;184915;7314.500000000;1;9568574022;S
20240208;184919;7314.500000000;2;9568574038;S
20240208;184956;7314.500000000;4;9568574259;S
20240208;190452;7314.500000000;3;9568578521;S
20240208;190452;7314.500000000;2;9568578522;S
20240208;190452;7314.500000000;1;9568578523;S
20240208;190452;7314.500000000;1;9568578524;S
20240208;190452;7314.500000000;3;9568578525;S
20240208;190452;7314.500000000;1;9568578526;S
20240208;190452;7314.500000000;2;9568578527;S
20240208;190452;7314.500000000;2;9568578528;B
20240208;190452;7314.500000000;2;9568578529;S
20240208;190452;7314.500000000;4;9568578530;S
20240208;190452;7314.500000000;5;9568578531;S
20240208;190452;7314.500000000;1;9568578532;S
20240208;190452;7314.500000000;17;9568578533;B
20240208;190501;7315.000000000;10;9568579452;S
20240208;190501;7314.500000000;5;9568579453;S
20240208;190501;7315.000000000;10;9568579570;S
20240208;190501;7314.500000000;12;9568579571;S
20240208;190501;7313.500000000;1;9568579572;S
20240208;190501;7313.500000000;2;9568579573;S
20240208;190501;7312.500000000;10;9568579574;S
20240208;190501;7311.000000000;15;9568579575;S
20240208;190501;7311.500000000;21;9568579593;S
20240208;190501;7311.500000000;10;9568579594;S
20240208;190501;7311.000000000;15;9568579595;S
20240208;190501;7311.000000000;1;9568579596;S
20240208;190501;7311.000000000;1;9568579597;S
20240208;190501;7310.500000000;7;9568579598;S
20240208;190501;7311.000000000;10;9568579627;S
20240208;190501;7310.500000000;3;9568579628;S
20240208;190501;7310.500000000;1;9568579629;S
20240208;190501;7317.000000000;1;9568579661;B
20240208;190501;7310.500000000;1;9568579698;S
20240208;190501;7317.000000000;2;9568579739;B
20240208;190501;7310.500000000;1;9568579740;S
20240208;190501;7310.000000000;1;9568579741;S
20240208;190502;7310.000000000;1;9568579768;S
20240208;190502;7310.000000000;1;9568579789;S
20240208;190502;7310.000000000;5;9568579790;S
20240208;190502;7310.000000000;15;9568579796;S
20240208;190502;7309.000000000;10;9568579797;S
20240208;190502;7308.500000000;5;9568579798;S
20240208;190502;7308.000000000;1;9568579799;S
20240208;190502;7308.000000000;1;9568579802;S
20240208;190502;7308.000000000;2;9568579875;S
20240208;190502;7306.000000000;1;9568579876;S
20240208;190502;7305.000000000;7;9568579877;S
20240208;190502;7304.500000000;2;9568579878;S
20240208;190502;7303.500000000;10;9568579879;S
20240208;190502;7303.000000000;1;9568579880;S
20240208;190502;7302.500000000;5;9568579881;S
20240208;190502;7302.500000000;10;9568579882;S
20240208;190502;7302.000000000;1;9568579883;S
20240208;190502;7302.000000000;5;9568579884;S
20240208;190502;7301.500000000;10;9568579885;S
20240208;190502;7301.500000000;20;9568579886;S
20240208;190502;7301.000000000;1;9568579887;S
20240208;190502;7301.000000000;9;9568579888;S
20240208;190502;7309.000000000;1;9568579899;B
20240208;190502;7313.500000000;72;9568579900;B
20240208;190502;7314.000000000;7;9568579901;B
20240208;190502;7301.500000000;3;9568579916;S
20240208;190502;7310.500000000;8;9568579935;B
20240208;190502;7301.500000000;18;9568579939;S
20240208;190502;7302.000000000;10;9568579946;S
20240208;190502;7301.500000000;10;9568579947;S
20240208;190502;7301.000000000;35;9568579948;S
20240208;190502;7301.000000000;4;9568579958;S
20240208;190502;7301.500000000;7;9568580227;S
20240208;190502;7302.000000000;3;9568580244;S
20240208;190502;7302.000000000;1;9568580261;S
20240208;190502;7302.000000000;3;9568580262;S
20240208;190502;7302.000000000;1;9568580263;S
20240208;190502;7302.000000000;1;9568580264;S
20240208;190502;7301.000000000;2;9568580265;S
20240208;190502;7301.000000000;10;9568580266;S
20240208;190502;7301.000000000;25;9568580274;S
20240208;190502;7309.500000000;10;9568580285;B
20240208;190503;7309.000000000;10;9568580337;B
20240208;190503;7303.000000000;1;9568580410;B
20240208;190503;7301.000000000;6;9568580435;S
20240208;190503;7303.000000000;5;9568580438;B
20240208;190503;7303.000000000;3;9568580451;B
20240208;190503;7301.000000000;1;9568580452;S
20240208;190503;7301.000000000;6;9568580453;S
20240208;190503;7301.000000000;69;9568580455;S
20240208;190503;7303.000000000;10;9568580463;B
20240208;190503;7301.000000000;10;9568580464;S
20240208;190503;7301.000000000;7;9568580472;S
20240208;190503;7301.000000000;3;9568580495;S
20240208;190503;7301.000000000;10;9568580496;S
20240208;190503;7301.000000000;5;9568580512;S
20240208;190503;7303.000000000;5;9568580513;B
20240208;190503;7303.000000000;5;9568580544;B
20240208;190503;7301.000000000;3;9568580554;S
20240208;190503;7303.000000000;5;9568580562;B
20240208;190503;7302.000000000;10;9568580573;S
20240208;190503;7303.000000000;5;9568580585;B
20240208;190503;7302.000000000;10;9568580590;S
20240208;190503;7301.000000000;1;9568580591;S
20240208;190503;7303.000000000;5;9568580611;B
20240208;190503;7303.000000000;5;9568580643;B
20240208;190503;7301.000000000;12;9568580667;S
20240208;190503;7303.000000000;5;9568580696;B
20240208;190504;7303.000000000;5;9568580709;B
20240208;190504;7301.000000000;4;9568580724;S
20240208;190504;7303.000000000;5;9568580747;B
20240208;190504;7303.000000000;5;9568580763;B
20240208;190504;7303.000000000;5;9568580782;B
20240208;190504;7303.000000000;5;9568580796;B
20240208;190504;7303.000000000;5;9568580827;B
20240208;190504;7303.000000000;5;9568580834;B
20240208;190504;7303.000000000;5;9568580841;B
20240208;190504;7303.000000000;5;9568580850;B
20240208;190505;7303.000000000;20;9568580864;B
20240208;190505;7303.000000000;5;9568580867;B
20240208;190505;7303.000000000;5;9568580896;B
20240208;190505;7303.000000000;5;9568580908;B
20240208;190505;7303.000000000;5;9568580910;B
20240208;190505;7303.000000000;5;9568580931;B
20240208;190505;7303.000000000;20;9568580935;B
20240208;190505;7303.000000000;5;9568580943;B
20240208;190505;7303.000000000;5;9568580954;B
20240208;190505;7303.000000000;1;9568580955;B
20240208;190506;7303.000000000;100;9568581065;B
20240208;190507;7303.000000000;5;9568581182;B
20240208;190507;7304.500000000;10;9568581183;B
20240208;190510;7304.500000000;4;9568581374;B
20240208;190510;7308.000000000;2;9568581375;B
20240208;190510;7308.000000000;1;9568581376;B
20240208;190510;7308.000000000;20;9568581377;B
20240208;190510;7308.500000000;4;9568581378;B
20240208;190510;7309.000000000;28;9568581379;B
20240208;190510;7309.500000000;10;9568581380;B
20240208;190510;7309.500000000;3;9568581381;B
20240208;190510;7310.000000000;1;9568581520;B
20240208;190510;7310.000000000;1;9568581521;B
20240208;190510;7314.000000000;48;9568581522;B
20240208;190513;7314.500000000;2;9568581759;B
20240208;190517;7306.000000000;1;9568582128;S
20240208;190522;7314.000000000;5;9568582393;B
20240208;190522;7314.000000000;45;9568582394;B
20240208;190525;7307.000000000;2;9568582482;S
20240208;190530;7313.500000000;1;9568582638;B
20240208;190530;7307.000000000;1;9568582640;S
20240208;190531;7307.000000000;3;9568582676;S
20240208;190534;7312.500000000;2;9568582755;B
20240208;190534;7313.000000000;1;9568582756;B
20240208;190534;7313.500000000;4;9568582757;B
20240208;190534;7314.000000000;5;9568582758;B
20240208;190534;7314.500000000;18;9568582759;B
20240208;190541;7310.000000000;1;9568583040;S
20240208;190541;7309.500000000;20;9568583041;S
20240208;190541;7309.000000000;2;9568583042;S
20240208;190541;7308.500000000;27;9568583043;S
20240208;190550;7310.500000000;1;9568583388;S
20240208;190550;7310.000000000;5;9568583389;S
20240208;190550;7308.500000000;20;9568583390;S
20240208;190550;7308.000000000;5;9568583391;S
20240208;190550;7308.000000000;1;9568583392;S
20240208;190550;7307.000000000;1;9568583393;S
20240208;190550;7307.000000000;4;9568583394;S
20240208;190550;7307.000000000;1;9568583395;S
20240208;190550;7306.500000000;8;9568583396;S
20240208;190550;7306.500000000;4;9568583397;S
20240208;190557;7311.500000000;5;9568584145;B
20240208;190557;7311.500000000;10;9568584146;B
20240208;190557;7312.000000000;1;9568584147;B
20240208;190557;7312.000000000;8;9568584148;B
20240208;190557;7313.000000000;8;9568584149;B
20240208;190557;7314.000000000;28;9568584150;B
20240208;190557;7314.500000000;10;9568584151;B
20240208;190557;7314.500000000;8;9568584152;B
20240208;190600;7313.500000000;1;9568584885;B
20240208;190602;7313.500000000;1;9568585603;B
20240208;190603;7311.500000000;20;9568586177;S
20240208;190603;7311.000000000;1;9568586178;S
20240208;190603;7309.500000000;1;9568586179;S
20240208;190603;7308.000000000;28;9568586180;S
20240208;190603;7307.500000000;20;9568586181;S
20240208;190603;7307.000000000;5;9568586182;S
20240208;190603;7306.500000000;5;9568586183;S
20240208;190603;7306.500000000;27;9568586184;S
20240208;190603;7306.500000000;3;9568586185;S
20240208;190603;7306.000000000;1;9568586186;S
20240208;190603;7306.000000000;32;9568586187;S
20240208;190603;7306.000000000;10;9568586188;S
20240208;190603;7306.000000000;1;9568586189;S
20240208;190603;7306.000000000;1;9568586190;S
20240208;190603;7305.500000000;1;9568586191;S
20240208;190603;7305.500000000;50;9568586192;S
20240208;190603;7305.500000000;10;9568586193;S
20240208;190603;7305.500000000;1;9568586194;S
20240208;190603;7305.500000000;20;9568586195;S
20240208;190603;7305.000000000;3;9568586196;S
20240208;190603;7304.500000000;1;9568586197;S
20240208;190603;7304.000000000;2;9568586198;S
20240208;190603;7304.000000000;40;9568586199;S
20240208;190603;7304.000000000;11;9568586200;S
20240208;190603;7303.500000000;20;9568586201;S
20240208;190603;7303.500000000;50;9568586202;S
20240208;190603;7303.500000000;5;9568586203;S
20240208;190603;7303.500000000;20;9568586204;S
20240208;190603;7303.500000000;3;9568586205;S
20240208;190603;7303.000000000;2;9568586206;S
20240208;190603;7303.000000000;10;9568586207;S
20240208;190603;7303.000000000;1;9568586208;S
20240208;190603;7303.000000000;100;9568586209;S
20240208;190603;7303.000000000;1;9568586210;S
20240208;190603;7302.500000000;20;9568586211;S
20240208;190603;7302.500000000;1;9568586212;S
20240208;190603;7302.500000000;1;9568586213;S
20240208;190603;7302.500000000;222;9568586214;S
20240208;190615;7308.500000000;1;9568587472;S
20240208;190615;7308.000000000;10;9568587473;S
20240208;190615;7308.000000000;3;9568587474;S
20240208;190618;7304.500000000;2;9568587671;S
20240208;190618;7304.500000000;28;9568587672;S
20240208;190618;7304.000000000;20;9568587673;S
20240208;190618;7303.500000000;8;9568587674;S
20240208;190618;7303.500000000;3;9568587675;S
20240208;190618;7303.500000000;27;9568587676;S
20240208;190618;7303.500000000;5;9568587677;S
20240208;190618;7303.500000000;10;9568587678;S
20240208;190618;7303.500000000;10;9568587679;S
20240208;190618;7303.500000000;3;9568587680;S
20240208;190618;7303.000000000;34;9568587681;S
20240208;190618;7303.000000000;100;9568587682;S
20240208;190618;7303.000000000;3;9568587683;S
20240208;190618;7303.000000000;200;9568587684;S
20240208;190618;7302.500000000;28;9568587685;S
20240208;190618;7302.000000000;5;9568587686;S
20240208;190618;7302.000000000;10;9568587687;S
20240208;190618;7302.000000000;4;9568587688;S
20240208;190622;7306.500000000;3;9568587786;B
20240208;190622;7306.500000000;3;9568587787;B
20240208;190622;7306.500000000;10;9568587788;B
20240208;190622;7307.000000000;3;9568587789;B
20240208;190622;7307.000000000;10;9568587790;B
20240208;190622;7307.500000000;2;9568587791;B
20240208;190622;7307.500000000;20;9568587792;B
20240208;190622;7308.000000000;10;9568587793;B
20240208;190622;7308.500000000;20;9568587794;B
20240208;190622;7309.000000000;5;9568587795;B
20240208;190622;7310.500000000;10;9568587796;B
20240208;190622;7311.000000000;4;9568587797;B
20240208;190627;7306.000000000;1;9568588065;S
20240208;190627;7304.500000000;2;9568588066;S
20240208;190627;7304.000000000;28;9568588067;S
20240208;190627;7303.500000000;1;9568588068;S
20240208;190627;7303.500000000;10;9568588069;S
20240208;190627;7303.000000000;10;9568588070;S
20240208;190627;7303.000000000;10;9568588071;S
20240208;190627;7303.000000000;17;9568588072;S
20240208;190627;7303.000000000;3;9568588073;S
20240208;190627;7302.500000000;27;9568588074;S
20240208;190627;7302.500000000;1;9568588075;S
20240208;190627;7302.500000000;10;9568588076;S
20240208;190627;7302.500000000;50;9568588077;S
20240208;190627;7302.500000000;10;9568588078;S
20240208;190627;7302.000000000;46;9568588079;S
20240208;190627;7302.000000000;1;9568588080;S
20240208;190627;7302.000000000;78;9568588081;S
20240208;190627;7302.000000000;20;9568588082;S
20240208;190627;7302.000000000;3;9568588083;S
20240208;190627;7301.500000000;172;9568588084;S
20240208;190630;7304.500000000;1;9568588198;S
20240208;190630;7302.500000000;6;9568588199;S
20240208;190638;7304.000000000;1;9568588479;S
20240208;190643;7304.500000000;2;9568588617;B
20240208;190643;7304.000000000;30;9568588624;S
20240208;190643;7304.000000000;27;9568588625;S
20240208;190643;7302.500000000;5;9568588626;S
20240208;190643;7302.500000000;130;9568588627;S
20240208;190643;7302.000000000;5;9568588628;S
20240208;190643;7302.000000000;161;9568588629;S
20240208;190643;7302.000000000;1;9568588630;S
20240208;190643;7301.500000000;128;9568588631;S
20240208;190643;7301.500000000;13;9568588632;S
20240208;190650;7302.500000000;1;9568588838;S
20240208;190651;7302.500000000;4;9568588874;S
20240208;190651;7302.500000000;27;9568588875;S
20240208;190651;7302.000000000;1;9568588876;S
20240208;190651;7302.000000000;160;9568588877;S
20240208;190651;7301.500000000;12;9568588878;S
20240208;190651;7301.500000000;3;9568588879;S
20240208;190651;7301.500000000;10;9568588880;S
20240208;190651;7301.500000000;5;9568588881;S
20240208;190651;7301.500000000;1;9568588882;S
20240208;190651;7301.000000000;10;9568588883;S
20240208;190651;7301.000000000;242;9568588884;S
20240208;190654;7302.000000000;30;9568588990;B
20240208;190656;7302.000000000;5;9568589041;B
20240208;190658;7301.500000000;10;9568589084;S
20240208;190659;7301.500000000;17;9568589122;S
20240208;190659;7301.500000000;1;9568589123;S
20240208;190659;7301.500000000;5;9568589124;S
20240208;190659;7301.500000000;5;9568589125;S
20240208;190659;7301.500000000;5;9568589126;S
20240208;190659;7301.000000000;467;9568589127;S
20240208;190701;7301.000000000;5;9568589178;S
20240208;190701;7301.000000000;5;9568589179;S
20240208;190701;7301.000000000;5;9568589180;S
20240208;190701;7301.000000000;5;9568589181;S
20240208;190701;7301.000000000;5;9568589187;S
20240208;190701;7301.500000000;10;9568589188;B
20240208;190701;7301.000000000;5;9568589189;S
20240208;190701;7301.000000000;5;9568589190;S
20240208;190701;7301.000000000;5;9568589191;S
20240208;190701;7301.000000000;5;9568589193;S
20240208;190701;7301.000000000;200;9568589196;S
20240208;190701;7301.000000000;50;9568589207;S
20240208;190701;7301.500000000;2;9568589208;B
20240208;190701;7301.500000000;6;9568589209;B
20240208;190701;7301.000000000;66;9568589210;S
20240208;190701;7301.000000000;1;9568589211;S
20240208;190701;7301.000000000;35;9568589212;S
20240208;190701;7300.500000000;48;9568589213;S
20240208;190702;7300.500000000;50;9568589218;S
20240208;190702;7300.500000000;40;9568589237;S
20240208;190702;7300.500000000;12;9568589243;S
20240208;190702;7300.500000000;1;9568589244;S
20240208;190702;7300.500000000;1;9568589245;S
20240208;190702;7300.500000000;186;9568589246;S
20240208;190702;7300.500000000;50;9568589253;S
20240208;190702;7300.500000000;65;9568589255;S
20240208;190702;7300.500000000;50;9568589258;S
20240208;190703;7300.500000000;20;9568589260;S
20240208;190703;7300.500000000;15;9568589266;S
20240208;190703;7300.500000000;50;9568589360;S
20240208;190704;7300.500000000;11;9568589457;S
20240208;190704;7300.500000000;45;9568589458;S
20240208;190705;7300.500000000;7;9568589485;S
20240208;190707;7300.500000000;1;9568589549;S
20240208;190707;7300.500000000;5;9568589550;S
20240208;190707;7300.000000000;1;9568589551;S
20240208;190707;7300.000000000;1;9568589552;S
20240208;190707;7300.000000000;9;9568589553;S
20240208;190707;7300.000000000;32;9568589554;S
20240208;190707;7300.000000000;1;9568589555;S
20240208;190707;7300.000000000;1;9568589556;S
20240208;190707;7300.000000000;3;9568589557;S
20240208;190707;7300.000000000;140;9568589558;S
20240208;190707;7300.000000000;306;9568589559;S
20240208;190707;7300.000000000;1;9568589560;S
20240208;190707;7300.000000000;8;9568589561;S
20240208;190707;7300.000000000;1;9568589562;S
20240208;190707;7300.000000000;21;9568589563;S
20240208;190707;7300.000000000;2;9568589564;S
20240208;190707;7300.000000000;10;9568589565;S
20240208;190707;7300.000000000;1;9568589566;S
20240208;190707;7300.000000000;15;9568589567;S
20240208;190707;7300.000000000;1;9568589568;S
20240208;190707;7300.000000000;1;9568589569;S
20240208;190707;7300.000000000;1;9568589586;S
20240208;190708;7300.000000000;30;9568589593;S
20240208;190708;7300.000000000;2;9568589594;S
20240208;190708;7300.000000000;3;9568589595;S
20240208;190708;7300.000000000;1;9568589596;S
20240208;190708;7300.000000000;5;9568589597;S
20240208;190708;7300.000000000;2;9568589598;S
20240208;190708;7300.000000000;2;9568589604;S
20240208;190708;7300.000000000;10;9568589605;S
20240208;190708;7300.000000000;4;9568589606;S
20240208;190708;7300.000000000;5;9568589607;S
20240208;190708;7300.000000000;1;9568589608;S
20240208;190708;7300.000000000;1;9568589609;S
20240208;190708;7300.000000000;15;9568589610;S
20240208;190708;7300.000000000;3;9568589615;S
20240208;190708;7300.000000000;1;9568589617;S
20240208;190708;7300.500000000;15;9568589620;B
20240208;190708;7300.500000000;1;9568589621;B
20240208;190708;7301.500000000;4;9568589622;B
20240208;190708;7305.000000000;1;9568589623;B
20240208;190708;7305.000000000;5;9568589624;B
20240208;190708;7305.000000000;4;9568589625;B
20240208;190708;7300.000000000;47;9568589630;S
20240208;190708;7300.000000000;1;9568589631;S
20240208;190708;7300.000000000;1;9568589632;S
20240208;190708;7300.000000000;3;9568589633;S
20240208;190708;7300.000000000;1;9568589634;S
20240208;190708;7300.000000000;3;9568589635;S
20240208;190708;7300.000000000;1;9568589636;S
20240208;190708;7300.000000000;15;9568589637;S
20240208;190708;7300.000000000;5;9568589638;S
20240208;190708;7300.000000000;2;9568589639;S
20240208;190708;7300.000000000;1;9568589640;S
20240208;190708;7300.000000000;1;9568589641;S
20240208;190708;7300.000000000;19;9568589642;S
20240208;190708;7300.000000000;1;9568589645;S
20240208;190708;7300.000000000;1;9568589650;S
20240208;190708;7300.000000000;3;9568589655;S
20240208;190708;7300.000000000;1;9568589656;S
20240208;190708;7300.000000000;13;9568589657;S
20240208;190708;7300.000000000;3;9568589658;S
20240208;190709;7300.500000000;25;9568589674;B
20240208;190709;7301.000000000;1;9568589675;S
20240208;190710;7301.000000000;1;9568589743;S
20240208;190713;7301.500000000;2;9568589841;S
20240208;190713;7301.500000000;6;9568589889;S
20240208;190713;7301.500000000;3;9568589890;S
20240208;190713;7301.000000000;48;9568589891;S
20240208;190714;7301.000000000;25;9568589912;S
20240208;190714;7301.000000000;6;9568589913;S
20240208;190714;7301.000000000;1;9568589914;S
20240208;190714;7301.000000000;50;9568589915;S
20240208;190714;7300.500000000;10;9568589916;S
20240208;190714;7300.000000000;14;9568589917;S
20240208;190714;7300.000000000;50;9568589918;S
20240208;190714;7300.000000000;1;9568589919;S
20240208;190714;7300.000000000;1;9568589920;S
20240208;190714;7300.000000000;1;9568589921;S
20240208;190714;7300.000000000;10;9568589922;S
20240208;190714;7300.000000000;15;9568589923;B
20240208;190714;7300.000000000;15;9568589924;B
20240208;190715;7300.000000000;10;9568589936;B
20240208;190716;7299.500000000;5;9568590021;S
20240208;190716;7298.500000000;5;9568590022;S
20240208;190717;7299.000000000;2;9568590038;S
20240208;190717;7299.000000000;2;9568590047;S
20240208;190717;7299.000000000;1;9568590048;S
20240208;190718;7299.500000000;1;9568590066;S
20240208;190722;7299.000000000;3;9568590233;S
20240208;190723;7299.500000000;1;9568590243;B
20240208;190723;7299.500000000;39;9568590244;B
20240208;190723;7299.500000000;13;9568590245;B
20240208;190723;7299.000000000;2;9568590247;S
20240208;190723;7299.500000000;20;9568590264;B
20240208;190723;7299.000000000;4;9568590272;S
20240208;190726;7299.500000000;2;9568590380;B
20240208;190727;7299.500000000;10;9568590432;B
20240208;190727;7299.500000000;2;9568590438;B
20240208;190734;7299.500000000;1;9568590695;B
20240208;190734;7299.500000000;1;9568590704;B
20240208;190734;7299.500000000;5;9568590706;B
20240208;190735;7299.500000000;1;9568590742;B
20240208;190736;7299.500000000;1;9568590790;B
20240208;190738;7299.500000000;1;9568590864;B
20240208;190738;7299.500000000;1;9568590866;B
20240208;190739;7299.500000000;1;9568590885;B
20240208;190739;7299.500000000;1;9568590891;B
20240208;190741;7299.000000000;26;9568590942;S
20240208;190741;7299.000000000;56;9568590943;S
20240208;190741;7299.000000000;20;9568590962;S
20240208;190743;7299.000000000;1;9568591024;S
20240208;190743;7299.500000000;1;9568591027;B
20240208;190743;7299.500000000;4;9568591035;B
20240208;190743;7300.000000000;1;9568591036;B
20240208;190743;7301.000000000;25;9568591037;B
20240208;190743;7301.000000000;25;9568591038;B
20240208;190743;7301.500000000;20;9568591039;B
20240208;190743;7302.000000000;1;9568591040;B
20240208;190743;7302.000000000;3;9568591041;B
20240208;190743;7302.000000000;1;9568591042;B
20240208;190743;7302.500000000;20;9568591043;B
20240208;190746;7302.500000000;1;9568591153;B
20240208;190749;7302.000000000;1;9568591256;B
20240208;190751;7300.000000000;2;9568591307;S
20240208;190751;7300.000000000;13;9568591308;S
20240208;190756;7302.500000000;7;9568591512;B
20240208;190756;7302.500000000;3;9568591513;B
20240208;190756;7303.000000000;4;9568591514;B
20240208;190800;7303.000000000;50;9568591631;B
20240208;190802;7303.000000000;100;9568591677;B
20240208;190802;7303.000000000;100;9568591696;B
20240208;190803;7303.000000000;20;9568591701;B
20240208;190804;7303.000000000;1;9568591727;B
20240208;190804;7303.000000000;13;9568591738;B
20240208;190804;7303.000000000;5;9568591741;B
20240208;190805;7303.000000000;199;9568591750;B
20240208;190808;7303.500000000;9;9568591842;S
20240208;190809;7306.000000000;10;9568591895;B
20240208;190809;7306.500000000;30;9568591896;B
20240208;190809;7307.000000000;20;9568591897;B
20240208;190809;7307.500000000;10;9568591898;B
20240208;190809;7307.500000000;8;9568591899;B
20240208;190809;7308.000000000;72;9568591900;B
20240208;190817;7307.000000000;1;9568592143;B
20240208;190818;7306.500000000;1;9568592183;S
20240208;190820;7307.000000000;1;9568592309;B
20240208;190820;7307.500000000;4;9568592310;B
20240208;190825;7307.500000000;10;9568592480;B
20240208;190827;7307.500000000;1;9568592608;B
20240208;190829;7307.500000000;5;9568592663;B
20240208;190832;7308.000000000;1;9568592731;B
20240208;190834;7308.000000000;36;9568592789;B
20240208;190835;7308.000000000;11;9568592793;B
20240208;190835;7309.000000000;20;9568592794;B
20240208;190835;7310.500000000;17;9568592795;B
20240208;190836;7307.500000000;1;9568592821;S
20240208;190836;7307.500000000;2;9568592822;S
20240208;190836;7307.500000000;2;9568592823;S
20240208;190836;7307.000000000;10;9568592824;S
20240208;190836;7307.000000000;1;9568592825;S
20240208;190836;7307.000000000;14;9568592826;S
20240208;190836;7306.000000000;4;9568592827;S
20240208;190842;7309.500000000;1;9568593033;B
20240208;190843;7309.500000000;2;9568593059;B
20240208;190848;7309.500000000;4;9568593195;B
20240208;190850;7309.500000000;7;9568593274;B
20240208;190850;7310.000000000;8;9568593275;B
20240208;190852;7310.000000000;1;9568593360;B
20240208;190856;7311.000000000;1;9568593464;B
20240208;190856;7311.000000000;5;9568593465;B
20240208;190858;7311.000000000;3;9568593520;B
20240208;190858;7310.000000000;4;9568593539;S
20240208;190905;7310.500000000;2;9568593837;S
20240208;190905;7311.000000000;4;9568593857;B
20240208;190907;7313.500000000;1;9568593964;B
20240208;190907;7314.500000000;7;9568593965;B
20240208;190907;7314.500000000;6;9568593966;B
20240208;190907;7315.000000000;1;9568593967;B
20240208;190907;7315.000000000;15;9568593968;B
20240208;190907;7315.000000000;27;9568593969;B
20240208;190907;7315.500000000;20;9568593970;B
20240208;190907;7315.500000000;23;9568593971;B
20240208;190907;7315.500000000;27;9568593982;B
20240208;190907;7316.000000000;1;9568594037;B
20240208;190907;7316.000000000;99;9568594038;B
20240208;190908;7316.000000000;1;9568594057;B
20240208;190908;7316.500000000;2;9568594058;B
20240208;190908;7317.000000000;97;9568594059;B
20240208;190911;7314.500000000;2;9568594268;S
20240208;190915;7317.000000000;2;9568594533;B
20240208;190920;7317.000000000;50;9568594834;B
20240208;190929;7317.000000000;50;9568595075;B
20240208;190931;7316.000000000;1;9568595102;S
20240208;190931;7316.000000000;2;9568595103;S
20240208;190940;7316.500000000;4;9568595400;B
20240208;190940;7317.000000000;1;9568595401;B
20240208;190940;7317.000000000;1;9568595402;B
20240208;190945;7317.000000000;1;9568595513;B
20240208;190945;7317.000000000;1;9568595514;B
20240208;190953;7316.500000000;5;9568595706;S
20240208;191001;7317.000000000;2;9568595871;B
20240208;191001;7317.000000000;1;9568595872;B
20240208;191001;7317.500000000;1;9568595873;B
20240208;191001;7317.500000000;3;9568595874;B
20240208;191001;7317.500000000;3;9568595875;B
20240208;191002;7316.500000000;1;9568595891;S
20240208;191002;7316.500000000;2;9568595892;S
20240208;191005;7318.000000000;40;9568595981;B
20240208;191005;7318.000000000;19;9568595982;B
20240208;191005;7316.500000000;1;9568595989;S
20240208;191011;7318.000000000;21;9568596141;B
20240208;191011;7318.000000000;1;9568596142;B
20240208;191011;7318.000000000;2;9568596143;B
20240208;191011;7318.000000000;1;9568596144;B
20240208;191017;7318.000000000;1;9568596520;S
20240208;191021;7318.000000000;27;9568596953;B
20240208;191021;7318.500000000;1;9568596954;B
20240208;191021;7318.500000000;4;9568596955;B
20240208;191021;7318.500000000;1;9568596956;B
20240208;191021;7319.000000000;1;9568596957;B
20240208;191021;7319.000000000;1;9568596958;B
20240208;191021;7319.000000000;2;9568596959;B
20240208;191021;7319.000000000;3;9568596960;B
20240208;191021;7319.500000000;10;9568596961;B
20240208;191021;7319.500000000;1;9568596962;B
20240208;191032;7319.000000000;1;9568597215;S
20240208;191032;7319.500000000;3;9568597229;B
20240208;191032;7319.000000000;5;9568597231;S
20240208;191035;7319.500000000;6;9568597282;B
20240208;191038;7319.500000000;6;9568597381;B
20240208;191041;7319.000000000;1;9568597442;S
20240208;191050;7319.500000000;2;9568597709;B
20240208;191051;7319.000000000;1;9568597739;S
20240208;191100;7319.500000000;10;9568598189;B
20240208;191100;7319.500000000;2;9568598190;B
20240208;191100;7319.500000000;2;9568598191;B
20240208;191100;7320.000000000;1;9568598192;B
20240208;191100;7320.500000000;4;9568598193;B
20240208;191100;7320.500000000;2;9568598194;B
20240208;191100;7321.000000000;26;9568598195;B
20240208;191100;7321.500000000;26;9568598196;B
20240208;191100;7322.000000000;13;9568598197;B
20240208;191100;7323.000000000;14;9568598198;B
20240208;191100;7323.500000000;1;9568598199;B
20240208;191100;7323.500000000;2;9568598200;B
20240208;191100;7323.500000000;17;9568598201;B
20240208;191102;7322.000000000;3;9568598279;S
20240208;191104;7322.000000000;1;9568598333;B
20240208;191104;7322.000000000;2;9568598345;B
20240208;191105;7319.000000000;2;9568598389;S
20240208;191105;7319.000000000;2;9568598390;S
20240208;191105;7319.000000000;1;9568598391;S
20240208;191105;7319.000000000;1;9568598392;S
20240208;191105;7318.500000000;1;9568598393;S
20240208;191105;7317.500000000;4;9568598394;S
20240208;191105;7317.000000000;20;9568598395;S
20240208;191105;7316.500000000;5;9568598396;S
20240208;191105;7316.000000000;3;9568598397;S
20240208;191105;7315.500000000;1;9568598398;S
20240208;191110;7318.500000000;1;9568598569;S
20240208;191110;7315.500000000;9;9568598570;S
20240208;191112;7315.500000000;1;9568598617;S
20240208;191112;7315.000000000;2;9568598618;S
20240208;191112;7315.000000000;2;9568598619;S
20240208;191132;7315.000000000;1;9568599397;S
20240208;191140;7315.000000000;1;9568599739;S
20240208;191140;7315.000000000;1;9568599740;S
20240208;191140;7315.000000000;3;9568599741;S
20240208;191143;7318.000000000;2;9568599938;B
20240208;191143;7318.500000000;10;9568599939;B
20240208;191143;7318.500000000;4;9568599940;B
20240208;191143;7319.000000000;10;9568599941;B
20240208;191143;7320.500000000;3;9568599942;B
20240208;191143;7320.500000000;21;9568599943;B
20240208;191147;7317.500000000;4;9568600051;S
20240208;191147;7320.500000000;21;9568600088;B
20240208;191147;7321.000000000;4;9568600089;B
20240208;191200;7320.000000000;1;9568600894;B
20240208;191210;7321.000000000;9;9568601248;B
20240208;191210;7321.000000000;5;9568601249;B
20240208;191210;7321.000000000;1;9568601250;B
20240208;191210;7321.500000000;1;9568601251;B
20240208;191210;7322.000000000;10;9568601252;B
20240208;191210;7322.000000000;1;9568601253;B
20240208;191213;7321.000000000;1;9568601381;S
20240208;191218;7322.000000000;1;9568601538;B
20240208;191218;7322.000000000;2;9568601539;B
20240208;191218;7322.000000000;1;9568601540;B
20240208;191218;7322.000000000;10;9568601541;B
20240208;191218;7322.500000000;27;9568601542;B
20240208;191228;7322.500000000;5;9568601845;S
20240208;191234;7323.000000000;1;9568602043;B
20240208;191235;7323.000000000;3;9568602101;B
20240208;191237;7323.000000000;6;9568602186;B
20240208;191237;7323.500000000;27;9568602187;B
20240208;191237;7323.500000000;2;9568602188;B
20240208;191237;7324.000000000;3;9568602189;B
20240208;191239;7323.000000000;5;9568602277;B
20240208;191239;7323.500000000;5;9568602278;B
20240208;191241;7323.000000000;5;9568602356;B
20240208;191241;7323.500000000;9;9568602357;B
20240208;191252;7323.000000000;5;9568602575;B
20240208;191252;7323.500000000;13;9568602576;B
20240208;191252;7323.500000000;5;9568602577;B
20240208;191252;7324.000000000;7;9568602578;B
20240208;191252;7324.000000000;5;9568602581;S
20240208;191252;7324.000000000;5;9568602582;S
20240208;191252;7324.000000000;5;9568602583;S
20240208;191252;7324.000000000;5;9568602584;S
20240208;191252;7324.000000000;5;9568602585;S
20240208;191252;7324.000000000;5;9568602586;S
20240208;191252;7324.000000000;5;9568602587;S
20240208;191252;7324.000000000;5;9568602588;S
20240208;191252;7324.000000000;78;9568602595;S
20240208;191252;7324.000000000;10;9568602601;S
20240208;191253;7324.500000000;1;9568602662;B
20240208;191253;7324.000000000;12;9568602700;S
20240208;191253;7322.500000000;18;9568602701;S
20240208;191254;7322.500000000;10;9568602724;B
20240208;191256;7322.500000000;5;9568602805;B
20240208;191302;7321.500000000;2;9568603010;B
20240208;191329;7321.000000000;1;9568603748;S
20240208;191331;7321.000000000;9;9568603811;S
20240208;191331;7321.000000000;1;9568603812;S
20240208;191333;7321.000000000;6;9568603899;S
20240208;191335;7321.500000000;2;9568603977;B
20240208;191335;7321.500000000;3;9568603978;B
20240208;191346;7321.000000000;2;9568604292;S
20240208;191356;7322.000000000;5;9568604520;B
20240208;191400;7322.000000000;1;9568604629;B
20240208;191421;7322.000000000;21;9568605124;B
20240208;191421;7322.000000000;10;9568605125;B
20240208;191421;7322.000000000;5;9568605126;B
20240208;191423;7322.500000000;2;9568605200;B
20240208;191430;7322.500000000;2;9568605413;B
20240208;191441;7322.500000000;31;9568605633;B
20240208;191444;7322.500000000;1;9568605732;B
20240208;191445;7322.000000000;5;9568605759;S
20240208;191447;7322.000000000;1;9568605785;S
20240208;191451;7322.000000000;1;9568605923;S
20240208;191458;7322.000000000;7;9568606129;S
20240208;191458;7322.000000000;1;9568606130;S
20240208;191518;7321.500000000;5;9568606655;B
20240208;191521;7321.500000000;22;9568606728;B
20240208;191521;7322.000000000;7;9568606729;B
20240208;191521;7322.000000000;10;9568606730;B
20240208;191521;7322.500000000;24;9568606731;B
20240208;191521;7322.500000000;10;9568606732;B
20240208;191521;7322.500000000;4;9568606733;B
20240208;191534;7322.000000000;5;9568607054;B
20240208;191546;7322.000000000;22;9568607333;B
20240208;191602;7322.000000000;17;9568607918;S
20240208;191602;7322.000000000;1;9568607935;S
20240208;191604;7321.000000000;12;9568608163;S
20240208;191609;7321.000000000;3;9568608346;S
20240208;191609;7321.000000000;3;9568608347;S
20240208;191609;7321.000000000;1;9568608348;S
20240208;191631;7321.000000000;1;9568609259;S
20240208;191637;7321.000000000;1;9568609554;S
20240208;191639;7321.000000000;3;9568609624;S
20240208;191640;7321.500000000;2;9568609638;B
20240208;191641;7321.500000000;1;9568609698;B
20240208;191642;7321.500000000;1;9568609704;B
20240208;191647;7321.000000000;2;9568609973;S
20240208;191652;7321.000000000;3;9568610188;S
20240208;191652;7321.000000000;2;9568610189;S
20240208;191652;7321.000000000;15;9568610190;S
20240208;191653;7321.000000000;3;9568610222;S
20240208;191702;7321.000000000;4;9568610559;S
20240208;191703;7321.000000000;4;9568610643;S
20240208;191703;7321.500000000;6;9568610746;B
20240208;191703;7321.500000000;10;9568610747;B
20240208;191703;7321.500000000;4;9568610748;B
20240208;191707;7321.000000000;1;9568610942;S
20240208;191707;7321.000000000;1;9568610943;S
20240208;191712;7321.000000000;1;9568611106;B
20240208;191713;7320.500000000;1;9568611114;S
20240208;191717;7321.000000000;2;9568611249;B
20240208;191719;7321.000000000;1;9568611285;B
20240208;191719;7320.500000000;1;9568611289;S
20240208;191721;7320.500000000;8;9568611368;S
20240208;191721;7320.500000000;5;9568611369;S
20240208;191721;7320.500000000;3;9568611370;S
20240208;191721;7320.500000000;2;9568611371;S
20240208;191721;7320.500000000;4;9568611372;S
20240208;191723;7320.000000000;139;9568611402;S
20240208;191723;7320.000000000;1;9568611403;S
20240208;191723;7320.000000000;4;9568611404;S
20240208;191723;7320.000000000;1;9568611405;S
20240208;191723;7320.000000000;1;9568611406;S
20240208;191723;7320.000000000;4;9568611407;S
20240208;191736;7320.000000000;1;9568611848;S
20240208;191739;7320.000000000;1;9568611930;S
20240208;191745;7319.500000000;1;9568612103;B
20240208;191750;7318.000000000;1;9568612263;S
20240208;191750;7317.000000000;1;9568612264;S
20240208;191750;7316.000000000;1;9568612265;S
20240208;191750;7316.000000000;1;9568612266;S
20240208;191750;7315.500000000;1;9568612267;S
20240208;191750;7319.500000000;1;9568612269;B
20240208;191802;7316.000000000;5;9568612725;B
20240208;191807;7315.500000000;1;9568612910;S
20240208;191812;7315.000000000;1;9568613538;S
20240208;191812;7315.000000000;1;9568613539;S
20240208;191812;7315.000000000;4;9568613540;S
20240208;191812;7314.500000000;1;9568613541;S
20240208;191812;7314.500000000;3;9568613542;S
20240208;191812;7314.500000000;1;9568613543;S
20240208;191812;7314.000000000;5;9568613544;S
20240208;191812;7313.500000000;2;9568613545;S
20240208;191812;7313.500000000;3;9568613697;S
20240208;191812;7313.000000000;5;9568613698;S
20240208;191812;7313.000000000;1;9568613699;S
20240208;191812;7312.500000000;5;9568613700;S
20240208;191812;7312.000000000;1;9568613701;S
20240208;191817;7312.000000000;4;9568614135;S
20240208;191817;7311.500000000;5;9568614136;S
20240208;191817;7311.500000000;1;9568614137;S
20240208;191817;7311.000000000;1;9568614166;S
20240208;191817;7311.000000000;1;9568614167;S
20240208;191820;7311.000000000;2;9568614412;S
20240208;191820;7311.000000000;5;9568614413;S
20240208;191820;7311.000000000;3;9568614414;S
20240208;191823;7311.000000000;14;9568614488;S
20240208;191826;7311.000000000;2;9568614598;S
20240208;191826;7311.000000000;3;9568614599;S
20240208;191830;7312.000000000;5;9568614717;B
20240208;191833;7311.000000000;1;9568614855;S
20240208;191834;7311.500000000;1;9568614865;B
20240208;191836;7311.000000000;2;9568614910;S
20240208;191836;7311.000000000;1;9568614928;S
20240208;191841;7311.000000000;3;9568615061;S
20240208;191842;7311.000000000;7;9568615113;S
20240208;191842;7311.000000000;1;9568615114;S
20240208;191842;7311.000000000;1;9568615115;S
20240208;191845;7311.000000000;6;9568615288;S
20240208;191856;7311.000000000;3;9568615757;S
20240208;191856;7310.500000000;1;9568615758;S
20240208;191856;7310.500000000;1;9568615759;S
20240208;191856;7310.500000000;5;9568615760;S
20240208;191856;7310.500000000;3;9568615761;S
20240208;191859;7310.500000000;2;9568615938;S
20240208;191859;7310.500000000;5;9568615959;S
20240208;191859;7310.500000000;1;9568615960;S
20240208;191859;7310.500000000;4;9568615961;S
20240208;191903;7310.500000000;1;9568616200;B
20240208;191910;7310.000000000;1;9568616462;S
20240208;191910;7310.000000000;10;9568616463;S
20240208;191910;7310.000000000;5;9568616464;S
20240208;191910;7310.000000000;1;9568616465;S
20240208;191910;7310.000000000;5;9568616466;S
20240208;191910;7310.000000000;1;9568616467;S
20240208;191910;7309.500000000;5;9568616472;S
20240208;191910;7309.000000000;1;9568616479;S
20240208;191911;7309.000000000;4;9568616481;S
20240208;191911;7308.500000000;5;9568616482;S
20240208;191911;7308.500000000;6;9568616483;S
20240208;191911;7308.000000000;1;9568616484;S
20240208;191911;7308.000000000;2;9568616485;S
20240208;191911;7308.000000000;4;9568616486;S
20240208;191918;7309.000000000;5;9568616805;B
20240208;191918;7309.500000000;6;9568616806;B
20240208;191918;7309.500000000;19;9568616807;B
20240208;191922;7308.000000000;1;9568616937;S
20240208;191922;7307.500000000;5;9568616938;S
20240208;191922;7307.000000000;4;9568616939;S
20240208;191935;7307.000000000;1;9568617478;S
20240208;191935;7306.500000000;2;9568617479;S
20240208;191938;7306.500000000;3;9568617720;S
20240208;191944;7306.000000000;1;9568617951;S
20240208;191944;7306.000000000;4;9568617952;S
20240208;191944;7306.000000000;1;9568617953;S
20240208;191944;7306.000000000;1;9568617954;S
20240208;191944;7306.000000000;3;9568617955;S
20240208;191944;7306.000000000;3;9568617956;S
20240208;191947;7306.000000000;1;9568618042;B
20240208;191948;7305.500000000;5;9568618083;S
20240208;191948;7305.500000000;1;9568618084;S
20240208;191952;7305.000000000;1;9568618283;S
20240208;191952;7305.000000000;3;9568618292;S
20240208;191953;7305.500000000;14;9568618377;B
20240208;191953;7306.000000000;1;9568618378;B
20240208;191953;7306.000000000;13;9568618379;B
20240208;191953;7306.000000000;5;9568618380;S
20240208;191953;7306.000000000;5;9568618381;S
20240208;191953;7306.000000000;5;9568618382;S
20240208;191953;7306.000000000;5;9568618383;S
20240208;191953;7306.000000000;5;9568618384;S
20240208;191953;7306.000000000;5;9568618385;S
20240208;191953;7306.000000000;5;9568618386;S
20240208;191955;7306.500000000;9;9568618556;B
20240208;191956;7306.000000000;1;9568618578;S
20240208;191957;7306.000000000;10;9568618584;S
20240208;191957;7306.500000000;1;9568618592;B
20240208;192003;7307.000000000;6;9568618823;S
20240208;192004;7309.000000000;1;9568618878;S
20240208;192016;7309.000000000;4;9568619801;B
20240208;192017;7307.000000000;6;9568619851;S
20240208;192017;7306.500000000;28;9568619852;S
20240208;192017;7306.000000000;126;9568619853;S
20240208;192017;7306.000000000;126;9568619854;S
20240208;192017;7305.500000000;1;9568619855;S
20240208;192017;7305.000000000;1;9568619856;S
20240208;192017;7305.000000000;1;9568619857;S
20240208;192017;7305.000000000;1;9568619858;S
20240208;192017;7305.000000000;5;9568619859;S
20240208;192017;7305.000000000;20;9568619860;S
20240208;192017;7304.500000000;5;9568619861;S
20240208;192017;7304.000000000;5;9568619862;S
20240208;192017;7303.500000000;12;9568619863;S
20240208;192017;7303.500000000;1;9568619864;S
20240208;192017;7303.500000000;5;9568619865;S
20240208;192017;7303.000000000;5;9568619866;S
20240208;192017;7303.000000000;20;9568619867;S
20240208;192017;7302.500000000;5;9568619868;S
20240208;192017;7302.500000000;1;9568619869;S
20240208;192017;7302.000000000;5;9568619870;S
20240208;192017;7302.000000000;21;9568619871;S
20240208;192019;7302.000000000;2;9568620136;S
20240208;192022;7302.500000000;10;9568620255;S
20240208;192029;7301.500000000;1;9568621050;S
20240208;192029;7301.500000000;1;9568621051;S
20240208;192031;7304.500000000;10;9568621172;B
20240208;192031;7305.000000000;6;9568621173;B
20240208;192031;7305.000000000;3;9568621174;B
20240208;192031;7305.500000000;9;9568621175;B
20240208;192031;7303.000000000;6;9568621198;S
20240208;192031;7302.500000000;21;9568621199;S
20240208;192031;7302.500000000;20;9568621200;S
20240208;192032;7302.500000000;13;9568621271;B
20240208;192033;7302.000000000;1;9568621299;S
20240208;192033;7302.000000000;24;9568621301;S
20240208;192033;7302.000000000;19;9568621302;S
20240208;192033;7301.500000000;3;9568621303;S
20240208;192039;7301.500000000;10;9568621536;S
20240208;192040;7301.500000000;26;9568621600;S
20240208;192040;7301.500000000;5;9568621601;S
20240208;192040;7301.500000000;20;9568621602;S
20240208;192040;7301.000000000;1;9568621603;S
20240208;192040;7301.000000000;1;9568621604;S
20240208;192040;7301.000000000;5;9568621605;S
20240208;192040;7301.000000000;4;9568621606;S
20240208;192041;7301.000000000;1;9568621703;B
20240208;192042;7300.500000000;1;9568621723;S
20240208;192042;7300.500000000;5;9568621724;S
20240208;192042;7300.500000000;1;9568621725;S
20240208;192042;7300.500000000;1;9568621726;S
20240208;192042;7300.000000000;8;9568621727;S
20240208;192042;7300.000000000;10;9568621728;S
20240208;192042;7300.000000000;2;9568621729;S
20240208;192042;7300.000000000;72;9568621730;S
20240208;192042;7300.000000000;28;9568621753;S
20240208;192042;7300.000000000;5;9568621754;S
20240208;192042;7300.000000000;1;9568621755;S
20240208;192042;7300.000000000;1;9568621756;S
20240208;192042;7300.000000000;25;9568621757;S
20240208;192042;7300.000000000;2;9568621758;S
20240208;192042;7300.000000000;5;9568621759;S
20240208;192042;7300.000000000;1;9568621760;S
20240208;192042;7300.000000000;5;9568621761;S
20240208;192042;7300.000000000;100;9568621762;S
20240208;192042;7300.000000000;6;9568621763;S
20240208;192042;7300.000000000;10;9568621764;S
20240208;192042;7300.000000000;1;9568621765;S
20240208;192042;7300.000000000;1;9568621766;S
20240208;192042;7299.500000000;5;9568621767;S
20240208;192042;7299.500000000;4;9568621768;S
20240208;192043;7299.000000000;1;9568621892;S
20240208;192043;7299.000000000;1;9568621893;S
20240208;192046;7299.000000000;10;9568622001;S
20240208;192051;7299.000000000;40;9568622280;S
20240208;192051;7299.000000000;30;9568622281;S
20240208;192051;7299.000000000;10;9568622282;S
20240208;192051;7299.000000000;5;9568622283;S
20240208;192051;7299.000000000;10;9568622284;S
20240208;192051;7298.500000000;5;9568622285;S
20240208;192052;7299.000000000;6;9568622307;B
20240208;192054;7299.500000000;20;9568622349;B
20240208;192054;7299.500000000;1;9568622369;B
20240208;192056;7299.500000000;5;9568622746;B
20240208;192101;7299.500000000;65;9568623498;B
20240208;192103;7299.000000000;1;9568623822;S
20240208;192103;7299.000000000;3;9568623868;S
20240208;192103;7299.000000000;1;9568623869;S
20240208;192106;7299.500000000;1;9568624268;B
20240208;192107;7299.000000000;1;9568624406;S
20240208;192111;7299.500000000;2;9568624903;B
20240208;192114;7299.500000000;1;9568625040;B
20240208;192115;7299.500000000;1;9568625097;B
20240208;192115;7299.500000000;4;9568625098;B
20240208;192122;7300.000000000;10;9568625819;B
20240208;192122;7300.500000000;18;9568625820;B
20240208;192126;7299.500000000;12;9568626435;B
20240208;192126;7299.500000000;1;9568626436;B
20240208;192126;7299.500000000;4;9568626437;B
20240208;192126;7299.500000000;1;9568626474;B
20240208;192131;7299.500000000;3;9568626822;B
20240208;192134;7299.000000000;1;9568627124;S
20240208;192134;7298.500000000;3;9568627125;S
20240208;192135;7299.500000000;22;9568627284;B
20240208;192135;7300.000000000;10;9568627285;B
20240208;192135;7300.500000000;12;9568627286;B
20240208;192135;7300.500000000;6;9568627287;B
20240208;192135;7301.000000000;7;9568627288;B
20240208;192135;7301.000000000;5;9568627289;B
20240208;192135;7301.500000000;5;9568627290;B
20240208;192135;7302.000000000;19;9568627291;B
20240208;192135;7302.000000000;41;9568627292;B
20240208;192135;7302.000000000;1;9568627293;B
20240208;192135;7302.500000000;240;9568627294;B
20240208;192137;7302.500000000;17;9568627745;S
20240208;192139;7304.500000000;10;9568628011;B
20240208;192140;7305.000000000;1;9568628080;B
20240208;192140;7305.000000000;3;9568628081;B
20240208;192140;7305.000000000;17;9568628164;B
20240208;192140;7305.000000000;1;9568628165;B
20240208;192140;7306.000000000;1;9568628166;B
20240208;192140;7306.500000000;23;9568628167;B
20240208;192140;7306.500000000;6;9568628168;B
20240208;192140;7307.000000000;2;9568628169;B
20240208;192140;7308.500000000;4;9568628170;B
20240208;192140;7308.500000000;20;9568628171;B
20240208;192140;7309.000000000;40;9568628172;B
20240208;192140;7309.500000000;1;9568628173;B
20240208;192140;7309.500000000;10;9568628174;B
20240208;192140;7309.500000000;4;9568628175;B
20240208;192140;7310.000000000;29;9568628176;B
20240208;192140;7310.000000000;42;9568628177;B
20240208;192140;7310.000000000;11;9568628178;B
20240208;192140;7311.000000000;4;9568628179;B
20240208;192146;7311.000000000;1;9568628546;B
20240208;192150;7310.500000000;5;9568628870;B
20240208;192156;7310.000000000;6;9568629057;B
20240208;192159;7310.000000000;7;9568629151;S
20240208;192203;7310.000000000;1;9568629316;S
20240208;192204;7310.500000000;6;9568629355;B
20240208;192204;7311.000000000;20;9568629356;B
20240208;192204;7311.000000000;10;9568629357;B
20240208;192204;7311.500000000;4;9568629358;B
20240208;192204;7312.000000000;27;9568629359;B
20240208;192204;7312.500000000;10;9568629360;B
20240208;192204;7313.000000000;20;9568629361;B
20240208;192204;7314.000000000;1;9568629362;B
20240208;192204;7314.500000000;20;9568629363;B
20240208;192204;7316.000000000;10;9568629364;B
20240208;192204;7316.000000000;2;9568629365;B
20240208;192204;7316.500000000;20;9568629366;B
20240208;192230;7311.000000000;1;9568630130;S
20240208;192230;7312.000000000;3;9568630153;B
20240208;192234;7311.000000000;5;9568630278;S
20240208;192234;7311.000000000;6;9568630279;S
20240208;192243;7308.000000000;1;9568630512;S
20240208;192257;7310.000000000;1;9568630892;B
20240208;192322;7308.500000000;1;9568631694;S
20240208;192341;7308.000000000;15;9568632386;S
20240208;192341;7307.000000000;1;9568632387;S
20240208;192341;7307.000000000;1;9568632388;S
20240208;192352;7308.000000000;2;9568632723;S
20240208;192352;7307.000000000;3;9568632724;S
20240208;192354;7307.500000000;1;9568632813;S
20240208;192354;7307.000000000;6;9568632814;S
20240208;192354;7307.000000000;6;9568632815;S
20240208;192410;7306.500000000;10;9568633327;B
20240208;192423;7306.500000000;5;9568633682;B
20240208;192440;7305.000000000;2;9568634289;S
20240208;192455;7305.000000000;1;9568634691;S
20240208;192455;7306.500000000;1;9568634694;B
20240208;192455;7306.500000000;1;9568634695;B
20240208;192455;7306.500000000;1;9568634696;B
20240208;192455;7306.500000000;7;9568634697;B
20240208;192457;7307.000000000;100;9568634723;B
20240208;192459;7307.000000000;7;9568634776;B
20240208;192459;7307.000000000;1;9568634777;B
20240208;192502;7310.000000000;1;9568634840;B
20240208;192502;7311.500000000;3;9568634841;B
20240208;192510;7313.500000000;1;9568635033;B
20240208;192510;7313.500000000;3;9568635034;B
20240208;192524;7313.000000000;1;9568635396;B
20240208;192534;7313.500000000;1;9568635720;B
20240208;192535;7313.500000000;1;9568635722;B
20240208;192535;7314.000000000;19;9568635723;B
20240208;192544;7314.000000000;1;9568635892;B
20240208;192607;7313.500000000;1;9568636396;B
20240208;192610;7313.500000000;4;9568636437;B
20240208;192610;7314.000000000;1;9568636438;B
20240208;192610;7314.000000000;1;9568636439;S
20240208;192610;7314.000000000;4;9568636440;S
20240208;192634;7314.000000000;1;9568636994;B
20240208;192634;7314.500000000;1;9568636995;B
20240208;192639;7314.000000000;1;9568637130;B
20240208;192640;7314.000000000;4;9568637137;B
20240208;192640;7314.500000000;6;9568637138;B
20240208;192721;7314.000000000;1;9568637998;B
20240208;192743;7312.000000000;2;9568638469;S
20240208;192743;7311.500000000;5;9568638472;S
20240208;192814;7311.000000000;2;9568639223;S
20240208;192820;7311.000000000;3;9568639336;S
20240208;192820;7311.000000000;2;9568639337;S
20240208;192821;7311.500000000;1;9568639352;B
20240208;192830;7311.000000000;8;9568639540;S
20240208;192830;7311.000000000;7;9568639541;S
20240208;192837;7311.000000000;5;9568639715;S
20240208;192837;7311.000000000;5;9568639716;S
20240208;192837;7311.000000000;5;9568639717;S
20240208;192837;7311.000000000;5;9568639718;S
20240208;192837;7311.000000000;5;9568639719;S
20240208;192837;7311.000000000;5;9568639720;S
20240208;192837;7311.000000000;5;9568639721;S
20240208;192837;7311.000000000;5;9568639722;S
20240208;192837;7311.000000000;3;9568639723;S
20240208;192837;7311.000000000;2;9568639724;S
20240208;192837;7311.000000000;3;9568639725;S
20240208;192845;7311.000000000;2;9568639840;B
20240208;192845;7311.000000000;5;9568639841;B
20240208;192845;7311.500000000;1;9568639842;B
20240208;192907;7310.500000000;2;9568640264;B
20240208;192908;7310.500000000;1;9568640270;B
20240208;192910;7310.500000000;2;9568640319;B
20240208;192910;7311.000000000;1;9568640320;B
20240208;192910;7311.000000000;5;9568640321;B
20240208;192923;7310.000000000;5;9568640565;S
20240208;192923;7310.000000000;5;9568640566;S
20240208;192927;7310.000000000;1;9568640637;S
20240208;192928;7310.500000000;7;9568640659;B
20240208;192954;7310.000000000;2;9568641146;S
20240208;193002;7310.000000000;7;9568641337;S
20240208;193002;7308.500000000;3;9568641338;S
20240208;193003;7310.500000000;1;9568641357;B
20240208;193031;7308.000000000;20;9568641955;S
20240208;193033;7308.000000000;1;9568642003;B
20240208;193039;7308.000000000;1;9568642105;B
20240208;193052;7308.000000000;2;9568642381;B
20240208;193058;7307.500000000;1;9568642489;S
20240208;193104;7308.000000000;1;9568642584;B
20240208;193105;7308.000000000;2;9568642624;B
20240208;193109;7308.000000000;1;9568642723;B
20240208;193125;7307.500000000;1;9568643147;S
20240208;193125;7308.000000000;1;9568643152;B
20240208;193127;7308.000000000;3;9568643167;B
20240208;193129;7307.500000000;1;9568643213;S
20240208;193130;7307.500000000;1;9568643229;S
20240208;193133;7308.000000000;1;9568643283;B
20240208;193149;7308.000000000;1;9568643633;B
20240208;193206;7308.000000000;3;9568643923;B
20240208;193211;7307.500000000;1;9568644042;S
20240208;193218;7308.000000000;1;9568644180;B
20240208;193220;7307.500000000;1;9568644208;S
20240208;193221;7307.500000000;7;9568644252;S
20240208;193222;7307.500000000;3;9568644276;S
20240208;193226;7308.000000000;1;9568644402;B
20240208;193226;7307.500000000;1;9568644410;S
20240208;193233;7307.500000000;1;9568644559;S
20240208;193233;7308.000000000;1;9568644572;B
20240208;193233;7308.000000000;5;9568644573;B
20240208;193233;7308.000000000;9;9568644574;B
20240208;193236;7307.500000000;2;9568644709;S
20240208;193236;7307.500000000;1;9568644710;S
20240208;193236;7307.500000000;3;9568644711;S
20240208;193237;7307.500000000;5;9568644732;S
20240208;193238;7308.000000000;2;9568644748;B
20240208;193250;7308.000000000;9;9568644957;B
20240208;193250;7308.000000000;6;9568644958;B
20240208;193307;7308.000000000;1;9568645308;B
20240208;193327;7308.000000000;1;9568649524;B
20240208;193333;7308.000000000;3;9568649636;B
20240208;193333;7308.000000000;1;9568649637;B
20240208;193333;7308.000000000;5;9568649638;B
20240208;193333;7308.000000000;20;9568649639;B
20240208;193333;7308.500000000;5;9568649640;B
20240208;193333;7310.000000000;1;9568649641;B
20240208;193333;7311.000000000;3;9568649642;B
20240208;193333;7311.000000000;2;9568649643;B
20240208;193333;7311.500000000;9;9568649644;B
20240208;193333;7311.500000000;1;9568649645;B
20240208;193345;7311.500000000;5;9568649864;B
20240208;193346;7311.500000000;7;9568649865;B
20240208;193346;7312.000000000;10;9568649866;B
20240208;193346;7312.000000000;27;9568649867;B
20240208;193346;7312.000000000;5;9568649868;B
20240208;193346;7313.500000000;10;9568649869;B
20240208;193346;7314.000000000;1;9568649870;B
20240208;193349;7310.000000000;1;9568649945;S
20240208;193354;7311.000000000;6;9568650039;S
20240208;193401;7314.000000000;1;9568650130;B
20240208;193407;7314.000000000;6;9568650267;S
20240208;193407;7311.500000000;1;9568650281;S
20240208;193410;7311.000000000;2;9568650311;S
20240208;193513;7311.500000000;5;9568651456;S
20240208;193522;7311.500000000;1;9568651621;B
20240208;193522;7311.500000000;4;9568651622;B
20240208;193522;7311.500000000;5;9568651623;S
20240208;193528;7311.000000000;1;9568651709;S
20240208;193528;7311.000000000;3;9568651710;S
20240208;193532;7311.500000000;1;9568651796;B
20240208;193553;7311.000000000;2;9568652244;S
20240208;193553;7310.500000000;1;9568652245;S
20240208;193558;7311.500000000;1;9568652380;B
20240208;193612;7310.500000000;2;9568652637;S
20240208;193613;7310.500000000;2;9568652668;S
20240208;193613;7310.500000000;1;9568652669;S
20240208;193613;7310.500000000;5;9568652670;S
20240208;193613;7310.000000000;14;9568652671;S
20240208;193613;7310.000000000;1;9568652672;S
20240208;193613;7309.000000000;7;9568652673;S
20240208;193627;7309.000000000;1;9568652924;S
20240208;193627;7309.000000000;13;9568652925;S
20240208;193627;7309.000000000;5;9568652926;S
20240208;193627;7308.500000000;6;9568652927;S
20240208;193637;7311.000000000;1;9568653254;B
20240208;193719;7309.500000000;5;9568654267;S
20240208;193719;7309.500000000;2;9568654268;B
20240208;193735;7310.500000000;1;9568654548;B
20240208;193736;7309.500000000;5;9568654564;S
20240208;193749;7309.500000000;1;9568654751;B
20240208;193756;7309.500000000;1;9568654846;B
20240208;193802;7309.000000000;4;9568654956;S
20240208;193802;7309.000000000;1;9568654957;S
20240208;193802;7309.000000000;5;9568654958;S
20240208;193802;7309.000000000;1;9568654959;S
20240208;193802;7309.000000000;4;9568654960;S
20240208;193802;7309.000000000;1;9568654961;S
20240208;193802;7309.000000000;2;9568654962;S
20240208;193826;7308.500000000;50;9568655368;S
20240208;193836;7309.000000000;2;9568655577;B
20240208;193836;7309.500000000;1;9568655578;B
20240208;193836;7310.000000000;1;9568655579;B
20240208;193836;7310.500000000;5;9568655580;B
20240208;193836;7310.500000000;21;9568655581;B
20240208;193836;7310.500000000;5;9568655582;S
20240208;193836;7310.500000000;5;9568655583;S
20240208;193836;7310.500000000;5;9568655584;S
20240208;193836;7310.500000000;5;9568655585;S
20240208;193836;7310.500000000;5;9568655586;S
20240208;193836;7310.500000000;5;9568655587;S
20240208;193836;7310.500000000;5;9568655588;S
20240208;193836;7310.500000000;5;9568655589;S
20240208;193838;7310.500000000;3;9568655653;S
20240208;193854;7311.000000000;1;9568655864;B
20240208;193904;7310.500000000;3;9568656028;S
20240208;193905;7311.000000000;5;9568656051;B
20240208;193905;7311.500000000;1;9568656054;B
20240208;193915;7311.000000000;5;9568656181;S
20240208;193915;7311.000000000;10;9568656192;B
20240208;193917;7311.000000000;10;9568656225;B
20240208;193922;7311.000000000;5;9568656314;B
20240208;193922;7311.500000000;5;9568656315;B
20240208;193925;7312.000000000;1;9568656342;B
20240208;193926;7312.000000000;1;9568656354;B
20240208;193937;7311.500000000;1;9568656508;S
20240208;193945;7312.000000000;6;9568656615;B
20240208;193948;7311.500000000;8;9568656769;S
20240208;194005;7311.500000000;3;9568657091;S
20240208;194007;7311.500000000;8;9568657131;S
20240208;194007;7311.500000000;21;9568657132;S
20240208;194007;7311.500000000;1;9568657133;S
20240208;194022;7311.500000000;1;9568657406;S
20240208;194023;7312.000000000;10;9568657408;B
20240208;194026;7312.000000000;1;9568657478;B
20240208;194026;7312.000000000;3;9568657479;B
20240208;194026;7312.000000000;1;9568657480;B
20240208;194038;7313.500000000;1;9568657678;B
20240208;194045;7314.500000000;3;9568657787;B
20240208;194047;7314.000000000;8;9568657806;S
20240208;194047;7315.000000000;1;9568657812;B
20240208;194050;7315.000000000;1;9568657878;B
20240208;194057;7315.000000000;10;9568658018;B
20240208;194058;7314.000000000;1;9568658037;S
20240208;194100;7315.000000000;1;9568658064;B
20240208;194115;7315.000000000;1;9568658284;B
20240208;194118;7315.000000000;2;9568658313;B
20240208;194118;7315.000000000;2;9568658314;B
20240208;194120;7314.000000000;1;9568658344;S
20240208;194120;7314.000000000;1;9568658346;B
20240208;194120;7314.500000000;1;9568658347;B
20240208;194127;7315.000000000;1;9568658494;B
20240208;194128;7315.000000000;1;9568658504;B
20240208;194129;7313.500000000;1;9568658514;S
20240208;194129;7312.500000000;2;9568658515;S
20240208;194134;7315.000000000;4;9568658573;B
20240208;194134;7315.000000000;3;9568658574;B
20240208;194134;7315.500000000;5;9568658575;B
20240208;194134;7316.000000000;5;9568658576;B
20240208;194134;7316.000000000;1;9568658577;B
20240208;194134;7316.000000000;10;9568658578;B
20240208;194134;7316.000000000;6;9568658579;B
20240208;194134;7316.500000000;20;9568658580;B
20240208;194134;7316.500000000;6;9568658581;B
20240208;194135;7317.000000000;1;9568658618;B
20240208;194135;7317.000000000;27;9568658619;B
20240208;194135;7317.000000000;5;9568658620;B
20240208;194135;7317.500000000;5;9568658621;B
20240208;194135;7318.000000000;9;9568658622;B
20240208;194135;7318.000000000;20;9568658623;B
20240208;194135;7318.500000000;33;9568658624;B
20240208;194143;7318.000000000;2;9568658737;B
20240208;194202;7317.000000000;4;9568658994;B
20240208;194204;7316.500000000;2;9568659028;B
20240208;194204;7316.500000000;5;9568659029;B
20240208;194204;7317.000000000;3;9568659030;B
20240208;194243;7316.500000000;1;9568659580;B
20240208;194304;7316.500000000;2;9568659894;B
20240208;194315;7314.500000000;20;9568660058;S
20240208;194315;7316.500000000;5;9568660059;B
20240208;194326;7316.000000000;1;9568661249;B
20240208;194339;7314.500000000;3;9568662131;S
20240208;194356;7315.000000000;1;9568662402;B
20240208;194410;7315.000000000;1;9568662643;B
20240208;194419;7314.500000000;1;9568662837;S
20240208;194420;7315.000000000;18;9568662859;B
20240208;194420;7315.000000000;22;9568662860;B
20240208;194422;7314.500000000;1;9568662891;S
20240208;194425;7314.500000000;5;9568662936;S
20240208;194425;7314.500000000;5;9568662937;S
20240208;194425;7314.500000000;5;9568662938;S
20240208;194425;7314.500000000;5;9568662939;S
20240208;194425;7314.500000000;5;9568662940;S
20240208;194425;7314.500000000;1;9568662941;S
20240208;194425;7314.500000000;4;9568662942;S
20240208;194425;7314.500000000;5;9568662943;S
20240208;194425;7314.500000000;5;9568662944;S
20240208;194425;7314.500000000;5;9568662945;S
20240208;194425;7314.500000000;5;9568662946;S
20240208;194425;7314.500000000;5;9568662947;S
20240208;194429;7315.000000000;10;9568663007;B
20240208;194435;7314.500000000;1;9568663144;S
20240208;194437;7315.000000000;1;9568663174;B
20240208;194437;7314.500000000;10;9568663176;S
20240208;194446;7314.500000000;1;9568663380;S
20240208;194448;7315.000000000;9;9568663397;B
20240208;194448;7315.500000000;5;9568663398;B
20240208;194448;7316.500000000;3;9568663399;B
20240208;194448;7317.000000000;1;9568663400;B
20240208;194448;7317.500000000;2;9568663401;B
20240208;194450;7317.000000000;1;9568663431;B
20240208;194503;7317.500000000;1;9568663665;B
20240208;194521;7315.000000000;3;9568663926;S
20240208;194542;7317.500000000;2;9568664294;B
20240208;194543;7317.500000000;2;9568664295;B
20240208;194548;7315.000000000;28;9568664451;S
20240208;194548;7315.000000000;21;9568664452;S
20240208;194548;7314.500000000;16;9568664453;S
20240208;194548;7314.500000000;14;9568664454;S
20240208;194548;7314.500000000;50;9568664455;S
20240208;194548;7314.000000000;2;9568664456;S
20240208;194548;7314.000000000;42;9568664457;S
20240208;194548;7314.000000000;10;9568664458;S
20240208;194548;7314.000000000;17;9568664459;S
20240208;194556;7314.000000000;2;9568664613;S
20240208;194602;7317.500000000;1;9568664786;B
20240208;194610;7317.500000000;4;9568664972;B
20240208;194610;7317.500000000;28;9568664973;B
20240208;194610;7317.500000000;21;9568664974;B
20240208;194610;7318.000000000;5;9568664975;B
20240208;194610;7318.000000000;5;9568664976;B
20240208;194610;7318.000000000;20;9568664977;B
20240208;194610;7319.000000000;10;9568664978;B
20240208;194610;7319.000000000;5;9568664979;B
20240208;194610;7319.000000000;1;9568664980;B
20240208;194610;7319.000000000;1;9568664981;B
20240208;194611;7319.000000000;9;9568665020;B
20240208;194611;7319.000000000;21;9568665021;B
20240208;194611;7319.500000000;5;9568665022;B
20240208;194613;7315.500000000;1;9568665101;S
20240208;194614;7315.500000000;5;9568665107;S
20240208;194622;7318.500000000;1;9568665238;B
20240208;194622;7318.500000000;5;9568665239;B
20240208;194622;7319.000000000;19;9568665240;B
20240208;194625;7315.000000000;1;9568665305;S
20240208;194710;7319.000000000;2;9568666205;B
20240208;194710;7319.500000000;2;9568666206;B
20240208;194712;7319.000000000;1;9568666296;B
20240208;194712;7319.500000000;4;9568666297;B
20240208;194712;7319.500000000;5;9568666298;B
20240208;194712;7319.500000000;10;9568666299;B
20240208;194723;7319.500000000;1;9568666752;B
20240208;194725;7319.500000000;1;9568666987;B
20240208;194725;7320.000000000;1;9568666988;B
20240208;194725;7320.000000000;5;9568666989;B
20240208;194725;7320.000000000;2;9568666990;B
20240208;194731;7320.000000000;8;9568667157;B
20240208;194735;7320.000000000;10;9568667250;B
20240208;194742;7320.000000000;10;9568667317;B
20240208;194742;7320.000000000;3;9568667318;B
20240208;194743;7320.000000000;1;9568667321;B
20240208;194743;7320.000000000;1;9568667322;B
20240208;194743;7320.000000000;7;9568667323;B
20240208;194743;7320.000000000;1;9568667324;B
20240208;194743;7320.000000000;5;9568667325;B
20240208;194752;7320.000000000;1;9568667584;B
20240208;194752;7320.000000000;1;9568667585;B
20240208;194752;7320.500000000;5;9568667587;B
20240208;194752;7320.500000000;5;9568667588;B
20240208;194754;7320.500000000;5;9568667606;B
20240208;194758;7321.000000000;5;9568667686;B
20240208;194758;7321.000000000;1;9568667687;B
20240208;194758;7321.500000000;5;9568667688;B
20240208;194758;7321.500000000;1;9568667689;B
20240208;194758;7321.500000000;1;9568667690;B
20240208;194759;7321.500000000;9;9568667697;B
20240208;194759;7322.000000000;1;9568667698;B
20240208;194759;7322.000000000;5;9568667699;B
20240208;194759;7322.000000000;35;9568667700;B
20240208;194800;7322.000000000;10;9568667723;B
20240208;194804;7322.000000000;15;9568667771;B
20240208;194804;7322.500000000;1;9568667772;B
20240208;194804;7322.500000000;5;9568667773;B
20240208;194804;7322.500000000;10;9568667774;B
20240208;194804;7322.500000000;10;9568667775;B
20240208;194804;7323.000000000;5;9568667776;B
20240208;194804;7323.000000000;10;9568667777;B
20240208;194804;7323.500000000;5;9568667778;B
20240208;194804;7324.000000000;10;9568667779;B
20240208;194804;7324.000000000;5;9568667780;B
20240208;194804;7324.000000000;20;9568667781;B
20240208;194804;7324.000000000;10;9568667782;B
20240208;194815;7324.000000000;1;9568667956;B
20240208;194823;7324.000000000;10;9568668091;B
20240208;194828;7324.000000000;9;9568668149;B
20240208;194828;7324.000000000;27;9568668150;B
20240208;194828;7324.500000000;5;9568668151;B
20240208;194828;7324.500000000;1;9568668152;B
20240208;194828;7324.500000000;10;9568668153;B
20240208;194828;7324.500000000;10;9568668154;B
20240208;194828;7325.000000000;1;9568668155;B
20240208;194828;7325.000000000;13;9568668156;B
20240208;194828;7325.000000000;1;9568668157;B
20240208;194828;7325.000000000;9;9568668158;B
20240208;194828;7325.000000000;10;9568668159;B
20240208;194828;7325.000000000;5;9568668160;B
20240208;194828;7325.000000000;35;9568668161;B
20240208;194829;7324.500000000;9;9568668197;B
20240208;194833;7325.000000000;100;9568668251;B
20240208;194834;7325.000000000;1;9568668276;B
20240208;194859;7324.000000000;20;9568668743;S
20240208;194900;7324.000000000;16;9568668774;S
20240208;194900;7323.500000000;4;9568668775;S
20240208;194906;7324.500000000;21;9568668953;B
20240208;194906;7324.500000000;4;9568668954;B
20240208;194906;7325.000000000;33;9568668955;B
20240208;194936;7324.500000000;21;9568669345;B
20240208;194936;7325.000000000;81;9568669346;B
20240208;194936;7325.000000000;10;9568669347;B
20240208;194936;7325.000000000;20;9568669348;B
20240208;194943;7325.000000000;1;9568669450;S
20240208;194944;7325.000000000;20;9568669455;S
20240208;194953;7325.500000000;1;9568669619;B
20240208;194958;7325.500000000;1;9568669713;B
20240208;194959;7325.000000000;2;9568669735;S
20240208;195001;7325.500000000;3;9568669766;B
20240208;195001;7325.500000000;6;9568669767;B
20240208;195002;7325.000000000;4;9568669785;S
20240208;195002;7325.000000000;1;9568669786;S
20240208;195013;7325.500000000;35;9568669988;S
20240208;195021;7325.500000000;5;9568670087;S
20240208;195021;7325.500000000;5;9568670088;S
20240208;195021;7325.500000000;5;9568670089;S
20240208;195021;7325.500000000;5;9568670090;S
20240208;195021;7325.500000000;5;9568670091;S
20240208;195021;7325.500000000;5;9568670092;S
20240208;195021;7325.500000000;5;9568670093;S
20240208;195021;7325.500000000;5;9568670096;S
20240208;195021;7325.500000000;5;9568670097;S
20240208;195021;7325.500000000;5;9568670098;S
20240208;195021;7325.500000000;5;9568670099;S
20240208;195119;7326.000000000;1;9568670886;B
20240208;195119;7325.500000000;18;9568670887;S
20240208;195119;7325.500000000;2;9568670888;S
20240208;195119;7325.500000000;9;9568670889;S
20240208;195119;7325.500000000;1;9568670890;S
20240208;195122;7325.500000000;22;9568670923;S
20240208;195130;7326.000000000;4;9568671068;B
20240208;195130;7326.000000000;2;9568671069;B
20240208;195130;7326.500000000;5;9568671070;B
20240208;195130;7326.500000000;4;9568671071;B
20240208;195137;7326.500000000;1;9568671167;B
20240208;195140;7326.500000000;4;9568671235;B
20240208;195140;7326.500000000;2;9568671236;B
20240208;195140;7327.000000000;5;9568671237;B
20240208;195145;7326.000000000;5;9568671293;B
20240208;195145;7327.000000000;12;9568671294;B
20240208;195152;7326.500000000;5;9568671406;B
20240208;195300;7326.500000000;16;9568672337;B
20240208;195307;7327.000000000;3;9568672459;B
20240208;195307;7327.000000000;2;9568672464;B
20240208;195310;7327.000000000;15;9568672503;B
20240208;195310;7327.000000000;1;9568672504;B
20240208;195310;7327.000000000;10;9568672505;B
20240208;195310;7327.500000000;5;9568672506;B
20240208;195310;7327.500000000;19;9568672507;B
20240208;195311;7327.000000000;1;9568672520;S
20240208;195312;7327.500000000;1;9568672536;B
20240208;195312;7327.500000000;4;9568672537;B
20240208;195312;7328.000000000;5;9568672538;B
20240208;195312;7328.500000000;1;9568672539;B
20240208;195312;7328.500000000;36;9568672540;B
20240208;195312;7328.500000000;5;9568672541;B
20240208;195312;7328.500000000;10;9568672542;B
20240208;195312;7328.500000000;1;9568672543;B
20240208;195312;7328.500000000;17;9568672544;B
20240208;195316;7328.000000000;8;9568672601;B
20240208;195316;7328.500000000;10;9568672602;B
20240208;195316;7328.500000000;4;9568672603;S
20240208;195320;7329.000000000;13;9568672686;B
20240208;195320;7329.000000000;5;9568672687;B
20240208;195320;7329.000000000;2;9568672688;B
20240208;195320;7329.000000000;27;9568672689;B
20240208;195327;7329.000000000;3;9568672799;S
20240208;195331;7329.000000000;2;9568672855;S
20240208;195334;7329.500000000;2;9568672893;B
20240208;195341;7329.000000000;1;9568673003;S
20240208;195342;7329.000000000;2;9568673012;S
20240208;195344;7329.500000000;3;9568673033;B
20240208;195344;7329.500000000;7;9568673034;B
20240208;195344;7329.500000000;10;9568673036;B
20240208;195344;7329.500000000;10;9568673043;B
20240208;195344;7329.500000000;10;9568673047;B
20240208;195345;7329.500000000;10;9568673050;B
20240208;195345;7329.500000000;10;9568673065;B
20240208;195345;7329.500000000;10;9568673068;B
20240208;195345;7329.500000000;10;9568673070;B
20240208;195346;7329.500000000;10;9568673075;B
20240208;195351;7329.500000000;10;9568673136;B
20240208;195351;7329.000000000;50;9568673157;S
20240208;195404;7329.000000000;10;9568673306;S
20240208;195405;7329.500000000;3;9568673317;B
20240208;195407;7329.500000000;80;9568673364;B
20240208;195410;7329.500000000;50;9568673397;B
20240208;195410;7329.500000000;1;9568673398;B
20240208;195411;7329.500000000;19;9568673410;B
20240208;195411;7329.500000000;2;9568673411;B
20240208;195411;7329.500000000;1;9568673412;B
20240208;195411;7329.500000000;2;9568673413;B
20240208;195411;7330.000000000;2;9568673414;B
20240208;195411;7330.000000000;5;9568673415;B
20240208;195411;7330.500000000;5;9568673416;B
20240208;195412;7331.000000000;10;9568673424;B
20240208;195412;7331.000000000;1;9568673430;B
20240208;195418;7331.000000000;39;9568673499;B
20240208;195418;7331.000000000;5;9568673500;B
20240208;195418;7331.000000000;1;9568673501;B
20240208;195418;7331.500000000;5;9568673502;B
20240208;195419;7331.500000000;10;9568673517;B
20240208;195419;7331.500000000;3;9568673552;B
20240208;195420;7331.500000000;3;9568673554;B
20240208;195420;7332.000000000;5;9568673555;B
20240208;195420;7332.500000000;2;9568673556;B
20240208;195420;7332.500000000;3;9568673558;B
20240208;195420;7332.500000000;1;9568673559;B
20240208;195420;7332.500000000;6;9568673560;B
20240208;195420;7332.500000000;1;9568673567;B
20240208;195421;7332.500000000;4;9568673571;S
20240208;195421;7331.500000000;1;9568673572;S
20240208;195421;7333.000000000;5;9568673595;B
20240208;195421;7333.000000000;5;9568673596;B
20240208;195429;7332.000000000;13;9568673688;S
20240208;195429;7331.500000000;20;9568673689;S
20240208;195429;7331.000000000;9;9568673690;S
20240208;195431;7333.500000000;5;9568673708;B
20240208;195431;7333.500000000;6;9568673709;B
20240208;195431;7334.000000000;5;9568673710;B
20240208;195431;7334.000000000;1;9568673711;B
20240208;195431;7334.000000000;2;9568673712;B
20240208;195431;7334.000000000;21;9568673713;B
20240208;195431;7334.500000000;5;9568673714;B
20240208;195431;7334.500000000;40;9568673715;B
20240208;195431;7334.500000000;1;9568673716;B
20240208;195431;7335.000000000;5;9568673717;B
20240208;195431;7335.000000000;2;9568673718;B
20240208;195431;7335.000000000;2;9568673719;B
20240208;195431;7335.000000000;1;9568673720;B
20240208;195431;7335.000000000;4;9568673721;B
20240208;195431;7335.000000000;1;9568673727;B
20240208;195431;7335.000000000;1;9568673728;B
20240208;195431;7335.500000000;2;9568673729;B
20240208;195431;7335.500000000;3;9568673732;B
20240208;195431;7335.500000000;7;9568673733;B
20240208;195431;7335.000000000;2;9568673734;S
20240208;195432;7335.500000000;4;9568673744;B
20240208;195435;7335.000000000;1;9568673782;S
20240208;195435;7335.000000000;6;9568673789;B
20240208;195435;7335.500000000;16;9568673790;B
20240208;195435;7335.500000000;20;9568673791;B
20240208;195435;7335.500000000;20;9568673792;B
20240208;195435;7336.000000000;5;9568673793;B
20240208;195435;7336.000000000;1;9568673794;B
20240208;195435;7336.000000000;7;9568673795;B
20240208;195435;7336.000000000;21;9568673796;B
20240208;195435;7336.500000000;5;9568673797;B
20240208;195435;7336.500000000;68;9568673798;B
20240208;195436;7336.500000000;4;9568673802;B
20240208;195437;7336.000000000;8;9568673862;B
20240208;195437;7336.500000000;92;9568673863;B
20240208;195443;7336.000000000;5;9568673948;B
20240208;195444;7336.000000000;3;9568673980;B
20240208;195445;7335.500000000;1;9568673988;S
20240208;195451;7333.500000000;1;9568674060;S
20240208;195451;7333.000000000;10;9568674061;S
20240208;195451;7332.500000000;28;9568674062;S
20240208;195451;7332.000000000;16;9568674063;S
20240208;195453;7331.500000000;2;9568674105;S
20240208;195454;7334.500000000;6;9568674112;B
20240208;195454;7335.000000000;8;9568674113;B
20240208;195454;7335.500000000;23;9568674114;B
20240208;195508;7334.000000000;4;9568674345;B
20240208;195508;7334.000000000;5;9568674346;B
20240208;195508;7334.000000000;6;9568674347;B
20240208;195508;7334.500000000;14;9568674348;B
20240208;195514;7333.500000000;3;9568674397;B
20240208;195514;7334.000000000;7;9568674398;B
20240208;195515;7333.500000000;1;9568674406;B
20240208;195529;7333.500000000;1;9568674580;S
20240208;195533;7333.500000000;5;9568674638;B
20240208;195533;7333.500000000;1;9568674639;B
20240208;195533;7333.500000000;1;9568674640;B
20240208;195533;7334.000000000;10;9568674641;B
20240208;195533;7334.000000000;1;9568674642;B
20240208;195533;7334.500000000;21;9568674643;B
20240208;195533;7334.500000000;5;9568674644;B
20240208;195533;7335.000000000;6;9568674645;B
20240208;195533;7332.000000000;6;9568674647;S
20240208;195546;7335.000000000;5;9568674848;B
20240208;195546;7334.500000000;4;9568674849;S
20240208;195553;7335.000000000;10;9568674968;B
20240208;195559;7335.000000000;1;9568675091;B
20240208;195603;7334.000000000;1;9568675197;S
20240208;195610;7334.000000000;100;9568675268;S
20240208;195611;7334.000000000;99;9568675281;S
20240208;195612;7334.000000000;1;9568675287;B
20240208;195612;7334.000000000;27;9568675288;B
20240208;195612;7334.000000000;21;9568675289;B
20240208;195612;7334.000000000;5;9568675290;B
20240208;195612;7334.000000000;20;9568675291;B
20240208;195612;7334.500000000;50;9568675292;B
20240208;195612;7335.000000000;5;9568675293;B
20240208;195612;7335.000000000;20;9568675294;B
20240208;195613;7335.000000000;97;9568675320;S
20240208;195613;7334.000000000;2;9568675321;S
20240208;195618;7333.500000000;5;9568675443;S
20240208;195618;7333.500000000;5;9568675446;S
20240208;195618;7333.500000000;5;9568675447;S
20240208;195618;7333.500000000;5;9568675448;S
20240208;195618;7333.000000000;2;9568675449;S
20240208;195626;7333.000000000;5;9568675606;B
20240208;195626;7333.000000000;1;9568675607;B
20240208;195626;7333.500000000;19;9568675608;B
20240208;195628;7330.000000000;1;9568675629;S
20240208;195629;7330.000000000;1;9568675644;S
20240208;195636;7330.000000000;1;9568675736;S
20240208;195637;7330.000000000;3;9568675751;S
20240208;195639;7330.000000000;4;9568675824;S
20240208;195639;7330.000000000;1;9568675825;S
20240208;195639;7330.000000000;5;9568675826;S
20240208;195639;7330.000000000;3;9568675827;S
20240208;195650;7327.500000000;4;9568676013;S
20240208;195650;7327.000000000;5;9568676014;S
20240208;195650;7327.000000000;1;9568676015;S
20240208;195650;7327.000000000;6;9568676016;S
20240208;195650;7326.000000000;9;9568676017;S
20240208;195651;7326.000000000;17;9568676021;S
20240208;195710;7325.500000000;90;9568676296;S
20240208;195710;7325.500000000;10;9568676297;S
20240208;195711;7325.500000000;100;9568676309;S
20240208;195714;7326.000000000;1;9568676351;B
20240208;195724;7327.500000000;1;9568676667;B
20240208;195744;7327.000000000;2;9568679094;B
20240208;195745;7326.500000000;5;9568679149;S
20240208;195745;7326.500000000;5;9568679150;S
20240208;195746;7326.000000000;1;9568679152;S
20240208;195759;7326.000000000;98;9568679505;S
20240208;195759;7326.000000000;2;9568679506;S
20240208;195759;7326.000000000;1;9568679510;S
20240208;195816;7326.000000000;1;9568679810;S
20240208;195821;7326.500000000;1;9568679908;B
20240208;195832;7326.000000000;2;9568680151;S
20240208;195834;7326.000000000;1;9568680182;S
20240208;195835;7326.000000000;3;9568680184;S
20240208;195835;7326.000000000;2;9568680185;S
20240208;195835;7326.000000000;5;9568680186;S
20240208;195835;7326.000000000;3;9568680187;S
20240208;195846;7325.500000000;80;9568680368;S
20240208;195846;7325.500000000;20;9568680369;S
20240208;195848;7325.500000000;5;9568680391;S
20240208;195848;7325.500000000;5;9568680392;S
20240208;195853;7325.500000000;100;9568680587;S
20240208;195855;7325.500000000;10;9568680604;S
20240208;195900;7325.500000000;85;9568680687;S
20240208;195900;7325.000000000;15;9568680688;S
20240208;195900;7325.000000000;3;9568680689;S
20240208;195900;7325.000000000;32;9568680690;S
20240208;195900;7325.000000000;1;9568680691;S
20240208;195900;7325.000000000;29;9568680692;S
20240208;195900;7324.500000000;93;9568680693;S
20240208;195900;7324.500000000;11;9568680694;S
20240208;195904;7324.500000000;3;9568680740;S
20240208;195906;7325.000000000;3;9568680758;B
20240208;195908;7325.500000000;2;9568680793;S
20240208;195908;7325.500000000;29;9568680798;S
20240208;195908;7324.500000000;71;9568680799;S
20240208;195911;7324.500000000;20;9568680837;S
20240208;195912;7324.500000000;1;9568680855;S
20240208;195921;7324.500000000;1;9568680946;S
20240208;195924;7324.500000000;5;9568680969;S
20240208;195925;7326.500000000;2;9568680980;B
20240208;195929;7324.500000000;10;9568681029;S
20240208;195931;7324.500000000;1;9568681042;S
20240208;200014;7324.500000000;11;9568681718;S
20240208;200016;7324.500000000;1;9568681730;S
20240208;200021;7324.500000000;50;9568681791;S
20240208;200032;7324.500000000;1;9568681922;S
20240208;200045;7324.500000000;9;9568682110;S
20240208;200050;7325.000000000;1;9568682188;B
20240208;200050;7325.000000000;1;9568682189;B
20240208;200059;7324.500000000;12;9568682299;S
20240208;200059;7324.500000000;8;9568682300;S
20240208;200059;7324.500000000;1;9568682319;S
20240208;200101;7325.000000000;1;9568682342;B
20240208;200101;7326.000000000;10;9568682343;B
20240208;200101;7326.500000000;1;9568682344;B
20240208;200101;7327.000000000;10;9568682345;B
20240208;200101;7327.500000000;6;9568682346;B
20240208;200101;7327.500000000;26;9568682347;B
20240208;200101;7327.500000000;3;9568682348;B
20240208;200101;7328.000000000;100;9568682349;B
20240208;200101;7328.000000000;20;9568682350;B
20240208;200101;7328.500000000;140;9568682351;B
20240208;200101;7328.500000000;20;9568682352;B
20240208;200101;7329.000000000;45;9568682353;B
20240208;200101;7329.000000000;27;9568682354;B
20240208;200101;7330.000000000;400;9568682355;B
20240208;200101;7330.000000000;20;9568682356;B
20240208;200101;7330.000000000;10;9568682357;B
20240208;200127;7331.000000000;1;9568682721;B
20240208;200127;7331.000000000;1;9568682725;B
20240208;200127;7331.000000000;1;9568682729;B
20240208;200127;7331.000000000;1;9568682730;B
20240208;200128;7331.000000000;1;9568682732;B
20240208;200128;7331.000000000;1;9568682733;B
20240208;200128;7331.000000000;1;9568682736;B
20240208;200128;7331.000000000;1;9568682740;B
20240208;200128;7333.500000000;1;9568682742;B
20240208;200128;7333.500000000;1;9568682749;B
20240208;200128;7333.500000000;1;9568682754;B
20240208;200129;7334.000000000;1;9568682756;B
20240208;200129;7334.000000000;1;9568682757;B
20240208;200129;7334.000000000;1;9568682763;B
20240208;200129;7334.500000000;1;9568682767;B
20240208;200129;7330.500000000;2;9568682768;S
20240208;200129;7334.500000000;1;9568682770;B
20240208;200130;7334.500000000;1;9568682774;B
20240208;200130;7334.500000000;1;9568682788;B
20240208;200131;7334.500000000;1;9568682795;B
20240208;200131;7334.500000000;1;9568682797;B
20240208;200132;7334.500000000;1;9568682798;B
20240208;200132;7334.500000000;1;9568682799;B
20240208;200132;7334.500000000;1;9568682802;B
20240208;200132;7334.500000000;1;9568682804;B
20240208;200132;7336.500000000;1;9568682805;B
20240208;200132;7336.500000000;1;9568682807;B
20240208;200133;7336.500000000;1;9568682923;B
20240208;200133;7337.000000000;1;9568682927;B
20240208;200133;7337.000000000;1;9568682929;B
20240208;200133;7334.000000000;1;9568682930;S
20240208;200133;7332.000000000;9;9568682931;S
20240208;200134;7337.000000000;1;9568682951;B
20240208;200140;7336.500000000;1;9568683024;S
20240208;200140;7336.500000000;1;9568683025;S
20240208;200144;7336.500000000;2;9568683095;B
20240208;200146;7333.000000000;2;9568683112;S
20240208;200146;7332.500000000;1;9568683113;S
20240208;200146;7332.500000000;1;9568683114;S
20240208;200146;7332.000000000;6;9568683115;S
20240208;200147;7335.500000000;1;9568683124;S
20240208;200150;7334.500000000;1;9568683147;S
20240208;200159;7335.000000000;1;9568683273;B
20240208;200159;7335.000000000;1;9568683275;B
20240208;200159;7335.000000000;1;9568683276;B
20240208;200205;7334.500000000;15;9568683366;B
20240208;200205;7334.500000000;4;9568683367;B
20240208;200205;7335.000000000;2;9568683368;B
20240208;200205;7335.000000000;1;9568683369;B
20240208;200205;7335.500000000;8;9568683370;B
20240208;200205;7335.500000000;1;9568683371;B
20240208;200205;7336.000000000;21;9568683372;B
20240208;200205;7336.500000000;50;9568683373;B
20240208;200205;7336.500000000;2;9568683374;B
20240208;200205;7336.500000000;1;9568683375;B
20240208;200205;7337.000000000;2;9568683376;B
20240208;200205;7337.000000000;20;9568683377;B
20240208;200205;7337.000000000;1;9568683378;B
20240208;200205;7337.500000000;5;9568683379;B
20240208;200205;7337.500000000;27;9568683380;B
20240208;200205;7337.500000000;10;9568683381;B
20240208;200205;7338.000000000;1;9568683382;B
20240208;200205;7338.000000000;5;9568683383;B
20240208;200205;7338.000000000;5;9568683384;B
20240208;200205;7338.000000000;2;9568683385;B
20240208;200205;7338.500000000;5;9568683386;B
20240208;200205;7338.500000000;40;9568683387;B
20240208;200205;7338.500000000;7;9568683388;B
20240208;200205;7338.500000000;20;9568683389;B
20240208;200205;7339.000000000;5;9568683390;B
20240208;200205;7339.500000000;5;9568683391;B
20240208;200205;7339.500000000;70;9568683392;B
20240208;200205;7339.500000000;50;9568683393;B
20240208;200205;7340.000000000;1;9568683394;B
20240208;200205;7340.000000000;5;9568683395;B
20240208;200205;7340.000000000;1;9568683396;B
20240208;200205;7340.000000000;4;9568683397;B
20240208;200205;7340.000000000;20;9568683398;B
20240208;200205;7340.000000000;2;9568683399;B
20240208;200205;7340.000000000;50;9568683400;B
20240208;200205;7340.000000000;10;9568683401;B
20240208;200205;7340.000000000;80;9568683402;B
20240208;200205;7340.500000000;5;9568683403;B
20240208;200205;7341.000000000;1;9568683404;B
20240208;200205;7341.000000000;5;9568683405;B
20240208;200205;7341.000000000;1;9568683406;B
20240208;200209;7340.000000000;1;9568683434;S
20240208;200209;7340.000000000;1;9568683435;S
20240208;200220;7341.500000000;1;9568683578;B
20240208;200221;7341.500000000;1;9568683586;B
20240208;200226;7341.500000000;1;9568683705;B
20240208;200228;7341.000000000;1;9568683730;S
20240208;200228;7340.500000000;1;9568683731;S
20240208;200228;7340.000000000;3;9568683732;S
20240208;200229;7340.500000000;1;9568683748;B
20240208;200233;7340.500000000;1;9568683805;S
20240208;200233;7340.000000000;1;9568683806;S
20240208;200234;7340.500000000;1;9568683826;S
20240208;200236;7340.000000000;1;9568683839;B
20240208;200238;7340.000000000;1;9568683865;S
20240208;200238;7339.500000000;1;9568683866;S
20240208;200238;7336.000000000;5;9568683867;S
20240208;200238;7336.000000000;3;9568683868;S
20240208;200242;7340.500000000;1;9568683920;S
20240208;200242;7339.500000000;1;9568683921;S
20240208;200243;7339.500000000;1;9568683924;B
20240208;200244;7339.500000000;1;9568683933;S
20240208;200244;7339.000000000;1;9568683935;S
20240208;200247;7339.500000000;1;9568683975;B
20240208;200250;7339.500000000;1;9568683990;B
20240208;200250;7339.500000000;3;9568683991;B
20240208;200250;7340.000000000;1;9568683992;B
20240208;200250;7340.000000000;1;9568683993;B
20240208;200250;7340.500000000;3;9568683994;B
20240208;200250;7340.500000000;2;9568683995;B
20240208;200250;7341.000000000;3;9568683996;B
20240208;200250;7341.000000000;21;9568683997;B
20240208;200250;7341.000000000;65;9568683998;B
20240208;200251;7340.500000000;1;9568684015;S
20240208;200253;7340.000000000;1;9568684039;S
20240208;200255;7340.000000000;1;9568684051;S
20240208;200257;7340.000000000;1;9568684071;S
20240208;200258;7340.000000000;1;9568684109;S
20240208;200259;7340.000000000;1;9568684112;S
20240208;200302;7340.000000000;1;9568684256;S
20240208;200304;7340.000000000;1;9568684461;S
20240208;200305;7340.000000000;1;9568685018;S
20240208;200306;7340.000000000;1;9568685494;S
20240208;200307;7340.000000000;1;9568685768;S
20240208;200308;7340.500000000;3;9568686153;B
20240208;200310;7340.000000000;1;9568686954;S
20240208;200313;7339.500000000;1;9568688195;B
20240208;200313;7339.500000000;1;9568688196;B
20240208;200313;7339.500000000;1;9568688197;B
20240208;200313;7339.500000000;1;9568688198;B
20240208;200313;7339.500000000;1;9568688199;B
20240208;200313;7340.000000000;21;9568688200;B
20240208;200313;7340.500000000;2;9568688201;B
20240208;200313;7340.500000000;72;9568688202;B
20240208;200318;7340.500000000;1;9568690314;S
20240208;200319;7340.500000000;1;9568690894;S
20240208;200319;7340.000000000;1;9568690895;S
20240208;200320;7341.000000000;20;9568691240;B
20240208;200321;7340.500000000;1;9568691409;S
20240208;200324;7340.500000000;1;9568692869;S
20240208;200330;7340.000000000;1;9568694415;S
20240208;200332;7339.500000000;1;9568694435;S
20240208;200332;7339.500000000;6;9568694436;S
20240208;200332;7339.000000000;3;9568694437;S
20240208;200333;7340.500000000;8;9568694450;B
20240208;200333;7340.500000000;6;9568694451;B
20240208;200333;7340.500000000;1;9568694452;B
20240208;200335;7340.500000000;1;9568694460;S
20240208;200342;7340.500000000;1;9568694549;S
20240208;200343;7340.500000000;1;9568694552;S
20240208;200343;7340.500000000;1;9568694568;S
20240208;200345;7340.500000000;1;9568694581;S
20240208;200345;7340.500000000;1;9568694583;S
20240208;200345;7340.500000000;1;9568694584;B
20240208;200350;7340.000000000;1;9568694642;S
20240208;200351;7340.500000000;1;9568694651;B
20240208;200406;7340.500000000;2;9568694811;B
20240208;200415;7340.500000000;1;9568694906;B
20240208;200415;7340.500000000;1;9568694907;B
20240208;200415;7340.500000000;1;9568694908;B
20240208;200416;7340.500000000;1;9568694929;B
20240208;200417;7340.500000000;1;9568694931;B
20240208;200417;7340.500000000;1;9568694933;B
20240208;200417;7340.500000000;1;9568694941;B
20240208;200417;7340.500000000;11;9568694942;B
20240208;200418;7340.000000000;1;9568694950;S
20240208;200418;7340.000000000;3;9568694951;S
20240208;200418;7336.500000000;5;9568694952;S
20240208;200418;7336.000000000;1;9568694953;S
20240208;200423;7339.000000000;1;9568695070;B
20240208;200425;7339.500000000;1;9568695079;B
20240208;200438;7339.000000000;1;9568695237;S
20240208;200447;7338.500000000;1;9568695316;S
20240208;200447;7336.000000000;2;9568695317;S
20240208;200447;7335.500000000;1;9568695318;S
20240208;200447;7335.500000000;1;9568695319;S
20240208;200447;7335.500000000;2;9568695320;S
20240208;200447;7335.000000000;28;9568695321;S
20240208;200447;7334.500000000;20;9568695322;S
20240208;200447;7334.500000000;5;9568695323;S
20240208;200447;7334.000000000;8;9568695324;S
20240208;200447;7333.500000000;4;9568695325;S
20240208;200447;7333.000000000;14;9568695326;S
20240208;200447;7332.500000000;20;9568695327;S
20240208;200447;7332.500000000;20;9568695328;S
20240208;200447;7332.000000000;10;9568695329;S
20240208;200447;7331.500000000;21;9568695330;S
20240208;200447;7331.000000000;90;9568695331;S
20240208;200447;7330.500000000;10;9568695332;S
20240208;200447;7330.500000000;40;9568695333;S
20240208;200447;7330.500000000;20;9568695334;S
20240208;200447;7330.000000000;61;9568695335;S
20240208;200447;7328.500000000;27;9568695336;S
20240208;200447;7328.500000000;20;9568695337;S
20240208;200447;7327.000000000;10;9568695338;S
20240208;200447;7326.500000000;35;9568695339;S
20240208;200447;7327.000000000;1;9568695344;S
20240208;200447;7327.000000000;13;9568695347;S
20240208;200447;7326.500000000;5;9568695348;S
20240208;200447;7326.500000000;3;9568695349;S
20240208;200447;7326.000000000;2;9568695350;S
20240208;200447;7325.500000000;28;9568695351;S
20240208;200447;7325.500000000;20;9568695352;S
20240208;200447;7325.000000000;2;9568695353;S
20240208;200447;7325.000000000;5;9568695354;S
20240208;200447;7325.000000000;20;9568695355;S
20240208;200447;7325.000000000;2;9568695356;S
20240208;200456;7329.000000000;10;9568695427;B
20240208;200500;7325.500000000;3;9568695469;S
20240208;200500;7325.500000000;1;9568695470;B
20240208;200505;7329.000000000;3;9568695550;B
20240208;200511;7329.000000000;2;9568695635;B
20240208;200517;7331.500000000;1;9568695701;B
20240208;200517;7332.000000000;1;9568695712;B
20240208;200517;7332.000000000;1;9568695714;B
20240208;200521;7333.500000000;3;9568695742;B
20240208;200525;7333.500000000;1;9568695818;B
20240208;200525;7334.000000000;5;9568695819;B
20240208;200535;7335.500000000;1;9568695989;B
20240208;200535;7335.000000000;1;9568695990;S
20240208;200535;7334.500000000;5;9568695991;S
20240208;200535;7334.500000000;21;9568695992;S
20240208;200535;7334.500000000;20;9568695993;S
20240208;200535;7334.000000000;14;9568695994;S
20240208;200535;7334.000000000;39;9568695995;S
20240208;200535;7336.500000000;1;9568695996;B
20240208;200535;7336.500000000;1;9568695998;B
20240208;200535;7336.500000000;1;9568696000;B
20240208;200536;7336.500000000;1;9568696009;B
20240208;200536;7336.500000000;1;9568696012;B
20240208;200536;7336.500000000;1;9568696021;B
20240208;200536;7336.500000000;1;9568696024;B
20240208;200537;7336.500000000;1;9568696025;B
20240208;200537;7336.500000000;1;9568696026;B
20240208;200537;7336.500000000;1;9568696027;B
20240208;200537;7337.500000000;1;9568696028;B
20240208;200537;7337.500000000;1;9568696030;B
20240208;200540;7339.000000000;1;9568696076;B
20240208;200540;7339.000000000;1;9568696079;B
20240208;200541;7339.000000000;1;9568696084;B
20240208;200541;7339.000000000;1;9568696085;B
20240208;200541;7339.000000000;1;9568696088;B
20240208;200541;7339.000000000;1;9568696090;B
20240208;200541;7339.000000000;1;9568696093;B
20240208;200542;7339.000000000;1;9568696095;B
20240208;200542;7339.000000000;1;9568696096;B
20240208;200542;7339.000000000;1;9568696098;B
20240208;200542;7339.000000000;1;9568696099;B
20240208;200542;7339.000000000;1;9568696101;B
20240208;200542;7339.000000000;1;9568696102;B
20240208;200543;7339.000000000;1;9568696104;B
20240208;200543;7339.000000000;1;9568696105;B
20240208;200543;7339.000000000;1;9568696108;B
20240208;200543;7339.000000000;1;9568696109;B
20240208;200543;7339.000000000;1;9568696113;B
20240208;200543;7339.000000000;1;9568696115;B
20240208;200543;7339.000000000;1;9568696116;B
20240208;200547;7338.500000000;5;9568696164;B
20240208;200547;7338.500000000;10;9568696165;B
20240208;200547;7338.500000000;20;9568696166;B
20240208;200547;7339.000000000;1;9568696167;B
20240208;200547;7339.500000000;2;9568696168;B
20240208;200547;7340.000000000;2;9568696169;B
20240208;200547;7340.000000000;28;9568696170;B
20240208;200547;7340.000000000;9;9568696171;B
20240208;200547;7340.000000000;10;9568696172;S
20240208;200547;7340.000000000;2;9568696178;S
20240208;200548;7340.500000000;1;9568696189;B
20240208;200550;7340.000000000;5;9568696194;S
20240208;200551;7340.000000000;117;9568696204;S
20240208;200559;7338.000000000;1;9568696333;S
20240208;200559;7337.500000000;1;9568696334;S
20240208;200611;7334.000000000;5;9568696449;S
20240208;200618;7333.000000000;3;9568696591;B
20240208;200618;7333.000000000;5;9568696592;B
20240208;200618;7334.000000000;2;9568696593;B
20240208;200636;7331.000000000;1;9568696805;S
20240208;200636;7330.500000000;4;9568696806;S
20240208;200724;7333.000000000;1;9568697463;B
20240208;200724;7333.000000000;1;9568697464;B
20240208;200724;7333.000000000;21;9568697465;B
20240208;200724;7333.500000000;3;9568697466;B
20240208;200724;7333.500000000;34;9568697467;B
20240208;200803;7331.000000000;3;9568698022;S
20240208;200803;7331.000000000;7;9568698023;S
20240208;200822;7331.000000000;22;9568698322;S
20240208;200822;7330.500000000;16;9568698323;S
20240208;200837;7330.000000000;1;9568698576;S
20240208;200838;7330.500000000;1;9568698586;B
20240208;200843;7329.000000000;2;9568698692;S
20240208;200843;7329.000000000;5;9568698693;S
20240208;200843;7329.000000000;6;9568698694;S
20240208;200858;7328.500000000;3;9568698852;S
20240208;200919;7329.000000000;9;9568699280;S
20240208;200919;7328.500000000;1;9568699281;S
20240208;201014;7330.000000000;8;9568701312;B
20240208;201030;7329.500000000;3;9568703133;S
20240208;201107;7329.500000000;5;9568704983;S
20240208;201107;7329.500000000;5;9568704984;S
20240208;201112;7330.000000000;2;9568705052;B
20240208;201112;7330.000000000;2;9568705053;B
20240208;201113;7330.000000000;5;9568705073;S
20240208;201122;7330.500000000;20;9568705233;B
20240208;201135;7330.500000000;10;9568705393;B
20240208;201135;7330.500000000;2;9568705394;B
20240208;201135;7331.000000000;1;9568705395;B
20240208;201139;7330.500000000;3;9568705452;S
20240208;201140;7330.500000000;10;9568705476;S
20240208;201146;7333.500000000;1;9568705609;B
20240208;201207;7333.500000000;10;9568705910;B
20240208;201210;7333.500000000;10;9568705938;B
20240208;201224;7331.500000000;10;9568706248;S
20240208;201242;7333.500000000;4;9568706438;B
20240208;201253;7331.500000000;3;9568706550;S
20240208;201306;7333.500000000;1;9568706742;B
20240208;201307;7333.500000000;3;9568706743;B
20240208;201325;7333.000000000;10;9568706949;B
20240208;201354;7330.500000000;3;9568707294;S
20240208;201355;7330.500000000;1;9568707303;S
20240208;201419;7333.000000000;10;9568707595;B
20240208;201428;7330.000000000;1;9568707727;S
20240208;201428;7330.000000000;9;9568707728;S
20240208;201429;7333.000000000;1;9568707734;B
20240208;201438;7330.500000000;1;9568707851;S
20240208;201503;7330.500000000;1;9568708256;S
20240208;201503;7330.000000000;2;9568708257;S
20240208;201545;7332.000000000;1;9568708920;B
20240208;201558;7330.500000000;8;9568709072;S
20240208;201558;7330.000000000;1;9568709073;S
20240208;201558;7330.000000000;20;9568709074;S
20240208;201558;7329.500000000;32;9568709079;S
20240208;201558;7328.500000000;1;9568709080;S
20240208;201558;7328.000000000;8;9568709081;S
20240208;201558;7327.500000000;27;9568709082;S
20240208;201558;7326.000000000;9;9568709083;S
20240208;201558;7325.500000000;17;9568709084;S
20240208;201558;7325.500000000;6;9568709085;S
20240208;201609;7330.000000000;6;9568709194;B
20240208;201613;7330.000000000;2;9568709273;S
20240208;201613;7327.000000000;1;9568709274;S
20240208;201722;7327.500000000;3;9568710333;S
20240208;201726;7330.000000000;5;9568710388;B
20240208;201726;7332.000000000;5;9568710389;B
20240208;201726;7332.000000000;8;9568710390;B
20240208;201726;7332.500000000;5;9568710391;B
20240208;201726;7332.500000000;9;9568710392;B
20240208;201726;7333.000000000;1;9568710393;B
20240208;201726;7333.000000000;2;9568710394;B
20240208;201726;7333.000000000;9;9568710395;B
20240208;201746;7329.500000000;2;9568710620;S
20240208;201746;7328.500000000;8;9568710621;S
20240208;201832;7328.500000000;3;9568711419;S
20240208;201835;7327.500000000;3;9568711666;S
20240208;201835;7327.000000000;3;9568711667;S
20240208;201835;7327.000000000;4;9568711668;S
20240208;201835;7326.500000000;24;9568711669;S
20240208;201855;7328.500000000;1;9568712048;B
20240208;201857;7328.500000000;1;9568712089;B
20240208;201859;7328.500000000;1;9568712114;B
20240208;201900;7328.500000000;1;9568712134;B
20240208;201910;7328.500000000;5;9568712258;B
20240208;201918;7327.000000000;2;9568712427;S
20240208;201928;7328.500000000;1;9568712627;B
20240208;201928;7328.500000000;1;9568712628;B
20240208;201928;7329.500000000;5;9568712629;B
20240208;201928;7330.500000000;12;9568712630;B
20240208;201928;7331.000000000;20;9568712631;B
20240208;201928;7331.500000000;1;9568712632;B
20240208;201941;7328.000000000;3;9568712803;S
20240208;201943;7332.000000000;5;9568712822;B
20240208;201943;7332.000000000;6;9568712823;B
20240208;201943;7332.500000000;24;9568712824;B
20240208;201953;7333.000000000;5;9568712994;B
20240208;201954;7333.000000000;1;9568712996;B
20240208;201954;7333.000000000;1;9568713000;B
20240208;202000;7332.500000000;3;9568713071;S
20240208;202002;7332.500000000;4;9568713122;S
20240208;202002;7332.500000000;1;9568713123;S
20240208;202003;7333.000000000;10;9568713134;B
20240208;202006;7332.500000000;17;9568713170;S
20240208;202006;7329.000000000;20;9568713171;S
20240208;202006;7327.500000000;11;9568713172;S
20240208;202006;7327.000000000;28;9568713173;S
20240208;202006;7327.000000000;21;9568713174;S
20240208;202006;7326.500000000;3;9568713175;S
20240208;202035;7330.000000000;2;9568713504;B
20240208;202050;7327.000000000;3;9568713681;S
20240208;202158;7327.000000000;5;9568714607;S
20240208;202159;7327.000000000;3;9568714615;S
20240208;202203;7326.500000000;20;9568714652;S
20240208;202223;7326.500000000;2;9568715027;S
20240208;202305;7327.000000000;1;9568716520;B
20240208;202305;7327.500000000;1;9568716521;B
20240208;202309;7326.000000000;3;9568716549;S
20240208;202320;7326.000000000;1;9568716735;S
20240208;202329;7326.000000000;3;9568716836;S
20240208;202331;7327.500000000;1;9568716853;B
20240208;202338;7326.000000000;15;9568716921;S
20240208;202338;7326.000000000;3;9568716922;S
20240208;202410;7326.000000000;1;9568717348;S
20240208;202418;7326.000000000;3;9568717453;S
20240208;202429;7326.000000000;2;9568717647;S
20240208;202441;7326.000000000;19;9568717754;S
20240208;202441;7326.000000000;7;9568717755;S
20240208;202441;7326.000000000;1;9568717756;S
20240208;202441;7326.000000000;5;9568717757;S
20240208;202441;7326.000000000;1;9568717758;S
20240208;202451;7325.500000000;6;9568717887;S
20240208;202451;7325.000000000;6;9568717888;S
20240208;202451;7325.000000000;7;9568717889;S
20240208;202451;7324.500000000;1;9568717890;S
20240208;202452;7325.000000000;10;9568717900;S
20240208;202452;7324.500000000;1;9568717901;S
20240208;202452;7324.500000000;9;9568717902;S
20240208;202454;7324.500000000;20;9568717920;S
20240208;202457;7324.500000000;20;9568717970;S
20240208;202507;7324.500000000;9;9568718072;S
20240208;202507;7324.500000000;1;9568718073;S
20240208;202509;7324.500000000;1;9568718093;S
20240208;202510;7325.000000000;1;9568718123;B
20240208;202516;7325.000000000;1;9568718176;B
20240208;202524;7324.500000000;6;9568718369;S
20240208;202527;7324.500000000;3;9568718395;S
20240208;202612;7324.500000000;20;9568719006;S
20240208;202615;7324.500000000;20;9568719045;S
20240208;202615;7324.500000000;20;9568719049;S
20240208;202623;7324.500000000;5;9568719248;S
20240208;202627;7325.000000000;3;9568719309;B
20240208;202627;7325.000000000;3;9568719310;B
20240208;202627;7325.500000000;5;9568719311;B
20240208;202627;7326.000000000;5;9568719312;B
20240208;202636;7325.000000000;1;9568719419;S
20240208;202636;7324.500000000;2;9568719420;S
20240208;202745;7324.500000000;3;9568720375;S
20240208;202819;7325.500000000;4;9568720844;B
20240208;202854;7324.500000000;2;9568721364;S
20240208;202900;7324.500000000;7;9568721470;S
20240208;202913;7324.500000000;3;9568721629;S
20240208;202913;7324.500000000;1;9568721630;S
20240208;202913;7324.500000000;4;9568721631;S
20240208;202913;7324.500000000;4;9568721632;S
20240208;202913;7324.500000000;3;9568721633;S
20240208;203028;7324.500000000;1;9568722887;S
20240208;203054;7324.500000000;138;9568723593;S
20240208;203054;7324.500000000;5;9568723594;S
20240208;203059;7324.500000000;1;9568723658;B
20240208;203102;7324.000000000;1;9568723688;S
20240208;203103;7324.000000000;1;9568723691;S
20240208;203117;7324.500000000;5;9568723877;B
20240208;203122;7324.000000000;1;9568723941;S
20240208;203124;7323.500000000;2;9568723952;S
20240208;203124;7322.500000000;4;9568723953;S
20240208;203124;7322.000000000;8;9568723954;S
20240208;203124;7321.500000000;6;9568723955;S
20240208;203146;7321.500000000;4;9568724443;S
20240208;203157;7321.000000000;1;9568724585;S
20240208;203159;7321.000000000;1;9568724611;S
20240208;203204;7321.000000000;5;9568724751;B
20240208;203219;7321.000000000;1;9568724979;B
20240208;203223;7320.500000000;3;9568725037;S
20240208;203223;7320.500000000;2;9568725038;S
20240208;203223;7320.000000000;1;9568725039;S
20240208;203223;7320.000000000;5;9568725040;S
20240208;203223;7320.000000000;5;9568725041;S
20240208;203223;7320.000000000;1;9568725042;S
20240208;203223;7320.000000000;1;9568725043;S
20240208;203223;7320.000000000;1;9568725044;S
20240208;203223;7319.500000000;5;9568725045;S
20240208;203223;7319.500000000;5;9568725046;S
20240208;203223;7319.000000000;5;9568725047;S
20240208;203223;7319.000000000;21;9568725048;S
20240208;203223;7319.000000000;10;9568725049;S
20240208;203223;7319.000000000;25;9568725050;S
20240208;203224;7319.000000000;2;9568725056;S
20240208;203224;7319.000000000;3;9568725057;S
20240208;203225;7319.000000000;5;9568725111;S
20240208;203257;7319.000000000;1;9568725982;S
20240208;203302;7318.500000000;5;9568726026;S
20240208;203302;7318.500000000;9;9568726027;S
20240208;203305;7318.000000000;1;9568726065;S
20240208;203318;7318.000000000;5;9568726255;S
20240208;203321;7318.000000000;1;9568726281;S
20240208;203323;7318.500000000;6;9568726302;B
20240208;203328;7318.000000000;2;9568726378;S
20240208;203339;7318.000000000;3;9568726553;S
20240208;203339;7318.000000000;1;9568726554;S
20240208;203347;7318.000000000;2;9568726692;S
20240208;203347;7318.000000000;17;9568726693;S
20240208;203350;7318.000000000;3;9568726743;S
20240208;203350;7317.500000000;1;9568726744;S
20240208;203420;7317.500000000;1;9568727280;S
20240208;203421;7317.500000000;3;9568727294;S
20240208;203422;7317.000000000;4;9568727303;S
20240208;203423;7317.500000000;1;9568727312;B
20240208;203450;7317.000000000;1;9568727769;S
20240208;203450;7317.000000000;1;9568727770;S
20240208;203450;7316.500000000;5;9568727771;S
20240208;203450;7316.500000000;1;9568727772;S
20240208;203450;7316.000000000;1;9568727773;S
20240208;203523;7316.000000000;4;9568728094;S
20240208;203523;7315.500000000;12;9568728095;S
20240208;203524;7317.000000000;1;9568728111;B
20240208;203534;7315.500000000;3;9568728418;S
20240208;203534;7315.500000000;5;9568728419;S
20240208;203534;7315.500000000;7;9568728420;S
20240208;203541;7315.500000000;5;9568728466;S
20240208;203611;7316.000000000;8;9568728926;S
20240208;203651;7317.000000000;5;9568729531;B
20240208;203704;7317.000000000;3;9568729805;B
20240208;203704;7317.000000000;2;9568729806;B
20240208;203714;7317.000000000;23;9568729976;B
20240208;203736;7317.000000000;1;9568730264;B
20240208;203758;7316.500000000;2;9568730551;B
20240208;203824;7316.500000000;3;9568730898;B
20240208;203830;7316.500000000;1;9568730958;B
20240208;203844;7316.000000000;1;9568731130;S
20240208;203951;7316.000000000;1;9568732044;S
20240208;203951;7316.000000000;3;9568732045;S
20240208;203951;7316.000000000;1;9568732046;S
20240208;203951;7315.500000000;9;9568732047;S
20240208;204001;7317.000000000;1;9568732177;B
20240208;204005;7316.500000000;1;9568732240;S
20240208;204108;7316.500000000;8;9568733010;B
20240208;204110;7316.500000000;20;9568733022;B
20240208;204110;7316.500000000;5;9568733023;B
20240208;204119;7316.000000000;4;9568733138;S
20240208;204127;7316.000000000;1;9568733257;S
20240208;204134;7316.000000000;1;9568733321;S
20240208;204135;7316.000000000;1;9568733345;S
20240208;204152;7317.000000000;6;9568733589;B
20240208;204202;7316.000000000;5;9568733702;S
20240208;204255;7316.000000000;4;9568734263;S
20240208;204301;7316.000000000;9;9568734332;S
20240208;204315;7316.000000000;9;9568734482;S
20240208;204330;7316.500000000;5;9568734710;B
20240208;204350;7316.500000000;5;9568734965;B
20240208;204350;7316.500000000;21;9568734966;B
20240208;204350;7317.000000000;124;9568734967;B
20240208;204350;7317.000000000;1;9568734968;B
20240208;204355;7317.500000000;1;9568735045;S
20240208;204411;7318.000000000;1;9568735180;B
20240208;204412;7318.000000000;3;9568735206;B
20240208;204418;7318.000000000;3;9568735330;B
20240208;204418;7318.000000000;47;9568735331;B
20240208;204418;7318.000000000;2;9568735332;B
20240208;204429;7319.000000000;10;9568735427;B
20240208;204429;7319.000000000;23;9568735439;B
20240208;204431;7319.000000000;5;9568735451;B
20240208;204437;7319.000000000;1;9568735545;B
20240208;204459;7319.000000000;72;9568735907;B
20240208;204459;7320.000000000;20;9568735908;B
20240208;204459;7320.000000000;1;9568735909;B
20240208;204459;7320.000000000;5;9568735910;B
20240208;204459;7320.000000000;5;9568735911;B
20240208;204459;7320.000000000;19;9568735912;B
20240208;204459;7320.000000000;3;9568735913;B
20240208;204512;7320.000000000;1;9568736080;S
20240208;204514;7320.000000000;109;9568736089;S
20240208;204538;7320.500000000;2;9568736677;B
20240208;204553;7320.500000000;7;9568736848;B
20240208;204605;7320.500000000;5;9568737033;B
20240208;204612;7320.000000000;1;9568737148;S
20240208;204614;7320.000000000;1;9568737171;S
20240208;204635;7320.000000000;2;9568737401;S
20240208;204636;7320.000000000;6;9568737413;S
20240208;204645;7320.500000000;1;9568737546;B
20240208;204648;7320.000000000;1;9568737601;S
20240208;204706;7320.500000000;50;9568737790;B
20240208;204715;7320.500000000;6;9568738108;B
20240208;204718;7320.000000000;1;9568738148;S
20240208;204723;7320.500000000;7;9568738215;B
20240208;204727;7320.000000000;1;9568738258;S
20240208;204731;7320.000000000;100;9568738296;S
20240208;204744;7320.000000000;2;9568738479;S
20240208;204744;7320.000000000;10;9568738480;S
20240208;204751;7320.000000000;2;9568738572;S
20240208;204752;7320.000000000;8;9568738579;B
20240208;204752;7320.000000000;21;9568738580;B
20240208;204754;7319.000000000;2;9568738621;B
20240208;204759;7319.000000000;2;9568738660;B
20240208;204802;7320.000000000;1;9568738692;B
20240208;204807;7318.500000000;1;9568738794;S
20240208;204823;7319.000000000;1;9568738960;B
20240208;204934;7319.000000000;10;9568739682;B
20240208;204934;7319.000000000;10;9568739683;B
20240208;205000;7320.000000000;1;9568739965;B
20240208;205007;7319.500000000;1;9568740034;S
20240208;205035;7320.000000000;4;9568740317;B
20240208;205035;7320.000000000;1;9568740318;B
20240208;205054;7320.000000000;1;9568740604;B
20240208;205056;7319.500000000;9;9568740620;S
20240208;205056;7319.000000000;30;9568740621;S
20240208;205056;7318.500000000;1;9568740622;S
20240208;205056;7318.000000000;1;9568740623;S
20240208;205056;7318.000000000;2;9568740624;S
20240208;205056;7318.000000000;4;9568740625;S
20240208;205056;7317.000000000;1;9568740626;S
20240208;205056;7317.000000000;5;9568740627;S
20240208;205056;7316.500000000;17;9568740628;S
20240208;205057;7318.500000000;16;9568740632;B
20240208;205057;7319.000000000;14;9568740633;B
20240208;205057;7319.500000000;11;9568740634;B
20240208;205057;7320.000000000;17;9568740635;B
20240208;205057;7320.500000000;158;9568740636;B
20240208;205057;7321.000000000;83;9568740637;B
20240208;205057;7321.000000000;1;9568740638;B
20240208;205057;7321.000000000;1;9568740640;S
20240208;205058;7321.500000000;2;9568740656;B
20240208;205200;7321.000000000;1;9568741810;B
20240208;205251;7318.000000000;1;9568742378;S
20240208;205429;7318.500000000;1;9568743709;S
20240208;205437;7318.500000000;7;9568743787;S
20240208;205437;7318.000000000;3;9568743788;S
20240208;205439;7318.500000000;3;9568743805;S
20240208;205525;7320.500000000;1;9568744275;B
20240208;205525;7320.500000000;12;9568744276;B
20240208;205525;7321.000000000;2;9568744277;B
20240208;205525;7321.000000000;3;9568744278;B
20240208;205525;7321.000000000;12;9568744279;B
20240208;205525;7321.000000000;9;9568744280;B
20240208;205526;7321.500000000;6;9568744310;B
20240208;205606;7321.500000000;28;9568744761;B
20240208;205606;7321.500000000;3;9568744762;B
20240208;205627;7321.500000000;5;9568745014;S
20240208;205633;7321.500000000;14;9568745067;S
20240208;205820;7321.000000000;2;9568746426;B
20240208;205838;7319.000000000;10;9568746624;S
20240208;205841;7319.000000000;17;9568746646;B
20240208;205848;7319.000000000;73;9568746701;B
20240208;205914;7321.000000000;1;9568746984;B
20240208;205940;7321.000000000;4;9568747345;B
20240208;205940;7321.500000000;1;9568747346;B
20240208;205955;7321.000000000;15;9568747515;S
20240208;210026;7321.000000000;7;9568747991;B
20240208;210026;7319.000000000;1;9568747994;S
20240208;210035;7321.000000000;5;9568748134;B
20240208;210048;7321.500000000;1;9568748249;B
20240208;210053;7321.500000000;2;9568748298;B
20240208;210058;7321.500000000;22;9568748364;B
20240208;210107;7321.000000000;2;9568748504;S
20240208;210123;7321.000000000;1;9568748688;S
20240208;210123;7321.000000000;4;9568748689;S
20240208;210126;7321.500000000;1;9568748725;B
20240208;210127;7321.500000000;2;9568748763;B
20240208;210128;7321.500000000;13;9568748805;B
20240208;210138;7321.500000000;26;9568748877;B
20240208;210143;7321.500000000;1;9568748944;B
20240208;210143;7321.000000000;3;9568748949;S
20240208;210157;7321.000000000;1;9568749060;S
20240208;210205;7321.500000000;5;9568749128;B
20240208;210229;7321.000000000;5;9568749350;S
20240208;210316;7321.000000000;1;9568749816;S
20240208;210316;7321.000000000;1;9568749817;S
20240208;210349;7319.000000000;3;9568750189;S
20240208;210354;7321.000000000;3;9568750275;B
20240208;210442;7321.000000000;3;9568750820;B
20240208;210442;7321.000000000;20;9568750821;B
20240208;210455;7321.500000000;1;9568750918;B
20240208;210507;7321.500000000;10;9568751052;B
20240208;210514;7321.000000000;7;9568751089;S
20240208;210536;7321.500000000;5;9568751473;B
20240208;210540;7321.000000000;7;9568751528;S
20240208;210601;7321.000000000;5;9568751757;S
20240208;210627;7321.500000000;1;9568752151;B
20240208;210628;7321.000000000;3;9568752157;S
20240208;210631;7321.500000000;3;9568752221;B
20240208;210637;7321.000000000;1;9568752290;S
20240208;210645;7321.000000000;4;9568752362;S
20240208;210645;7319.000000000;1;9568752363;S
20240208;210645;7319.000000000;21;9568752364;S
20240208;210645;7318.500000000;1;9568752365;S
20240208;210645;7318.500000000;9;9568752366;S
20240208;210645;7318.000000000;3;9568752367;S
20240208;210645;7318.000000000;6;9568752368;S
20240208;210645;7318.000000000;1;9568752369;S
20240208;210645;7318.000000000;7;9568752370;S
20240208;210645;7317.500000000;28;9568752371;S
20240208;210645;7317.000000000;1;9568752372;S
20240208;210645;7317.000000000;1;9568752373;S
20240208;210645;7317.000000000;20;9568752374;S
20240208;210645;7317.000000000;10;9568752375;S
20240208;210645;7316.500000000;1;9568752376;S
20240208;210645;7316.000000000;14;9568752377;S
20240208;210645;7316.000000000;2;9568752378;S
20240208;210645;7316.000000000;1;9568752379;S
20240208;210645;7316.000000000;50;9568752380;S
20240208;210645;7316.000000000;1;9568752381;S
20240208;210645;7316.000000000;10;9568752382;S
20240208;210651;7316.000000000;8;9568752454;B
20240208;210655;7316.000000000;5;9568752509;S
20240208;210655;7315.500000000;3;9568752510;S
20240208;210700;7316.000000000;1;9568752545;S
20240208;210722;7319.500000000;4;9568752755;B
20240208;210735;7317.500000000;3;9568752893;S
20240208;210735;7317.000000000;1;9568752894;S
20240208;210735;7316.500000000;10;9568752895;S
20240208;210744;7316.500000000;1;9568752994;S
20240208;210749;7316.500000000;1;9568753035;S
20240208;210754;7319.000000000;1;9568753091;B
20240208;210821;7320.000000000;1;9568753491;S
20240208;210823;7319.500000000;2;9568753515;S
20240208;210823;7319.000000000;4;9568753516;S
20240208;210833;7319.500000000;1;9568753695;S
20240208;210833;7319.000000000;4;9568753696;S
20240208;210852;7320.000000000;1;9568754154;B
20240208;210856;7319.500000000;1;9568754200;S
20240208;210859;7319.000000000;10;9568754217;S
20240208;210907;7319.500000000;1;9568754309;B
20240208;210907;7319.500000000;2;9568754316;B
20240208;210919;7319.500000000;1;9568754656;B
20240208;210925;7319.500000000;1;9568754866;B
20240208;210926;7319.000000000;20;9568754869;S
20240208;210929;7319.000000000;27;9568754921;S
20240208;210932;7319.000000000;3;9568754954;S
20240208;210932;7319.500000000;1;9568754955;B
20240208;210941;7319.000000000;61;9568755064;S
20240208;210955;7319.000000000;5;9568755232;S
20240208;210958;7319.000000000;200;9568755281;S
20240208;211000;7319.000000000;10;9568755298;S
20240208;211012;7319.000000000;5;9568755718;S
20240208;211013;7319.000000000;20;9568755724;S
20240208;211025;7319.000000000;22;9568755925;S
20240208;211026;7319.000000000;1;9568755934;S
20240208;211027;7319.500000000;1;9568755955;B
20240208;211052;7319.500000000;2;9568756279;B
20240208;211103;7319.000000000;3;9568756397;S
20240208;211111;7319.000000000;1;9568756499;S
20240208;211115;7319.000000000;3;9568756579;S
20240208;211115;7319.000000000;1;9568756580;S
20240208;211115;7318.000000000;1;9568756581;S
20240208;211120;7318.000000000;5;9568756660;S
20240208;211126;7318.000000000;1;9568756812;B
20240208;211134;7317.000000000;4;9568756941;S
20240208;211134;7316.500000000;1;9568756942;S
20240208;211134;7316.500000000;5;9568756943;S
20240208;211134;7316.000000000;6;9568756944;S
20240208;211134;7315.500000000;3;9568756945;S
20240208;211134;7315.500000000;1;9568756946;S
20240208;211134;7315.000000000;4;9568756947;S
20240208;211134;7315.000000000;1;9568756948;S
20240208;211134;7315.000000000;5;9568756949;S
20240208;211134;7315.000000000;2;9568756950;S
20240208;211134;7315.000000000;1;9568756951;S
20240208;211134;7315.000000000;1;9568756952;S
20240208;211134;7315.000000000;4;9568756953;S
20240208;211134;7315.000000000;1;9568756954;S
20240208;211134;7314.500000000;5;9568756955;S
20240208;211134;7314.500000000;11;9568756956;S
20240208;211149;7315.000000000;3;9568757247;S
20240208;211149;7314.500000000;1;9568757248;S
20240208;211149;7314.000000000;5;9568757249;S
20240208;211149;7314.000000000;1;9568757250;S
20240208;211149;7314.000000000;10;9568757251;S
20240208;211154;7314.000000000;10;9568757332;B
20240208;211154;7314.000000000;1;9568757333;B
20240208;211157;7314.000000000;7;9568757426;B
20240208;211202;7313.500000000;2;9568757599;S
20240208;211210;7313.500000000;3;9568758711;S
20240208;211210;7313.500000000;1;9568758712;S
20240208;211210;7313.500000000;6;9568758713;S
20240208;211222;7313.000000000;5;9568759301;S
20240208;211222;7313.000000000;5;9568759302;S
20240208;211222;7313.000000000;1;9568759303;S
20240208;211222;7312.500000000;5;9568759304;S
20240208;211222;7312.500000000;10;9568759305;S
20240208;211222;7312.500000000;20;9568759306;S
20240208;211222;7312.500000000;6;9568759307;S
20240208;211225;7312.000000000;1;9568759436;S
20240208;211225;7312.000000000;5;9568759437;S
20240208;211225;7312.000000000;1;9568759438;S
20240208;211231;7312.000000000;4;9568759532;S
20240208;211231;7312.000000000;5;9568759533;S
20240208;211231;7312.000000000;10;9568759534;S
20240208;211231;7311.500000000;5;9568759535;S
20240208;211231;7311.500000000;6;9568759536;S
20240208;211231;7311.000000000;5;9568759537;S
20240208;211231;7311.000000000;1;9568759538;S
20240208;211231;7311.000000000;6;9568759539;B
20240208;211231;7311.000000000;15;9568759540;B
20240208;211242;7310.500000000;5;9568759785;S
20240208;211242;7310.500000000;2;9568759786;S
20240208;211242;7310.000000000;3;9568759787;S
20240208;211242;7311.000000000;1;9568759816;B
20240208;211255;7311.000000000;2;9568761212;B
20240208;211256;7311.000000000;1;9568761288;B
20240208;211302;7310.500000000;20;9568761531;S
20240208;211302;7310.000000000;7;9568761532;S
20240208;211302;7310.000000000;5;9568761533;S
20240208;211302;7310.000000000;2;9568761534;S
20240208;211302;7310.000000000;1;9568761535;S
20240208;211302;7310.000000000;9;9568761536;S
20240208;211302;7310.000000000;3;9568761537;S
20240208;211302;7310.000000000;10;9568761538;S
20240208;211302;7310.000000000;2;9568761539;S
20240208;211302;7310.000000000;6;9568761540;S
20240208;211303;7310.000000000;3;9568761910;B
20240208;211304;7310.000000000;3;9568762653;B
20240208;211306;7310.000000000;3;9568763430;B
20240208;211306;7310.000000000;1;9568763439;B
20240208;211308;7309.500000000;5;9568763629;S
20240208;211308;7309.500000000;1;9568763630;S
20240208;211308;7309.500000000;4;9568763631;S
20240208;211315;7310.500000000;2;9568763916;S
20240208;211315;7310.500000000;1;9568763917;S
20240208;211315;7309.500000000;6;9568763918;S
20240208;211315;7309.000000000;1;9568763919;S
20240208;211315;7309.000000000;1;9568763920;S
20240208;211315;7309.000000000;5;9568763921;S
20240208;211315;7309.000000000;4;9568763922;S
20240208;211315;7309.000000000;13;9568763923;S
20240208;211315;7309.000000000;20;9568763924;S
20240208;211315;7308.500000000;5;9568763925;S
20240208;211315;7308.500000000;10;9568763926;S
20240208;211324;7308.000000000;23;9568764237;S
20240208;211324;7308.000000000;3;9568764238;S
20240208;211330;7308.000000000;2;9568764395;S
20240208;211330;7308.000000000;1;9568764396;S
20240208;211331;7307.500000000;5;9568764457;S
20240208;211331;7307.500000000;4;9568764458;S
20240208;211345;7307.000000000;5;9568764703;S
20240208;211345;7307.000000000;1;9568764704;S
20240208;211345;7307.000000000;10;9568764705;S
20240208;211345;7307.000000000;1;9568764706;S
20240208;211345;7306.500000000;3;9568764707;S
20240208;211349;7306.500000000;2;9568764988;S
20240208;211349;7306.500000000;7;9568764989;S
20240208;211349;7306.500000000;20;9568764990;S
20240208;211349;7306.000000000;1;9568764991;S
20240208;211349;7306.000000000;1;9568764992;S
20240208;211349;7306.000000000;1;9568764993;S
20240208;211349;7306.000000000;5;9568764994;S
20240208;211349;7306.000000000;10;9568764995;S
20240208;211349;7306.000000000;21;9568764996;S
20240208;211349;7305.500000000;5;9568764997;S
20240208;211349;7305.500000000;27;9568764998;S
20240208;211356;7305.500000000;7;9568765108;B
20240208;211357;7305.000000000;3;9568765122;S
20240208;211357;7305.000000000;1;9568765123;S
20240208;211357;7305.000000000;1;9568765124;S
20240208;211357;7305.000000000;8;9568765125;S
20240208;211408;7305.000000000;2;9568765389;S
20240208;211408;7305.000000000;27;9568765390;S
20240208;211408;7305.000000000;1;9568765391;S
20240208;211408;7305.000000000;1;9568765395;S
20240208;211412;7305.000000000;5;9568765508;S
20240208;211412;7305.000000000;10;9568765509;S
20240208;211412;7305.000000000;240;9568765510;S
20240208;211412;7305.000000000;1;9568765511;S
20240208;211412;7304.500000000;1;9568765512;S
20240208;211412;7304.500000000;3;9568765513;S
20240208;211416;7305.000000000;2;9568765577;B
20240208;211417;7304.500000000;2;9568765639;S
20240208;211417;7304.500000000;1;9568765640;S
20240208;211417;7304.500000000;7;9568765641;S
20240208;211417;7304.000000000;5;9568765642;S
20240208;211417;7304.000000000;2;9568765643;S
20240208;211417;7304.000000000;18;9568765644;S
20240208;211420;7304.500000000;1;9568765684;S
20240208;211420;7304.500000000;3;9568765685;S
20240208;211424;7304.000000000;10;9568765789;S
20240208;211425;7305.000000000;1;9568765807;B
20240208;211430;7305.000000000;2;9568765935;B
20240208;211453;7305.000000000;1;9568766389;B
20240208;211454;7305.500000000;1;9568766408;B
20240208;211502;7305.500000000;1;9568766655;B
20240208;211505;7304.500000000;3;9568766708;S
20240208;211506;7304.500000000;2;9568766716;S
20240208;211508;7305.500000000;6;9568766757;B
20240208;211515;7305.500000000;17;9568766927;B
20240208;211515;7304.500000000;4;9568766940;S
20240208;211520;7305.500000000;3;9568767160;B
20240208;211521;7305.500000000;1;9568767224;B
20240208;211558;7305.000000000;1;9568768308;S
20240208;211558;7305.000000000;5;9568768315;S
20240208;211618;7305.500000000;2;9568768628;B
20240208;211618;7305.000000000;1;9568768647;S
20240208;211618;7305.000000000;1;9568768648;S
20240208;211618;7305.000000000;2;9568768649;S
20240208;211620;7305.500000000;1;9568768907;B
20240208;211622;7305.500000000;75;9568768942;B
20240208;211648;7305.000000000;2;9568770045;S
20240208;211652;7305.000000000;1;9568770316;S
20240208;211653;7305.500000000;50;9568770395;B
20240208;211715;7305.500000000;5;9568770805;B
20240208;211715;7305.000000000;7;9568770811;S
20240208;211715;7305.000000000;1;9568770812;S
20240208;211715;7305.000000000;7;9568770813;S
20240208;211715;7305.000000000;5;9568770814;S
20240208;211715;7305.000000000;4;9568770815;S
20240208;211715;7304.500000000;1;9568770816;S
20240208;211715;7304.500000000;3;9568770817;S
20240208;211720;7305.500000000;1;9568771058;B
20240208;211736;7304.500000000;5;9568771414;S
20240208;211739;7304.500000000;2;9568771461;S
20240208;211740;7305.000000000;4;9568771464;B
20240208;211740;7305.000000000;6;9568771466;B
20240208;211742;7305.500000000;15;9568771512;B
20240208;211743;7305.000000000;4;9568771517;S
20240208;211743;7305.000000000;21;9568771518;S
20240208;211743;7304.500000000;33;9568771519;S
20240208;211749;7305.000000000;2;9568771608;S
20240208;211751;7305.000000000;1;9568771660;S
20240208;211757;7305.500000000;100;9568771788;B
20240208;211804;7305.000000000;1;9568771940;S
20240208;211804;7305.000000000;8;9568771941;S
20240208;211804;7305.000000000;1;9568771942;S
20240208;211808;7305.000000000;10;9568772004;S
20240208;211810;7305.500000000;50;9568772047;B
20240208;211822;7305.500000000;5;9568772292;B
20240208;211823;7305.500000000;9;9568772311;B
20240208;211824;7305.500000000;20;9568772331;B
20240208;211825;7305.000000000;1;9568772374;S
20240208;211833;7305.500000000;18;9568772526;B
20240208;211833;7305.500000000;2;9568772527;B
20240208;211834;7305.500000000;4;9568772582;B
20240208;211834;7305.500000000;3;9568772583;B
20240208;211834;7308.000000000;1;9568772584;B
20240208;211834;7308.000000000;7;9568772585;B
20240208;211838;7307.000000000;1;9568772729;S
20240208;211900;7310.000000000;2;9568773072;B
20240208;211928;7311.000000000;1;9568773614;B
20240208;211931;7310.000000000;1;9568773697;S
20240208;211932;7311.000000000;1;9568773727;B
20240208;212036;7312.500000000;4;9568774720;B
20240208;212036;7313.000000000;6;9568774721;B
20240208;212037;7310.500000000;1;9568774728;S
20240208;212039;7311.000000000;3;9568774745;S
20240208;212039;7310.500000000;1;9568774746;S
20240208;212059;7314.500000000;2;9568775146;B
20240208;212104;7314.000000000;7;9568775191;B
20240208;212107;7313.500000000;1;9568775307;B
20240208;212107;7314.000000000;9;9568775308;B
20240208;212107;7314.500000000;1;9568775309;B
20240208;212107;7314.500000000;7;9568775310;B
20240208;212107;7315.000000000;10;9568775311;B
20240208;212107;7315.500000000;8;9568775312;B
20240208;212107;7315.500000000;28;9568775313;B
20240208;212107;7316.000000000;20;9568775314;B
20240208;212107;7316.500000000;20;9568775315;B
20240208;212107;7317.500000000;10;9568775316;B
20240208;212107;7318.000000000;20;9568775317;B
20240208;212107;7318.500000000;1;9568775318;B
20240208;212110;7314.000000000;1;9568775352;S
20240208;212110;7314.000000000;1;9568775353;B
20240208;212110;7313.500000000;1;9568775366;S
20240208;212138;7312.000000000;4;9568775802;S
20240208;212138;7313.500000000;10;9568775815;B
20240208;212149;7312.000000000;1;9568776058;S
20240208;212253;7312.500000000;1;9568778330;S
20240208;212253;7312.500000000;2;9568778331;S
20240208;212253;7312.000000000;24;9568778332;S
20240208;212253;7312.000000000;8;9568778333;S
20240208;212308;7310.500000000;1;9568778713;S
20240208;212308;7310.500000000;5;9568778714;S
20240208;212308;7310.000000000;7;9568778715;S
20240208;212308;7310.000000000;10;9568778716;S
20240208;212308;7310.000000000;1;9568778717;S
20240208;212308;7309.000000000;10;9568778718;S
20240208;212308;7308.500000000;16;9568778719;S
20240208;212316;7310.000000000;1;9568778856;B
20240208;212323;7310.000000000;9;9568778985;B
20240208;212323;7310.000000000;7;9568778986;B
20240208;212323;7311.000000000;21;9568778987;B
20240208;212323;7311.500000000;5;9568778988;B
20240208;212323;7311.500000000;5;9568778989;B
20240208;212323;7312.000000000;3;9568778990;B
20240208;212329;7308.500000000;2;9568779074;S
20240208;212339;7308.000000000;1;9568779300;S
20240208;212339;7311.500000000;1;9568779307;B
20240208;212342;7308.500000000;4;9568779346;S
20240208;212402;7308.500000000;1;9568779974;S
20240208;212412;7308.500000000;6;9568780164;S
20240208;212412;7307.500000000;4;9568780165;S
20240208;212441;7308.000000000;7;9568780763;S
20240208;212442;7310.000000000;1;9568780778;B
20240208;212456;7310.000000000;2;9568781073;B
20240208;212503;7310.000000000;1;9568781278;B
20240208;212504;7308.000000000;1;9568781288;S
20240208;212504;7308.000000000;1;9568781291;S
20240208;212505;7308.000000000;2;9568781307;B
20240208;212505;7310.000000000;2;9568781308;B
20240208;212505;7310.000000000;1;9568781309;B
20240208;212505;7310.500000000;1;9568781310;B
20240208;212521;7311.500000000;2;9568781898;B
20240208;212548;7311.500000000;1;9568782427;B
20240208;212601;7311.500000000;1;9568782650;B
20240208;212625;7311.000000000;8;9568783038;B
20240208;212625;7311.500000000;3;9568783039;B
20240208;212631;7311.000000000;8;9568783155;B
20240208;212631;7311.000000000;7;9568783156;S
20240208;212649;7310.000000000;1;9568783482;S
20240208;212649;7309.000000000;3;9568783483;S
20240208;212652;7308.000000000;28;9568783512;S
20240208;212652;7308.000000000;10;9568783513;S
20240208;212652;7307.500000000;18;9568783514;S
20240208;212653;7311.000000000;1;9568783521;B
20240208;212702;7311.000000000;2;9568783658;B
20240208;212730;7308.000000000;1;9568784033;S
20240208;212730;7308.000000000;10;9568784034;S
20240208;212745;7306.000000000;5;9568784293;S
20240208;212752;7306.000000000;1;9568784392;S
20240208;212823;7306.000000000;5;9568785305;S
20240208;212823;7306.000000000;2;9568785306;S
20240208;212823;7305.500000000;20;9568785311;S
20240208;212942;7307.000000000;8;9568786828;B
20240208;212942;7307.000000000;1;9568786829;B
20240208;212942;7307.000000000;2;9568786830;B
20240208;212953;7307.000000000;8;9568787089;B
20240208;212953;7307.000000000;5;9568787090;B
20240208;212956;7307.500000000;8;9568787120;B
20240208;212956;7308.000000000;4;9568787121;B
20240208;213005;7308.000000000;15;9568787256;B
20240208;213015;7308.000000000;1;9568787435;B
20240208;213041;7307.000000000;1;9568788093;S
20240208;213044;7308.000000000;1;9568788132;B
20240208;213117;7307.000000000;9;9568788816;S
20240208;213117;7307.000000000;1;9568788817;S
20240208;213123;7306.500000000;8;9568788949;S
20240208;213126;7306.500000000;1;9568789028;B
20240208;213132;7306.000000000;5;9568789210;S
20240208;213136;7306.000000000;4;9568789343;S
20240208;213136;7305.500000000;7;9568789344;S
20240208;213155;7305.500000000;2;9568790042;S
20240208;213155;7305.500000000;14;9568790046;S
20240208;213234;7305.500000000;1;9568790776;S
20240208;213238;7306.000000000;5;9568790833;B
20240208;213257;7305.500000000;6;9568791088;S
20240208;213257;7305.500000000;1;9568791089;S
20240208;213259;7305.500000000;1;9568791154;B
20240208;213302;7305.000000000;2;9568791219;S
20240208;213303;7305.000000000;6;9568791234;S
20240208;213303;7305.000000000;1;9568791235;S
20240208;213303;7305.000000000;1;9568791236;S
20240208;213303;7305.000000000;1;9568791237;S
20240208;213303;7305.000000000;7;9568791238;S
20240208;213303;7305.000000000;7;9568791239;S
20240208;213303;7305.000000000;25;9568791240;S
20240208;213303;7304.500000000;3;9568791241;S
20240208;213312;7305.000000000;6;9568791607;B
20240208;213343;7305.000000000;4;9568792283;S
20240208;213343;7305.000000000;1;9568792284;S
20240208;213348;7305.500000000;5;9568792329;B
20240208;213406;7305.000000000;1;9568792876;S
20240208;213420;7305.000000000;3;9568794491;S
20240208;213420;7305.000000000;1;9568794514;S
20240208;213421;7305.500000000;1;9568794692;B
20240208;213422;7305.000000000;1;9568794956;S
20240208;213423;7305.000000000;74;9568795034;S
20240208;213423;7305.500000000;2;9568795041;B
20240208;213424;7305.500000000;1;9568795204;B
20240208;213424;7305.500000000;1;9568795205;B
20240208;213425;7305.000000000;1;9568795260;S
20240208;213434;7305.500000000;5;9568795641;B
20240208;213440;7305.000000000;50;9568795915;S
20240208;213440;7305.000000000;1;9568795916;S
20240208;213442;7305.000000000;5;9568796006;S
20240208;213507;7305.000000000;10;9568796813;S
20240208;213521;7305.000000000;1;9568797177;S
20240208;213546;7305.500000000;1;9568797677;B
20240208;213552;7305.500000000;2;9568797901;B
20240208;213554;7305.500000000;71;9568797991;B
20240208;213554;7305.500000000;79;9568797992;B
20240208;213605;7305.000000000;1;9568798196;S
20240208;213605;7305.000000000;5;9568798197;S
20240208;213605;7305.000000000;1;9568798198;S
20240208;213605;7304.500000000;7;9568798199;S
20240208;213623;7305.000000000;1;9568798588;B
20240208;213629;7304.500000000;2;9568798653;S
20240208;213629;7304.500000000;1;9568798654;S
20240208;213629;7304.500000000;1;9568798655;S
20240208;213629;7304.500000000;9;9568798656;S
20240208;213629;7304.500000000;5;9568798657;S
20240208;213629;7304.500000000;32;9568798658;S
20240208;213635;7305.000000000;1;9568798745;B
20240208;213646;7305.000000000;6;9568798903;B
20240208;213646;7305.000000000;10;9568798904;B
20240208;213648;7305.000000000;1;9568798945;B
20240208;213658;7305.000000000;5;9568799072;B
20240208;213658;7305.000000000;10;9568799073;B
20240208;213732;7305.000000000;50;9568799622;B
20240208;213732;7304.500000000;5;9568799624;S
20240208;213735;7305.000000000;6;9568799675;B
20240208;213736;7305.000000000;1;9568799681;B
20240208;213738;7304.500000000;50;9568799708;S
20240208;213742;7304.500000000;1;9568799764;S
20240208;213744;7304.500000000;12;9568799796;S
20240208;213803;7305.000000000;50;9568799980;B
20240208;213807;7305.000000000;2;9568800036;B
20240208;213807;7305.000000000;31;9568800038;B
20240208;213807;7305.000000000;7;9568800039;B
20240208;213807;7305.000000000;1;9568800040;B
20240208;213807;7305.500000000;29;9568800041;B
20240208;213807;7305.500000000;20;9568800042;B
20240208;213807;7305.500000000;2;9568800043;B
20240208;213807;7305.500000000;8;9568800044;B
20240208;213810;7305.500000000;2;9568800082;S
20240208;213810;7305.000000000;7;9568800083;S
20240208;213810;7305.000000000;21;9568800084;S
20240208;213810;7305.000000000;5;9568800085;S
20240208;213810;7304.500000000;1;9568800086;S
20240208;213810;7304.500000000;2;9568800087;S
20240208;213810;7304.500000000;25;9568800088;S
20240208;213811;7305.000000000;4;9568800103;S
20240208;213813;7306.000000000;1;9568800134;B
20240208;213813;7305.500000000;1;9568800138;S
20240208;213814;7305.000000000;3;9568800155;S
20240208;213814;7304.500000000;25;9568800156;S
20240208;213814;7304.500000000;4;9568800157;S
20240208;213814;7304.500000000;1;9568800158;S
20240208;213814;7304.500000000;1;9568800159;S
20240208;213814;7304.500000000;21;9568800160;S
20240208;213814;7304.000000000;335;9568800161;S
20240208;213819;7306.000000000;2;9568800248;B
20240208;213819;7306.000000000;11;9568800249;B
20240208;213821;7304.500000000;6;9568800276;S
20240208;213857;7305.000000000;1;9568800840;S
20240208;213857;7305.000000000;8;9568800841;S
20240208;213857;7304.500000000;1;9568800842;S
20240208;213857;7304.500000000;1;9568800843;S
20240208;213857;7304.500000000;10;9568800844;S
20240208;213857;7304.500000000;21;9568800845;S
20240208;213857;7304.500000000;100;9568800846;S
20240208;213857;7304.000000000;495;9568800847;S
20240208;213916;7304.000000000;2;9568801111;S
20240208;213916;7304.000000000;10;9568801117;S
20240208;213920;7304.500000000;1;9568801154;B
20240208;213936;7304.500000000;2;9568801415;B
20240208;213939;7305.000000000;1;9568801446;S
20240208;213958;7305.000000000;1;9568801675;S
20240208;214016;7305.500000000;1;9568802060;B
20240208;214016;7305.500000000;3;9568802061;B
20240208;214017;7306.000000000;8;9568802065;B
20240208;214017;7306.500000000;2;9568802066;B
20240208;214038;7307.000000000;2;9568802442;S
20240208;214043;7308.000000000;2;9568802499;B
20240208;214043;7308.000000000;1;9568802500;B
20240208;214115;7308.000000000;1;9568802922;S
20240208;214125;7308.000000000;8;9568803021;S
20240208;214125;7308.000000000;1;9568803022;S
20240208;214125;7307.500000000;2;9568803023;S
20240208;214128;7307.000000000;11;9568803068;B
20240208;214132;7307.000000000;2;9568803122;B
20240208;214132;7307.500000000;4;9568803123;B
20240208;214147;7306.500000000;4;9568803452;S
20240208;214203;7307.000000000;1;9568803716;B
20240208;214203;7307.500000000;9;9568803717;B
20240208;214211;7306.500000000;4;9568803894;S
20240208;214211;7306.500000000;6;9568803895;S
20240208;214217;7306.500000000;1;9568803970;S
20240208;214223;7307.500000000;8;9568804049;B
20240208;214312;7307.000000000;1;9568804755;S
20240208;214317;7307.500000000;6;9568804942;B
20240208;214330;7307.500000000;1;9568805187;B
20240208;214341;7307.500000000;1;9568805391;B
20240208;214342;7307.500000000;1;9568805395;B
20240208;214403;7307.500000000;3;9568805663;B
20240208;214406;7307.500000000;16;9568805805;B
20240208;214406;7307.500000000;8;9568805806;B
20240208;214406;7309.000000000;30;9568805807;B
20240208;214406;7309.500000000;10;9568805808;B
20240208;214406;7309.500000000;10;9568805809;B
20240208;214406;7310.000000000;2;9568805810;B
20240208;214406;7310.500000000;28;9568805811;B
20240208;214406;7311.000000000;56;9568805812;B
20240208;214435;7310.000000000;1;9568806215;B
20240208;214448;7310.000000000;9;9568806513;B
20240208;214512;7311.000000000;1;9568806790;B
20240208;214531;7308.000000000;3;9568807013;S
20240208;214533;7310.000000000;1;9568807038;B
20240208;214533;7310.500000000;21;9568807039;B
20240208;214533;7311.000000000;3;9568807040;B
20240208;214533;7311.000000000;8;9568807041;B
20240208;214535;7311.500000000;50;9568807062;B
20240208;214541;7311.500000000;5;9568807127;B
20240208;214555;7313.500000000;1;9568807302;B
20240208;214624;7313.500000000;2;9568807630;B
20240208;214624;7314.000000000;8;9568807631;B
20240208;214625;7314.000000000;5;9568807648;S
20240208;214626;7314.000000000;1;9568807655;S
20240208;214628;7314.000000000;4;9568807786;S
20240208;214644;7314.500000000;10;9568808045;B
20240208;214644;7314.500000000;1;9568808046;S
20240208;214646;7314.500000000;1;9568808060;S
20240208;214653;7315.000000000;1;9568808162;B
20240208;214653;7315.000000000;8;9568808163;B
20240208;214653;7315.000000000;4;9568808164;B
20240208;214654;7315.000000000;12;9568808168;S
20240208;214656;7315.000000000;3;9568808182;S
20240208;214658;7315.000000000;1;9568808206;S
20240208;214659;7315.500000000;5;9568808212;B
20240208;214704;7315.500000000;1;9568808260;B
20240208;214704;7315.000000000;1;9568808268;S
20240208;214708;7315.500000000;1;9568808300;B
20240208;214710;7315.500000000;5;9568808312;B
20240208;214716;7315.000000000;6;9568808363;S
20240208;214716;7315.000000000;5;9568808364;S
20240208;214716;7314.500000000;1;9568808372;S
20240208;214716;7314.500000000;1;9568808373;S
20240208;214721;7315.000000000;1;9568808422;B
20240208;214739;7315.000000000;7;9568808652;B
20240208;214739;7315.000000000;1;9568808653;B
20240208;214741;7315.000000000;2;9568808689;S
20240208;214741;7314.500000000;1;9568808690;S
20240208;214743;7315.000000000;8;9568808701;B
20240208;214759;7315.500000000;5;9568808918;B
20240208;214801;7315.500000000;5;9568808946;B
20240208;214831;7316.000000000;5;9568809386;B
20240208;214831;7316.000000000;2;9568809387;B
20240208;214834;7316.500000000;1;9568809396;S
20240208;214840;7317.000000000;143;9568809463;B
20240208;214840;7317.000000000;21;9568809464;B
20240208;214840;7317.500000000;4;9568809465;B
20240208;214840;7318.000000000;20;9568809466;B
20240208;214840;7319.000000000;3;9568809467;B
20240208;214840;7319.000000000;10;9568809468;B
20240208;214840;7320.000000000;20;9568809469;B
20240208;214840;7320.000000000;6;9568809470;B
20240208;214846;7319.000000000;2;9568809613;B
20240208;214901;7316.500000000;5;9568809792;S
20240208;214901;7319.000000000;1;9568809807;B
20240208;214925;7317.500000000;8;9568810086;B
20240208;214925;7318.500000000;1;9568810087;B
20240208;214925;7318.500000000;1;9568810088;B
20240208;214925;7318.500000000;11;9568810089;B
20240208;215044;7317.500000000;1;9568811204;B
20240208;215055;7317.500000000;1;9568811451;B
20240208;215058;7317.500000000;5;9568811499;B
20240208;215123;7316.500000000;5;9568811793;S
20240208;215123;7316.500000000;1;9568811794;S
20240208;215123;7316.500000000;2;9568811795;S
20240208;215140;7316.000000000;5;9568811999;S
20240208;215148;7315.500000000;1;9568812139;S
20240208;215214;7315.500000000;1;9568812513;S
20240208;215216;7316.000000000;1;9568812567;B
20240208;215222;7315.500000000;1;9568812667;S
20240208;215227;7315.500000000;2;9568812782;S
20240208;215227;7315.500000000;43;9568812783;S
20240208;215229;7315.500000000;17;9568812822;S
20240208;215229;7315.000000000;5;9568812823;S
20240208;215229;7315.000000000;6;9568812824;S
20240208;215229;7314.500000000;3;9568812825;S
20240208;215229;7314.500000000;9;9568812826;S
20240208;215229;7314.500000000;31;9568812827;S
20240208;215230;7314.000000000;9;9568812830;S
20240208;215230;7314.000000000;1;9568812831;S
20240208;215230;7314.000000000;10;9568812832;S
20240208;215230;7314.000000000;29;9568812833;S
20240208;215237;7314.000000000;6;9568812915;S
20240208;215240;7314.000000000;1;9568812952;S
20240208;215242;7314.000000000;1;9568813004;S
20240208;215245;7314.500000000;1;9568813038;B
20240208;215303;7314.000000000;2;9568813325;S
20240208;215321;7314.000000000;1;9568813717;S
20240208;215324;7314.000000000;10;9568813762;S
20240208;215324;7312.000000000;1;9568813765;B
20240208;215338;7312.000000000;1;9568813929;B
20240208;215434;7311.000000000;67;9568814517;S
20240208;215434;7311.000000000;6;9568814518;S
20240208;215434;7309.000000000;5;9568814519;S
20240208;215434;7309.000000000;4;9568814520;S
20240208;215435;7307.500000000;1;9568814526;B
20240208;215435;7307.500000000;3;9568814529;S
20240208;215435;7307.500000000;13;9568814530;S
20240208;215518;7311.500000000;1;9568815592;B
20240208;215532;7312.000000000;1;9568815896;B
20240208;215534;7309.000000000;1;9568815922;S
20240208;215657;7307.500000000;1;9568817135;S
20240208;215657;7307.500000000;10;9568817136;S
20240208;215657;7307.500000000;10;9568817137;S
20240208;215657;7307.000000000;6;9568817138;S
20240208;215657;7307.000000000;1;9568817139;S
20240208;215657;7307.000000000;1;9568817140;S
20240208;215657;7307.000000000;1;9568817141;S
20240208;215657;7307.000000000;3;9568817142;S
20240208;215658;7307.000000000;7;9568817178;S
20240208;215658;7307.000000000;2;9568817179;S
20240208;215709;7307.000000000;5;9568817496;S
20240208;215719;7307.000000000;3;9568817757;S
20240208;215719;7307.000000000;4;9568817758;S
20240208;215719;7306.500000000;1;9568817759;S
20240208;215719;7306.500000000;13;9568817760;S
20240208;215719;7306.000000000;1;9568817761;S
20240208;215719;7305.500000000;15;9568817762;S
20240208;215719;7305.000000000;4;9568817763;S
20240208;215719;7305.000000000;20;9568817764;S
20240208;215719;7305.000000000;14;9568817765;S
20240208;215719;7304.500000000;2;9568817766;S
20240208;215719;7304.500000000;5;9568817767;S
20240208;215719;7304.500000000;18;9568817768;S
20240208;215722;7304.500000000;5;9568817811;S
20240208;215732;7306.500000000;13;9568817999;S
20240208;215732;7306.000000000;3;9568818000;S
20240208;215732;7305.000000000;7;9568818001;S
20240208;215732;7304.500000000;17;9568818002;S
20240208;215732;7304.500000000;10;9568818003;S
20240208;215732;7304.000000000;98;9568818004;S
20240208;215747;7304.500000000;7;9568818248;S
20240208;215747;7304.500000000;7;9568818249;S
20240208;215747;7304.000000000;32;9568818250;S
20240208;215747;7304.000000000;4;9568818251;S
20240208;215747;7304.000000000;1;9568818252;S
20240208;215747;7304.000000000;4;9568818253;S
20240208;215747;7304.000000000;1;9568818254;S
20240208;215753;7304.000000000;3;9568818377;B
20240208;215801;7303.500000000;5;9568818530;S
20240208;215801;7303.500000000;5;9568818531;S
20240208;215801;7303.500000000;40;9568818532;S
20240208;215802;7303.500000000;6;9568818565;S
20240208;215810;7304.000000000;1;9568818659;B
20240208;215816;7303.500000000;4;9568818778;S
20240208;215816;7303.000000000;11;9568818779;S
20240208;215818;7304.000000000;1;9568818845;B
20240208;215820;7303.500000000;7;9568818882;S
20240208;215820;7303.000000000;19;9568818883;S
20240208;215820;7303.000000000;4;9568818884;S
20240208;215824;7304.000000000;50;9568818952;S
20240208;215824;7303.500000000;1;9568818953;S
20240208;215824;7303.000000000;6;9568818954;S
20240208;215824;7303.000000000;1;9568818955;S
20240208;215824;7303.000000000;5;9568818956;S
20240208;215824;7303.000000000;1;9568818957;S
20240208;215824;7303.000000000;10;9568818958;S
20240208;215824;7303.000000000;20;9568818959;S
20240208;215824;7302.500000000;115;9568818960;S
20240208;215824;7302.500000000;1;9568818961;S
20240208;215824;7302.500000000;5;9568818962;S
20240208;215824;7302.500000000;20;9568818963;S
20240208;215824;7302.000000000;10;9568818964;S
20240208;215824;7302.000000000;5;9568818965;S
20240208;215824;7302.000000000;1;9568818966;S
20240208;215824;7302.000000000;40;9568818967;S
20240208;215824;7302.000000000;10;9568818968;S
20240208;215824;7302.000000000;6;9568818969;S
20240208;215824;7301.500000000;5;9568818970;S
20240208;215824;7301.500000000;1;9568818971;S
20240208;215824;7301.500000000;1;9568818972;S
20240208;215824;7301.500000000;1;9568818973;S
20240208;215824;7301.500000000;5;9568818974;S
20240208;215824;7301.500000000;30;9568818975;S
20240208;215824;7301.500000000;20;9568818976;S
20240208;215824;7301.000000000;2;9568818977;S
20240208;215824;7301.000000000;1;9568818978;S
20240208;215824;7301.000000000;5;9568818979;S
20240208;215824;7301.000000000;1;9568818980;S
20240208;215824;7301.000000000;5;9568818981;S
20240208;215824;7301.000000000;1;9568818982;S
20240208;215824;7301.000000000;6;9568818983;S
20240208;215824;7301.000000000;10;9568818984;S
20240208;215824;7301.000000000;5;9568818985;S
20240208;215824;7301.000000000;273;9568818986;S
20240208;215824;7301.000000000;27;9568818987;S
20240208;215824;7300.500000000;3;9568818988;S
20240208;215824;7300.500000000;1;9568818989;S
20240208;215824;7300.500000000;3;9568818990;S
20240208;215824;7300.500000000;5;9568818991;S
20240208;215824;7300.500000000;40;9568818992;S
20240208;215824;7300.500000000;1;9568818993;S
20240208;215824;7300.500000000;1;9568818994;S
20240208;215824;7300.500000000;60;9568818995;S
20240208;215824;7300.500000000;3;9568818996;S
20240208;215824;7300.500000000;10;9568818997;S
20240208;215824;7300.500000000;20;9568818998;S
20240208;215824;7300.000000000;1;9568818999;S
20240208;215824;7300.000000000;1;9568819000;S
20240208;215824;7300.000000000;10;9568819001;S
20240208;215824;7300.000000000;1;9568819002;S
20240208;215824;7300.000000000;3;9568819003;S
20240208;215824;7300.000000000;1;9568819004;S
20240208;215824;7300.000000000;130;9568819005;S
20240208;215824;7300.500000000;4;9568819021;S
20240208;215825;7301.000000000;6;9568819028;S
20240208;215825;7300.500000000;27;9568819029;S
20240208;215825;7300.500000000;6;9568819030;S
20240208;215825;7300.000000000;170;9568819031;S
20240208;215825;7300.000000000;14;9568819032;S
20240208;215825;7300.000000000;1;9568819033;S
20240208;215825;7300.000000000;1;9568819034;S
20240208;215825;7300.000000000;5;9568819035;S
20240208;215825;7300.000000000;151;9568819036;S
20240208;215825;7300.000000000;2;9568819037;S
20240208;215825;7300.000000000;1;9568819038;S
20240208;215825;7300.000000000;1;9568819039;S
20240208;215825;7300.000000000;1;9568819040;S
20240208;215825;7300.000000000;2;9568819041;S
20240208;215825;7300.000000000;62;9568819042;S
20240208;215825;7300.000000000;1;9568819043;S
20240208;215825;7300.000000000;19;9568819052;S
20240208;215825;7300.000000000;1;9568819054;S
20240208;215825;7300.000000000;2;9568819055;S
20240208;215842;7303.000000000;1;9568819327;S
20240208;215910;7304.000000000;1;9568819629;B
20240208;215914;7304.500000000;1;9568819666;S
20240208;215914;7304.500000000;7;9568819667;S
20240208;215938;7306.000000000;1;9568820429;B
20240208;215953;7305.000000000;1;9568820584;S
20240208;220026;7305.000000000;1;9568821526;S
20240208;220026;7305.000000000;2;9568821527;S
20240208;220027;7305.000000000;1;9568821537;S
20240208;220027;7304.000000000;12;9568821541;S
20240208;220051;7305.000000000;4;9568821961;B
20240208;220051;7305.000000000;1;9568821962;B
20240208;220051;7305.000000000;1;9568821963;B
20240208;220122;7305.500000000;7;9568822450;B
20240208;220122;7306.000000000;3;9568822451;B
20240208;220124;7305.000000000;1;9568822463;S
20240208;220128;7305.500000000;1;9568822578;B
20240208;220150;7306.000000000;1;9568823004;B
20240208;220156;7305.000000000;3;9568823052;S
20240208;220156;7305.000000000;1;9568823053;S
20240208;220156;7304.500000000;21;9568823054;S
20240208;220202;7304.500000000;5;9568823176;B
20240208;220205;7304.500000000;27;9568823202;B
20240208;220226;7304.000000000;19;9568823553;S
20240208;220234;7304.000000000;1;9568823707;S
20240208;220242;7304.500000000;27;9568823801;B
20240208;220242;7304.500000000;7;9568823802;B
20240208;220300;7305.500000000;1;9568824048;S
20240208;220328;7305.500000000;3;9568824499;S
20240208;220408;7306.500000000;1;9568825038;B
20240208;220434;7307.500000000;2;9568825449;B
20240208;220535;7306.500000000;1;9568826486;S
20240208;220539;7306.500000000;2;9568826581;B
20240208;220545;7306.000000000;1;9568826808;S
20240208;220545;7306.000000000;2;9568826809;S
20240208;220556;7305.500000000;1;9568826954;S
20240208;220611;7305.500000000;21;9568827286;S
20240208;220611;7305.500000000;6;9568827287;S
20240208;220612;7305.500000000;5;9568827301;S
20240208;220624;7306.000000000;6;9568827485;B
20240208;220624;7306.500000000;7;9568827486;B
20240208;220624;7307.000000000;21;9568827487;B
20240208;220624;7307.500000000;20;9568827488;B
20240208;220624;7307.500000000;1;9568827489;S
20240208;220632;7307.500000000;1;9568827644;S
20240208;220633;7307.500000000;12;9568827657;S
20240208;220634;7307.500000000;3;9568827686;S
20240208;220645;7307.500000000;1;9568827831;S
20240208;220651;7307.500000000;6;9568827888;S
20240208;220652;7308.000000000;1;9568827921;B
20240208;220652;7308.000000000;9;9568827922;B
20240208;220658;7307.500000000;1;9568827974;S
20240208;220659;7308.000000000;1;9568827985;B
20240208;220659;7308.000000000;10;9568827986;B
20240208;220704;7308.000000000;5;9568828051;B
20240208;220705;7308.000000000;5;9568828059;B
20240208;220705;7308.000000000;7;9568828060;B
20240208;220711;7307.500000000;1;9568828119;S
20240208;220712;7307.500000000;1;9568828142;S
20240208;220713;7307.500000000;10;9568828145;S
20240208;220718;7308.000000000;5;9568828205;B
20240208;220728;7307.500000000;9;9568828323;S
20240208;220728;7307.500000000;1;9568828324;S
20240208;220733;7307.500000000;1;9568828392;S
20240208;220733;7308.000000000;3;9568828393;B
20240208;220739;7308.000000000;2;9568828468;B
20240208;220743;7308.000000000;1;9568828516;B
20240208;220746;7308.000000000;1;9568828566;B
20240208;220749;7307.500000000;1;9568828595;S
20240208;220758;7305.500000000;1;9568828692;B
20240208;220758;7307.000000000;1;9568828693;B
20240208;220823;7305.000000000;2;9568828986;S
20240208;220823;7305.000000000;1;9568828987;S
20240208;220823;7304.000000000;3;9568828988;S
20240208;220845;7305.000000000;2;9568829399;S
20240208;220845;7304.500000000;6;9568829400;S
20240208;220845;7304.000000000;65;9568829401;S
20240208;220845;7304.000000000;1;9568829402;S
20240208;220845;7302.000000000;10;9568829403;S
20240208;220845;7301.500000000;2;9568829404;S
20240208;220845;7301.000000000;30;9568829405;S
20240208;220845;7301.000000000;1;9568829406;S
20240208;220845;7301.000000000;21;9568829407;S
20240208;220845;7300.500000000;2;9568829408;S
20240208;220845;7300.500000000;1;9568829409;S
20240208;220845;7300.500000000;6;9568829410;S
20240208;220845;7300.500000000;20;9568829411;S
20240208;220845;7300.500000000;10;9568829412;S
20240208;220845;7300.500000000;50;9568829413;S
20240208;220845;7300.500000000;18;9568829414;S
20240208;220845;7300.000000000;55;9568829415;S
20240208;220915;7304.500000000;7;9568829773;B
20240208;220915;7305.000000000;28;9568829774;B
20240208;220915;7305.000000000;21;9568829775;B
20240208;220922;7306.500000000;1;9568829832;B
20240208;220931;7305.000000000;94;9568829943;S
20240208;221011;7304.000000000;1;9568830555;B
20240208;221011;7305.000000000;33;9568830556;B
20240208;221034;7301.500000000;1;9568830807;S
20240208;221052;7301.500000000;3;9568830981;S
20240208;221052;7301.500000000;2;9568830982;S
20240208;221052;7301.000000000;1;9568830983;S
20240208;221052;7301.000000000;3;9568830984;S
20240208;221052;7300.500000000;3;9568830985;S
20240208;221052;7300.500000000;8;9568830986;S
20240208;221104;7300.500000000;13;9568831093;S
20240208;221104;7300.500000000;1;9568831094;S
20240208;221104;7300.500000000;2;9568831112;S
20240208;221107;7300.500000000;13;9568831158;S
20240208;221111;7302.000000000;1;9568831188;S
20240208;221111;7300.500000000;3;9568831189;S
20240208;221114;7300.500000000;1;9568831225;S
20240208;221118;7300.500000000;1;9568831294;S
20240208;221124;7300.500000000;1;9568831347;S
20240208;221124;7300.500000000;21;9568831348;S
20240208;221124;7300.500000000;5;9568831349;S
20240208;221124;7300.500000000;10;9568831350;S
20240208;221124;7300.500000000;5;9568831351;S
20240208;221124;7300.000000000;3;9568831352;S
20240208;221124;7303.500000000;1;9568831362;B
20240208;221136;7300.500000000;20;9568831535;S
20240208;221146;7303.000000000;2;9568831730;B
20240208;221147;7300.500000000;1;9568831738;S
20240208;221152;7304.000000000;5;9568831786;B
20240208;221209;7304.000000000;9;9568831999;B
20240208;221209;7304.500000000;21;9568832000;B
20240208;221209;7305.000000000;83;9568832001;B
20240208;221220;7303.000000000;1;9568832101;S
20240208;221220;7302.500000000;1;9568832102;S
20240208;221246;7303.500000000;1;9568832428;S
20240208;221247;7303.500000000;1;9568832450;S
20240208;221257;7303.000000000;2;9568832608;S
20240208;221350;7303.000000000;1;9568833153;S
20240208;221414;7303.000000000;7;9568833404;S
20240208;221414;7302.500000000;1;9568833405;S
20240208;221427;7303.000000000;1;9568833509;S
20240208;221427;7304.000000000;6;9568833511;B
20240208;221427;7304.500000000;1;9568833512;B
20240208;221427;7304.500000000;1;9568833513;B
20240208;221427;7305.000000000;2;9568833514;B
20240208;221456;7304.500000000;1;9568833940;S
20240208;221512;7304.000000000;1;9568834112;S
20240208;221513;7304.000000000;2;9568834133;S
20240208;221513;7304.000000000;4;9568834134;S
20240208;221513;7304.000000000;4;9568834135;S
20240208;221536;7304.000000000;6;9568834400;S
20240208;221548;7304.000000000;1;9568834694;B
20240208;221557;7303.500000000;1;9568834769;S
20240208;221602;7304.000000000;2;9568835029;B
20240208;221612;7304.000000000;3;9568835137;B
20240208;221634;7303.500000000;1;9568835383;S
20240208;221637;7304.000000000;17;9568835410;B
20240208;221637;7304.000000000;21;9568835411;B
20240208;221637;7304.000000000;12;9568835412;B
20240208;221654;7303.500000000;2;9568835560;S
20240208;221654;7303.500000000;2;9568835561;S
20240208;221657;7303.500000000;4;9568835603;B
20240208;221701;7303.000000000;2;9568835636;S
20240208;221701;7303.000000000;25;9568835637;S
20240208;221704;7302.500000000;2;9568835670;S
20240208;221704;7302.500000000;2;9568835674;S
20240208;221722;7302.500000000;50;9568835891;S
20240208;221745;7302.500000000;2;9568836114;S
20240208;221754;7302.500000000;27;9568836187;S
20240208;221756;7302.500000000;5;9568836206;S
20240208;221756;7302.500000000;11;9568836207;S
20240208;221756;7302.500000000;7;9568836208;S
20240208;221756;7302.000000000;11;9568836209;S
20240208;221756;7301.000000000;1;9568836210;S
20240208;221806;7301.000000000;2;9568836294;S
20240208;221806;7300.500000000;1;9568836295;S
20240208;221815;7300.500000000;4;9568836402;S
20240208;221815;7300.000000000;57;9568836403;S
20240208;221815;7300.000000000;11;9568836404;S
20240208;221831;7300.000000000;89;9568836624;S
20240208;221834;7300.000000000;87;9568836639;S
20240208;221834;7300.000000000;6;9568836640;S
20240208;221834;7300.000000000;5;9568836641;S
20240208;221834;7300.000000000;14;9568836642;S
20240208;221834;7300.000000000;3;9568836643;S
20240208;221834;7300.000000000;1;9568836644;S
20240208;221834;7300.000000000;1;9568836645;S
20240208;221834;7300.000000000;3;9568836646;S
20240208;221834;7300.000000000;2;9568836647;S
20240208;221834;7300.000000000;5;9568836648;S
20240208;221834;7300.000000000;5;9568836649;S
20240208;221834;7300.000000000;1;9568836650;S
20240208;221834;7300.000000000;1;9568836651;S
20240208;221834;7300.000000000;1;9568836652;S
20240208;221834;7300.000000000;2;9568836653;S
20240208;221834;7300.000000000;6;9568836654;S
20240208;221834;7300.000000000;13;9568836655;S
20240208;221834;7300.000000000;20;9568836656;S
20240208;221834;7300.000000000;1;9568836657;S
20240208;221834;7300.000000000;1;9568836658;S
20240208;221834;7300.000000000;1;9568836659;S
20240208;221834;7300.000000000;2;9568836660;S
20240208;221834;7300.000000000;10;9568836661;S
20240208;221834;7300.000000000;1;9568836662;S
20240208;221834;7300.000000000;1;9568836663;S
20240208;221834;7300.000000000;2;9568836664;S
20240208;221834;7300.000000000;1;9568836665;S
20240208;221834;7299.500000000;5;9568836666;S
20240208;221834;7299.500000000;1;9568836667;S
20240208;221834;7299.500000000;14;9568836668;S
20240208;221834;7299.500000000;6;9568836673;S
20240208;221834;7299.000000000;1;9568836674;S
20240208;221835;7299.500000000;4;9568836682;B
20240208;221835;7299.500000000;6;9568836683;B
20240208;221835;7299.000000000;1;9568836689;S
20240208;221835;7299.000000000;1;9568836690;S
20240208;221835;7299.000000000;1;9568836691;S
20240208;221835;7299.000000000;5;9568836692;S
20240208;221835;7299.000000000;7;9568836693;S
20240208;221838;7299.000000000;33;9568836720;S
20240208;221838;7298.500000000;7;9568836721;S
20240208;221838;7298.500000000;1;9568836722;S
20240208;221838;7298.500000000;5;9568836723;S
20240208;221838;7298.500000000;5;9568836724;S
20240208;221838;7298.000000000;5;9568836725;S
20240208;221838;7298.000000000;1;9568836726;S
20240208;221838;7298.000000000;1;9568836727;S
20240208;221838;7298.000000000;1;9568836728;S
20240208;221838;7298.000000000;1;9568836729;S
20240208;221838;7298.000000000;5;9568836730;S
20240208;221838;7298.000000000;1;9568836731;S
20240208;221838;7298.000000000;2;9568836732;S
20240208;221838;7298.000000000;7;9568836733;S
20240208;221838;7297.500000000;2;9568836734;S
20240208;221838;7297.500000000;2;9568836735;S
20240208;221838;7297.500000000;1;9568836736;S
20240208;221839;7298.000000000;1;9568836744;S
20240208;221839;7297.500000000;10;9568836745;S
20240208;221839;7297.500000000;5;9568836746;S
20240208;221839;7297.000000000;3;9568836747;S
20240208;221839;7297.000000000;1;9568836751;S
20240208;221839;7298.000000000;1;9568836752;B
20240208;221840;7297.000000000;1;9568836759;S
20240208;221840;7297.000000000;5;9568836760;S
20240208;221840;7296.500000000;5;9568836762;S
20240208;221840;7296.500000000;5;9568836763;S
20240208;221840;7296.500000000;10;9568836764;S
20240208;221840;7296.500000000;2;9568836765;S
20240208;221840;7296.500000000;5;9568836766;S
20240208;221840;7296.000000000;3;9568836767;S
20240208;221840;7296.000000000;3;9568836768;S
20240208;221840;7296.000000000;1;9568836769;S
20240208;221840;7296.000000000;1;9568836770;S
20240208;221840;7296.000000000;4;9568836771;S
20240208;221840;7296.000000000;3;9568836772;S
20240208;221840;7296.000000000;1;9568836773;S
20240208;221840;7296.000000000;7;9568836774;S
20240208;221840;7296.000000000;7;9568836775;S
20240208;221840;7295.500000000;2;9568836776;S
20240208;221841;7295.500000000;3;9568836783;S
20240208;221841;7295.500000000;3;9568836784;S
20240208;221841;7295.500000000;5;9568836785;S
20240208;221841;7295.500000000;5;9568836786;S
20240208;221841;7295.000000000;5;9568836787;S
20240208;221841;7295.000000000;1;9568836788;S
20240208;221841;7295.000000000;5;9568836789;S
20240208;221841;7295.000000000;5;9568836790;S
20240208;221841;7295.000000000;5;9568836791;S
20240208;221841;7295.000000000;1;9568836792;S
20240208;221841;7295.000000000;1;9568836793;S
20240208;221841;7295.000000000;20;9568836794;S
20240208;221841;7295.000000000;9;9568836795;S
20240208;221841;7295.000000000;15;9568836796;B
20240208;221841;7295.000000000;3;9568836797;B
20240208;221841;7296.500000000;4;9568836798;B
20240208;221841;7296.500000000;4;9568836799;B
20240208;221841;7296.500000000;3;9568836800;B
20240208;221841;7297.000000000;2;9568836801;B
20240208;221841;7298.000000000;12;9568836802;B
20240208;221841;7297.500000000;15;9568836803;B
20240208;221841;7297.000000000;3;9568836807;S
20240208;221841;7297.000000000;7;9568836808;S
20240208;221841;7297.000000000;2;9568836809;S
20240208;221841;7297.000000000;1;9568836810;S
20240208;221841;7297.000000000;10;9568836836;S
20240208;221841;7297.000000000;1;9568836837;S
20240208;221841;7297.000000000;1;9568836838;S
20240208;221841;7297.000000000;3;9568836839;S
20240208;221841;7297.000000000;3;9568836840;S
20240208;221842;7297.500000000;9;9568836844;B
20240208;221843;7295.500000000;19;9568836853;S
20240208;221846;7296.000000000;1;9568836875;S
20240208;221846;7296.000000000;7;9568836876;S
20240208;221846;7295.500000000;10;9568836877;S
20240208;221846;7295.000000000;1;9568836878;S
20240208;221846;7295.000000000;1;9568836879;S
20240208;221846;7294.500000000;5;9568836880;S
20240208;221846;7294.500000000;5;9568836881;S
20240208;221846;7294.500000000;5;9568836882;S
20240208;221846;7294.500000000;5;9568836894;S
20240208;221910;7295.000000000;1;9568837166;S
20240208;221910;7295.000000000;5;9568837167;S
20240208;221910;7294.500000000;7;9568837168;S
20240208;221912;7294.000000000;5;9568837183;S
20240208;221912;7294.000000000;8;9568837184;S
20240208;221912;7294.000000000;1;9568837185;S
20240208;221912;7293.500000000;5;9568837186;S
20240208;221912;7293.500000000;5;9568837187;S
20240208;221912;7293.000000000;5;9568837188;S
20240208;221912;7293.000000000;5;9568837189;S
20240208;221912;7293.000000000;10;9568837190;S
20240208;221912;7293.000000000;6;9568837191;S
20240208;221913;7293.000000000;1;9568837195;S
20240208;221915;7293.000000000;21;9568837230;S
20240208;221915;7293.000000000;4;9568837231;S
20240208;221915;7293.000000000;3;9568837232;S
20240208;221915;7293.000000000;21;9568837233;S
20240208;221915;7292.500000000;33;9568837234;S
20240208;221915;7292.500000000;5;9568837235;S
20240208;221915;7292.500000000;40;9568837236;S
20240208;221915;7292.500000000;10;9568837237;S
20240208;221915;7292.500000000;3;9568837238;S
20240208;221919;7292.500000000;24;9568837267;S
20240208;221919;7292.500000000;5;9568837268;S
20240208;221919;7292.500000000;15;9568837269;B
20240208;221919;7292.500000000;6;9568837270;B
20240208;221921;7292.500000000;9;9568837294;S
20240208;221921;7292.500000000;5;9568837295;S
20240208;221921;7292.500000000;15;9568837296;S
20240208;221921;7292.000000000;1;9568837297;S
20240208;221922;7293.500000000;1;9568837299;B
20240208;221922;7292.000000000;5;9568837303;S
20240208;221922;7292.000000000;20;9568837304;S
20240208;221922;7292.000000000;5;9568837305;S
20240208;221922;7292.000000000;4;9568837306;S
20240208;221922;7292.000000000;1;9568837307;S
20240208;221922;7291.500000000;5;9568837308;S
20240208;221922;7291.500000000;1;9568837309;S
20240208;221922;7291.500000000;5;9568837310;S
20240208;221922;7291.500000000;5;9568837311;S
20240208;221922;7291.000000000;10;9568837312;S
20240208;221922;7291.000000000;5;9568837313;S
20240208;221922;7291.000000000;10;9568837314;S
20240208;221922;7291.000000000;1;9568837315;S
20240208;221922;7291.000000000;2;9568837316;S
20240208;221922;7290.500000000;2;9568837317;S
20240208;221922;7290.500000000;2;9568837318;S
20240208;221922;7290.500000000;1;9568837319;S
20240208;221922;7290.500000000;5;9568837320;S
20240208;221922;7290.500000000;1;9568837321;S
20240208;221922;7290.500000000;10;9568837322;S
20240208;221923;7292.000000000;1;9568837325;S
20240208;221933;7292.500000000;1;9568837402;S
20240208;221941;7292.500000000;5;9568837466;S
20240208;221942;7293.000000000;1;9568837478;B
20240208;221944;7293.500000000;1;9568837496;B
20240208;221944;7293.500000000;7;9568837497;B
20240208;221944;7294.500000000;87;9568837498;B
20240208;221952;7294.500000000;2;9568837562;S
20240208;221952;7294.500000000;3;9568837567;S
20240208;222000;7293.000000000;4;9568837685;S
20240208;222000;7292.500000000;7;9568837686;S
20240208;222000;7292.500000000;14;9568837687;S
20240208;222018;7294.000000000;7;9568837909;S
20240208;222018;7293.500000000;1;9568837910;S
20240208;222018;7293.000000000;1;9568837911;S
20240208;222018;7293.000000000;1;9568837912;S
20240208;222018;7293.000000000;10;9568837913;S
20240208;222022;7294.500000000;1;9568837950;B
20240208;222022;7294.500000000;1;9568837951;B
20240208;222022;7295.000000000;7;9568837952;B
20240208;222022;7295.500000000;1;9568837953;B
20240208;222106;7295.500000000;3;9568838523;B
20240208;222116;7297.000000000;7;9568838634;B
20240208;222116;7297.000000000;2;9568838635;B
20240208;222134;7297.500000000;2;9568838807;B
20240208;222134;7298.000000000;7;9568838808;B
20240208;222136;7298.000000000;1;9568838832;B
20240208;222138;7298.000000000;1;9568838839;B
20240208;222139;7297.500000000;4;9568838856;S
20240208;222152;7297.500000000;3;9568838981;S
20240208;222156;7297.500000000;1;9568839032;S
20240208;222157;7298.000000000;1;9568839041;B
20240208;222211;7297.500000000;13;9568839164;S
20240208;222211;7297.500000000;1;9568839165;S
20240208;222211;7297.000000000;31;9568839166;S
20240208;222222;7297.500000000;1;9568839296;B
20240208;222222;7297.500000000;3;9568839297;B
20240208;222222;7298.000000000;26;9568839298;B
20240208;222222;7298.000000000;20;9568839299;B
20240208;222242;7297.500000000;10;9568839507;S
20240208;222244;7297.000000000;1;9568839523;S
20240208;222252;7297.000000000;7;9568839608;S
20240208;222319;7297.000000000;1;9568839921;S
20240208;222329;7297.000000000;4;9568840053;S
20240208;222339;7297.000000000;3;9568840222;S
20240208;222405;7297.500000000;2;9568840521;B
20240208;222405;7297.500000000;3;9568840522;B
20240208;222405;7297.500000000;1;9568840523;B
20240208;222415;7297.000000000;1;9568840741;S
20240208;222418;7297.500000000;1;9568840808;B
20240208;222418;7298.000000000;1;9568840809;B
20240208;222431;7297.000000000;5;9568841050;S
20240208;222441;7298.000000000;4;9568841135;B
20240208;222441;7298.000000000;10;9568841136;B
20240208;222441;7298.000000000;7;9568841137;B
20240208;222441;7298.000000000;8;9568841138;B
20240208;222445;7298.000000000;15;9568841187;S
20240208;222451;7300.000000000;1;9568841254;B
20240208;222451;7300.000000000;21;9568841255;B
20240208;222451;7300.500000000;7;9568841256;B
20240208;222451;7300.500000000;13;9568841257;B
20240208;222451;7301.000000000;28;9568841258;B
20240208;222451;7301.500000000;10;9568841259;B
20240208;222451;7301.500000000;20;9568841260;B
20240208;222454;7298.000000000;6;9568841324;S
20240208;222454;7298.000000000;2;9568841325;S
20240208;222503;7298.000000000;2;9568841408;S
20240208;222525;7298.000000000;2;9568841663;S
20240208;222535;7298.000000000;1;9568841726;S
20240208;222538;7298.000000000;1;9568841762;S
20240208;222538;7298.000000000;1;9568841763;S
20240208;222538;7298.000000000;3;9568841764;S
20240208;222545;7297.000000000;81;9568841832;S
20240208;222551;7297.000000000;4;9568842015;S
20240208;222638;7297.500000000;8;9568842664;S
20240208;222638;7297.000000000;2;9568842665;S
20240208;222645;7298.000000000;8;9568842762;B
20240208;222645;7298.500000000;7;9568842763;B
20240208;222645;7299.500000000;10;9568842764;B
20240208;222651;7297.500000000;25;9568842823;S
20240208;222723;7300.000000000;1;9568843250;B
20240208;222728;7300.500000000;5;9568843302;B
20240208;222733;7297.500000000;2;9568843351;S
20240208;222757;7297.500000000;2;9568843656;S
20240208;222800;7298.000000000;4;9568843721;B
20240208;222816;7297.500000000;1;9568843889;B
20240208;222816;7298.000000000;4;9568843890;B
20240208;222831;7297.000000000;11;9568844073;S
20240208;222835;7297.000000000;4;9568844107;S
20240208;222839;7298.000000000;1;9568844147;B
20240208;222850;7298.000000000;2;9568844252;B
20240208;222934;7297.000000000;8;9568844603;S
20240208;222949;7298.000000000;1;9568844771;B
20240208;222950;7297.500000000;9;9568844861;S
20240208;222950;7297.000000000;2;9568844862;S
20240208;223004;7298.000000000;1;9568845097;B
20240208;223021;7298.000000000;2;9568845414;B
20240208;223032;7298.000000000;1;9568845598;B
20240208;223032;7298.000000000;1;9568845599;B
20240208;223043;7297.500000000;1;9568845788;S
20240208;223053;7297.500000000;15;9568846130;S
20240208;223110;7298.000000000;1;9568846383;B
20240208;223136;7298.000000000;1;9568846974;S
20240208;223137;7299.000000000;1;9568846993;B
20240208;223147;7298.000000000;3;9568847123;S
20240208;223147;7298.000000000;2;9568847124;S
20240208;223209;7298.000000000;35;9568847397;B
20240208;223219;7298.000000000;5;9568847558;S
20240208;223235;7298.500000000;7;9568848004;B
20240208;223235;7299.000000000;6;9568848005;B
20240208;223235;7299.000000000;11;9568848006;B
20240208;223235;7299.500000000;1;9568848007;B
20240208;223242;7298.000000000;10;9568848093;S
20240208;223242;7298.000000000;4;9568848094;S
20240208;223242;7298.000000000;8;9568848095;S
20240208;223242;7297.500000000;3;9568848096;S
20240208;223255;7300.000000000;1;9568848202;B
20240208;223255;7300.000000000;1;9568848203;B
20240208;223255;7300.000000000;12;9568848204;B
20240208;223255;7300.000000000;15;9568848205;B
20240208;223255;7300.000000000;7;9568848206;B
20240208;223258;7300.500000000;1;9568848227;B
20240208;223306;7300.500000000;1;9568848306;B
20240208;223309;7300.500000000;3;9568848325;B
20240208;223313;7300.500000000;1;9568848384;B
20240208;223318;7300.500000000;4;9568848538;B
20240208;223318;7301.000000000;6;9568848539;B
20240208;223321;7301.000000000;20;9568848562;B
20240208;223323;7301.000000000;19;9568848587;B
20240208;223328;7301.000000000;1;9568848694;B
20240208;223333;7301.000000000;9;9568848741;B
20240208;223333;7301.000000000;6;9568848742;B
20240208;223347;7301.000000000;4;9568848907;B
20240208;223352;7301.000000000;4;9568848948;B
20240208;223403;7301.000000000;13;9568849091;B
20240208;223403;7301.000000000;1;9568849092;B
20240208;223430;7302.500000000;1;9568849390;B
20240208;223447;7302.500000000;1;9568849592;B
20240208;223452;7302.500000000;1;9568849624;B
20240208;223458;7300.500000000;2;9568849701;S
20240208;223458;7300.500000000;21;9568849702;S
20240208;223516;7300.500000000;5;9568850367;B
20240208;223549;7300.500000000;3;9568850750;B
20240208;223554;7300.000000000;14;9568850833;S
20240208;223554;7300.000000000;1;9568850834;S
20240208;223554;7299.000000000;25;9568850835;S
20240208;223609;7300.000000000;12;9568851129;B
20240208;223619;7299.000000000;25;9568851245;S
20240208;223620;7299.000000000;5;9568851252;B
20240208;223624;7299.000000000;1;9568851312;S
20240208;223710;7300.500000000;50;9568851859;B
20240208;223720;7300.500000000;2;9568852011;B
20240208;223724;7300.000000000;20;9568852068;S
20240208;223742;7300.000000000;1;9568852328;S
20240208;223747;7300.000000000;5;9568852431;S
20240208;223758;7300.000000000;1;9568852792;S
20240208;223814;7300.500000000;1;9568852916;B
20240208;223818;7301.500000000;2;9568852946;S
20240208;223825;7302.000000000;1;9568853022;B
20240208;223849;7303.000000000;51;9568853395;B
20240208;223849;7303.000000000;3;9568853396;B
20240208;223948;7304.000000000;2;9568854062;B
20240208;223951;7304.000000000;1;9568854114;B
20240208;224003;7304.000000000;15;9568854215;B
20240208;224007;7303.000000000;11;9568854236;S
20240208;224007;7303.000000000;3;9568854237;S
20240208;224048;7303.000000000;14;9568854771;B
20240208;224054;7303.000000000;1;9568854881;S
20240208;224121;7303.500000000;6;9568855218;B
20240208;224128;7303.500000000;15;9568855443;B
20240208;224128;7303.500000000;5;9568855444;B
20240208;224150;7304.000000000;1;9568855667;B
20240208;224154;7303.500000000;1;9568855699;S
20240208;224217;7303.500000000;1;9568855957;S
20240208;224223;7303.500000000;2;9568856024;S
20240208;224225;7304.000000000;46;9568856034;B
20240208;224225;7304.000000000;2;9568856035;B
20240208;224225;7304.000000000;2;9568856036;B
20240208;224237;7303.500000000;2;9568856154;S
20240208;224244;7303.500000000;8;9568856222;S
20240208;224244;7303.500000000;1;9568856223;S
20240208;224244;7303.500000000;1;9568856224;S
20240208;224244;7303.500000000;2;9568856225;S
20240208;224251;7303.500000000;28;9568856286;S
20240208;224251;7303.500000000;10;9568856287;S
20240208;224251;7303.500000000;5;9568856288;S
20240208;224401;7303.500000000;7;9568858203;S
20240208;224401;7303.000000000;19;9568858204;S
20240208;224401;7303.000000000;28;9568858205;S
20240208;224401;7302.500000000;20;9568858206;S
20240208;224401;7302.000000000;10;9568858207;S
20240208;224401;7301.000000000;6;9568858208;S
20240208;224401;7300.500000000;10;9568858209;S
20240208;224401;7300.500000000;4;9568858210;S
20240208;224401;7300.500000000;13;9568858211;S
20240208;224420;7301.500000000;2;9568859086;S
20240208;224448;7301.000000000;14;9568859359;B
20240208;224506;7300.500000000;3;9568859510;S
20240208;224512;7301.000000000;14;9568859987;B
20240208;224512;7301.000000000;10;9568859988;B
20240208;224512;7301.500000000;126;9568859989;B
20240208;224521;7300.500000000;2;9568860100;S
20240208;224521;7300.500000000;1;9568860101;S
20240208;224521;7300.500000000;8;9568860102;S
20240208;224521;7300.500000000;21;9568860103;S
20240208;224521;7300.000000000;2;9568860104;S
20240208;224521;7300.000000000;41;9568860105;S
20240208;224607;7301.500000000;50;9568860535;B
20240208;224616;7300.500000000;3;9568860657;S
20240208;224632;7301.500000000;1;9568860829;B
20240208;224639;7301.500000000;2;9568860923;B
20240208;224639;7302.000000000;2;9568860924;B
20240208;224642;7300.500000000;1;9568860963;S
20240208;224642;7300.500000000;2;9568860964;S
20240208;224723;7302.000000000;1;9568861882;B
20240208;224723;7303.000000000;4;9568861883;B
20240208;224750;7301.500000000;21;9568862660;S
20240208;224750;7301.000000000;2;9568862661;S
20240208;224750;7301.000000000;1;9568862662;S
20240208;224750;7301.000000000;13;9568862663;S
20240208;224753;7301.000000000;6;9568862717;B
20240208;224801;7301.000000000;7;9568862839;B
20240208;224810;7300.500000000;21;9568862938;S
20240208;224810;7300.000000000;159;9568862939;S
20240208;224810;7300.000000000;3;9568862940;S
20240208;224810;7300.000000000;50;9568862941;S
20240208;224810;7300.000000000;5;9568862942;S
20240208;224810;7300.000000000;1;9568862943;S
20240208;224810;7300.000000000;2;9568862944;S
20240208;224826;7299.000000000;3;9568863107;S
20240208;224850;7299.500000000;7;9568863367;S
20240208;224903;7299.500000000;1;9568863525;S
20240208;224907;7300.000000000;125;9568863575;B
20240208;224908;7300.000000000;40;9568863589;B
20240208;224910;7300.000000000;10;9568863621;B
20240208;224916;7300.000000000;1;9568863662;B
20240208;224922;7299.500000000;1;9568863718;S
20240208;224931;7299.500000000;1;9568863798;S
20240208;224940;7299.500000000;3;9568863895;S
20240208;224940;7300.000000000;2;9568863896;B
20240208;224950;7300.000000000;16;9568863989;B
20240208;225004;7299.500000000;1;9568864290;S
20240208;225004;7300.000000000;2;9568864291;B
20240208;225004;7300.000000000;1;9568864293;B
20240208;225015;7300.000000000;2;9568864403;B
20240208;225019;7299.500000000;20;9568864431;S
20240208;225022;7300.000000000;4;9568864470;B
20240208;225027;7300.000000000;20;9568864580;B
20240208;225033;7300.000000000;3;9568864647;B
20240208;225035;7300.000000000;20;9568864683;B
20240208;225036;7300.000000000;1;9568864688;B
20240208;225047;7299.500000000;20;9568864798;S
20240208;225053;7299.500000000;34;9568864835;S
20240208;225053;7300.000000000;1;9568864836;B
20240208;225108;7300.000000000;5;9568864984;B
20240208;225126;7300.000000000;1;9568865172;B
20240208;225127;7300.000000000;1;9568865184;B
20240208;225127;7300.000000000;1;9568865194;B
20240208;225133;7300.000000000;3;9568865259;B
20240208;225133;7300.000000000;1;9568865260;B
20240208;225133;7300.000000000;1;9568865261;B
20240208;225133;7300.000000000;5;9568865262;B
20240208;225141;7300.000000000;45;9568865470;B
20240208;225141;7300.000000000;5;9568865471;B
20240208;225150;7300.000000000;1;9568865557;B
20240208;225153;7300.000000000;2;9568865593;B
20240208;225153;7300.000000000;10;9568865594;B
20240208;225223;7300.000000000;2;9568865933;S
20240208;225228;7302.500000000;1;9568865983;B
20240208;225233;7302.500000000;19;9568866061;B
20240208;225233;7303.000000000;8;9568866062;B
20240208;225233;7303.500000000;26;9568866063;B
20240208;225233;7303.500000000;1;9568866064;B
20240208;225233;7304.000000000;28;9568866065;B
20240208;225233;7304.500000000;5;9568866066;B
20240208;225233;7304.500000000;1;9568866067;B
20240208;225233;7304.500000000;40;9568866068;B
20240208;225233;7305.000000000;19;9568866069;B
20240208;225233;7305.000000000;1;9568866070;B
20240208;225233;7305.000000000;20;9568866071;B
20240208;225233;7306.000000000;12;9568866072;B
20240208;225234;7306.000000000;13;9568866084;B
20240208;225347;7301.500000000;1;9568866848;S
20240208;225553;7304.000000000;7;9568868121;B
20240208;225553;7304.500000000;2;9568868124;B
20240208;225606;7304.500000000;2;9568868284;B
20240208;225622;7303.000000000;1;9568868505;S
20240208;225700;7305.000000000;6;9568869081;B
20240208;225700;7305.500000000;8;9568869082;B
20240208;225727;7305.500000000;1;9568869351;B
20240208;225727;7305.500000000;3;9568869352;B
20240208;225727;7305.500000000;6;9568869353;B
20240208;225735;7303.000000000;3;9568869412;S
20240208;225735;7303.000000000;8;9568869413;S
20240208;225735;7303.000000000;1;9568869414;S
20240208;225735;7303.000000000;1;9568869415;S
20240208;225738;7305.500000000;1;9568869564;B
20240208;225738;7305.500000000;9;9568869565;B
20240208;225805;7305.500000000;1;9568869783;B
20240208;225805;7305.500000000;4;9568869784;B
20240208;225833;7303.500000000;21;9568870069;S
20240208;225833;7303.000000000;14;9568870070;S
20240208;225844;7303.000000000;5;9568870152;S
20240208;225901;7305.500000000;3;9568871801;B
20240208;225922;7303.000000000;1;9568872135;S
20240208;230020;7303.500000000;11;9568872739;B
20240208;230020;7303.000000000;4;9568872740;S
20240208;230020;7303.000000000;1;9568872741;S
20240208;230021;7303.000000000;1;9568872745;S
20240208;230052;7303.500000000;2;9568872973;B
20240208;230124;7303.500000000;6;9568873749;B
20240208;230124;7303.500000000;21;9568873750;B
20240208;230124;7303.500000000;20;9568873751;B
20240208;230124;7303.500000000;3;9568873752;B
20240208;230139;7303.000000000;8;9568873897;S
20240208;230139;7303.000000000;1;9568873898;S
20240208;230139;7303.000000000;1;9568873899;S
20240208;230139;7303.000000000;10;9568873900;S
20240208;230211;7302.500000000;7;9568874162;B
20240208;230211;7303.000000000;3;9568874163;B
20240208;230236;7302.500000000;22;9568874373;S
20240208;230238;7303.000000000;18;9568874390;B
20240208;230238;7303.000000000;7;9568874391;B
20240208;230238;7303.000000000;1;9568874392;B
20240208;230238;7303.500000000;47;9568874393;B
20240208;230238;7303.500000000;4;9568874394;B
20240208;230238;7304.000000000;2;9568874395;B
20240208;230238;7304.000000000;50;9568874396;B
20240208;230238;7304.000000000;20;9568874397;B
20240208;230238;7304.500000000;50;9568874398;B
20240208;230238;7304.500000000;20;9568874399;B
20240208;230238;7305.000000000;1;9568874400;B
20240208;230238;7305.000000000;50;9568874401;B
20240208;230239;7304.500000000;4;9568874406;S
20240208;230239;7302.500000000;1;9568874410;B
20240208;230239;7302.500000000;1;9568874411;B
20240208;230240;7302.000000000;1;9568874428;S
20240208;230309;7303.500000000;1;9568874974;S
20240208;230315;7304.000000000;4;9568875033;B
20240208;230322;7304.000000000;1;9568875224;B
20240208;230328;7304.000000000;2;9568875294;B
20240208;230328;7304.500000000;7;9568875295;B
20240208;230328;7305.000000000;1;9568875296;B
20240208;230333;7305.000000000;1;9568875369;S
20240208;230335;7305.500000000;25;9568875383;B
20240208;230335;7305.500000000;27;9568875384;B
20240208;230348;7305.500000000;23;9568875502;B
20240208;230348;7305.500000000;7;9568875503;B
20240208;230348;7306.000000000;10;9568875504;B
20240208;230421;7306.000000000;13;9568876076;B
20240208;230426;7306.000000000;2;9568876147;B
20240208;230426;7306.000000000;1;9568876148;B
20240208;230426;7306.000000000;2;9568876149;B
20240208;230454;7306.000000000;8;9568876473;B
20240208;230454;7306.000000000;2;9568876474;B
20240208;230504;7306.000000000;10;9568876616;B
20240208;230515;7305.500000000;3;9568876758;S
20240208;230531;7306.000000000;20;9568876982;B
20240208;230534;7306.000000000;6;9568877025;B
20240208;230536;7306.000000000;12;9568877074;B
20240208;230536;7306.000000000;8;9568877075;B
20240208;230549;7306.000000000;24;9568877430;S
20240208;230549;7305.500000000;10;9568877431;S
20240208;230549;7305.000000000;10;9568877432;S
20240208;230549;7304.000000000;28;9568877433;S
20240208;230601;7304.000000000;32;9568877662;B
20240208;230605;7303.500000000;5;9568877712;S
20240208;230622;7303.500000000;5;9568877971;S
20240208;230633;7303.500000000;15;9568878043;B
20240208;230633;7304.000000000;15;9568878044;B
20240208;230636;7304.000000000;31;9568878072;B
20240208;230639;7303.500000000;3;9568878130;S
20240208;230739;7303.000000000;10;9568888998;S
20240208;230739;7303.000000000;5;9568888999;S
20240208;230739;7303.000000000;2;9568889000;S
20240208;230739;7303.000000000;3;9568889001;S
20240208;230802;7305.000000000;1;9568891598;B
20240208;230802;7305.000000000;21;9568891599;B
20240208;230802;7305.500000000;7;9568891600;B
20240208;230802;7305.500000000;1;9568891601;B
20240208;230812;7303.000000000;8;9568892698;S
20240208;230812;7303.000000000;2;9568892699;S
20240208;230831;7303.000000000;1;9568894443;S
20240208;231031;7304.000000000;1;9568896052;B
20240208;231047;7305.000000000;5;9568896213;B
20240208;231051;7305.000000000;3;9568896256;B
20240208;231103;7305.000000000;12;9568896410;B
20240208;231103;7305.000000000;7;9568896411;B
20240208;231103;7305.500000000;1;9568896412;B
20240208;231103;7306.000000000;27;9568896413;B
20240208;231103;7306.000000000;21;9568896414;B
20240208;231103;7306.500000000;24;9568896415;B
20240208;231110;7306.500000000;1;9568896486;B
20240208;231110;7306.500000000;7;9568896487;B
20240208;231110;7307.000000000;5;9568896488;B
20240208;231110;7307.000000000;25;9568896489;B
20240208;231110;7307.000000000;8;9568896490;B
20240208;231110;7307.500000000;24;9568896491;B
20240208;231137;7307.500000000;50;9568896750;B
20240208;231139;7305.000000000;2;9568896761;S
20240208;231157;7307.000000000;1;9568896959;B
20240208;231202;7307.000000000;4;9568897001;S
20240208;231202;7306.000000000;1;9568897002;S
20240208;231214;7306.000000000;5;9568897120;S
20240208;231253;7306.500000000;3;9568897724;S
20240208;231300;7306.500000000;4;9568897798;S
20240208;231305;7306.000000000;4;9568897878;S
20240208;231305;7306.000000000;16;9568897879;S
20240208;231310;7306.000000000;3;9568897931;S
20240208;231311;7306.500000000;1;9568897932;B
20240208;231312;7306.500000000;1;9568897950;B
20240208;231317;7306.000000000;3;9568898029;S
20240208;231321;7306.000000000;14;9568898061;S
20240208;231341;7306.500000000;1;9568898504;B
20240208;231443;7307.000000000;5;9568899531;B
20240208;231443;7307.000000000;10;9568899532;B
20240208;231532;7306.500000000;10;9568900130;S
20240208;231540;7307.000000000;2;9568900207;B
20240208;231540;7307.500000000;1;9568900208;B
20240208;231540;7307.500000000;2;9568900209;B
20240208;231550;7306.500000000;1;9568900471;S
20240208;231550;7306.500000000;8;9568900472;S
20240208;231550;7306.000000000;17;9568900473;S
20240208;231637;7306.500000000;1;9568900914;S
20240208;231713;7307.000000000;5;9568901529;S
20240208;231748;7307.000000000;1;9568901971;B
20240208;231750;7307.000000000;1;9568901998;B
20240208;231801;7306.500000000;1;9568902110;S
20240208;231805;7306.500000000;3;9568902156;S
20240208;231805;7306.000000000;2;9568902157;S
20240208;231823;7306.500000000;1;9568902367;B
20240208;231834;7306.500000000;1;9568902481;B
20240208;231835;7306.500000000;19;9568902487;B
20240208;231835;7306.500000000;7;9568902488;B
20240208;231835;7307.000000000;24;9568902489;B
20240208;231853;7306.000000000;5;9568902659;S
20240208;231925;7306.500000000;1;9568903047;B
20240208;231954;7306.500000000;5;9568903309;B
20240208;231956;7306.000000000;20;9568903330;S
20240208;231956;7306.000000000;10;9568903331;S
20240208;231956;7306.000000000;10;9568903342;S
20240208;231956;7306.000000000;1;9568903343;S
20240208;231956;7306.000000000;8;9568903344;S
20240208;231956;7306.000000000;1;9568903345;S
20240208;232007;7306.500000000;2;9568903509;B
20240208;232014;7305.500000000;1;9568903630;S
20240208;232035;7306.000000000;7;9568903888;B
20240208;232104;7306.500000000;1;9568904413;B
20240208;232104;7306.000000000;11;9568904414;S
20240208;232115;7306.000000000;1;9568904583;S
20240208;232120;7306.000000000;1;9568904606;S
20240208;232128;7306.500000000;10;9568904716;B
20240208;232130;7306.000000000;2;9568904727;S
20240208;232147;7306.000000000;1;9568904905;S
20240208;232148;7306.000000000;6;9568904915;S
20240208;232157;7306.000000000;4;9568905003;S
20240208;232207;7306.500000000;11;9568905101;B
20240208;232207;7306.500000000;1;9568905102;B
20240208;232221;7306.500000000;1;9568905244;S
20240208;232223;7307.000000000;5;9568905275;B
20240208;232235;7307.000000000;1;9568905387;B
20240208;232242;7306.500000000;3;9568905469;S
20240208;232253;7306.500000000;10;9568905687;S
20240208;232303;7307.000000000;7;9568905821;B
20240208;232310;7306.500000000;15;9568905917;S
20240208;232311;7307.000000000;58;9568905922;B
20240208;232311;7307.000000000;20;9568905923;B
20240208;232311;7307.000000000;3;9568905924;B
20240208;232314;7307.000000000;10;9568905970;B
20240208;232318;7307.000000000;1;9568906007;S
20240208;232333;7307.000000000;3;9568906160;S
20240208;232334;7307.000000000;2;9568906162;S
20240208;232405;7307.500000000;10;9568906488;B
20240208;232405;7307.500000000;1;9568906489;B
20240208;232405;7308.000000000;25;9568906490;B
20240208;232405;7308.000000000;21;9568906491;B
20240208;232405;7308.500000000;1;9568906492;B
20240208;232405;7308.500000000;25;9568906493;B
20240208;232405;7309.000000000;4;9568906494;B
20240208;232405;7309.000000000;2;9568906495;B
20240208;232405;7309.000000000;1;9568906496;B
20240208;232405;7309.000000000;2;9568906497;B
20240208;232415;7308.000000000;5;9568906631;S
20240208;232448;7308.000000000;3;9568906989;S
20240208;232503;7308.500000000;1;9568907226;B
20240208;232516;7308.500000000;9;9568907364;B
20240208;232516;7308.500000000;1;9568907365;B
20240208;232516;7308.500000000;21;9568907366;B
20240208;232516;7308.500000000;5;9568907367;B
20240208;232516;7308.500000000;20;9568907368;B
20240208;232516;7309.000000000;23;9568907369;B
20240208;232516;7309.500000000;25;9568907370;B
20240208;232516;7309.500000000;1;9568907371;B
20240208;232516;7310.000000000;12;9568907372;B
20240208;232552;7309.500000000;5;9568907815;S
20240208;232559;7310.000000000;1;9568908330;B
20240208;232611;7309.500000000;1;9568908499;S
20240208;232646;7310.000000000;37;9568909027;B
20240208;232646;7310.000000000;6;9568909028;B
20240208;232646;7310.000000000;15;9568909029;B
20240208;232646;7310.000000000;20;9568909030;B
20240208;232646;7310.000000000;6;9568909031;B
20240208;232646;7310.000000000;97;9568909032;B
20240208;232706;7311.000000000;8;9568909408;S
20240208;232706;7311.000000000;12;9568909409;S
20240208;232714;7311.000000000;1;9568909564;S
20240208;232731;7311.000000000;1;9568909708;S
20240208;232731;7310.000000000;28;9568909709;S
20240208;232731;7310.000000000;20;9568909710;S
20240208;232731;7310.000000000;3;9568909711;S
20240208;232748;7310.000000000;60;9568909931;B
20240208;232751;7311.500000000;5;9568909973;B
20240208;232751;7311.500000000;1;9568909974;B
20240208;232751;7311.500000000;10;9568909975;B
20240208;232755;7311.000000000;1;9568910048;S
20240208;232755;7311.000000000;1;9568910049;S
20240208;232759;7311.500000000;10;9568910083;B
20240208;232814;7311.500000000;2;9568910256;S
20240208;232826;7311.000000000;2;9568910413;S
20240208;232826;7311.000000000;19;9568910414;S
20240208;232828;7311.000000000;5;9568910437;S
20240208;232846;7311.500000000;1;9568910711;B
20240208;232904;7311.500000000;15;9568910887;B
20240208;232906;7311.500000000;26;9568910912;B
20240208;232910;7311.000000000;2;9568910956;S
20240208;232910;7311.000000000;2;9568910957;S
20240208;232916;7311.000000000;1;9568911062;S
20240208;232916;7311.000000000;1;9568911063;S
20240208;232916;7311.000000000;10;9568911064;S
20240208;232916;7311.000000000;6;9568911065;S
20240208;232922;7311.500000000;7;9568911132;B
20240208;232958;7311.500000000;15;9568911539;B
20240208;233000;7311.500000000;20;9568911565;S
20240208;233017;7311.500000000;1;9568911759;S
20240208;233031;7312.000000000;4;9568912054;B
20240208;233031;7312.000000000;1;9568912055;B
20240208;233032;7312.000000000;8;9568912057;B
20240208;233032;7312.000000000;5;9568912058;B
20240208;233032;7312.500000000;5;9568912059;B
20240208;233032;7313.000000000;5;9568912060;B
20240208;233032;7313.000000000;7;9568912061;B
20240208;233033;7313.500000000;1;9568912078;B
20240208;233041;7311.500000000;7;9568912138;S
20240208;233204;7313.000000000;1;9568913011;B
20240208;233204;7313.000000000;1;9568913012;B
20240208;233204;7313.000000000;5;9568913013;B
20240208;233228;7313.000000000;95;9568913194;B
20240208;233230;7313.500000000;1;9568913204;B
20240208;233238;7313.500000000;3;9568913275;B
20240208;233238;7313.500000000;5;9568913276;B
20240208;233238;7313.500000000;5;9568913277;B
20240208;233245;7313.500000000;2;9568913345;B
20240208;233333;7313.500000000;14;9568913926;B
20240208;233342;7314.000000000;5;9568914019;B
20240208;233342;7314.000000000;4;9568914020;B
20240208;233352;7313.500000000;1;9568914103;S
20240208;233352;7313.500000000;7;9568914104;S
20240208;233353;7313.500000000;1;9568914118;S
20240208;233353;7313.500000000;4;9568914119;S
20240208;233356;7314.000000000;25;9568914151;B
20240208;233356;7314.000000000;8;9568914152;B
20240208;233408;7313.500000000;10;9568914346;S
20240208;233416;7314.000000000;12;9568914442;B
20240208;233417;7314.000000000;1;9568914455;S
20240208;233422;7314.000000000;10;9568914501;S
20240208;233437;7314.500000000;5;9568914734;B
20240208;233437;7314.500000000;1;9568914735;B
20240208;233442;7314.000000000;10;9568914774;S
20240208;233444;7314.500000000;5;9568914789;B
20240208;233444;7315.000000000;1;9568914790;B
20240208;233453;7315.000000000;1;9568914884;B
20240208;233457;7315.000000000;4;9568914921;B
20240208;233457;7315.000000000;1;9568914922;B
20240208;233457;7315.000000000;4;9568914923;B
20240208;233501;7314.500000000;1;9568914989;S
20240208;233504;7314.500000000;1;9568915033;S
20240208;233504;7314.500000000;10;9568915038;S
20240208;233505;7314.500000000;18;9568915048;S
20240208;233515;7314.500000000;1;9568915164;B
20240208;233553;7314.000000000;3;9568915546;S
20240208;233553;7314.000000000;1;9568915547;S
20240208;233610;7314.000000000;1;9568915781;S
20240208;233617;7314.500000000;2;9568915854;B
20240208;233618;7314.500000000;4;9568915875;B
20240208;233623;7314.000000000;1;9568916017;S
20240208;233631;7314.000000000;2;9568916154;S
20240208;233710;7314.000000000;1;9568916545;S
20240208;233737;7314.000000000;6;9568916891;S
20240208;233740;7314.500000000;2;9568916913;B
20240208;233746;7314.500000000;1;9568917007;B
20240208;233802;7314.000000000;1;9568917229;S
20240208;233803;7314.000000000;1;9568917236;S
20240208;233805;7314.000000000;12;9568917268;S
20240208;233805;7314.000000000;14;9568917269;S
20240208;233805;7314.000000000;24;9568917270;S
20240208;233818;7314.500000000;7;9568917427;B
20240208;233818;7314.500000000;4;9568917428;B
20240208;233818;7314.500000000;1;9568917429;B
20240208;233818;7314.500000000;13;9568917430;B
20240208;233818;7314.500000000;49;9568917431;B
20240208;233818;7314.500000000;20;9568917432;B
20240208;233818;7315.000000000;6;9568917433;B
20240208;233818;7315.000000000;50;9568917434;B
20240208;233818;7315.000000000;10;9568917435;B
20240208;233818;7315.000000000;20;9568917436;B
20240208;233824;7315.500000000;5;9568917504;B
20240208;233824;7315.500000000;11;9568917505;B
20240208;233824;7316.000000000;4;9568917506;B
20240208;233826;7315.500000000;10;9568917538;S
20240208;233826;7315.500000000;1;9568917539;S
20240208;233826;7315.500000000;16;9568917540;S
20240208;233826;7315.000000000;3;9568917541;S
20240208;233851;7316.000000000;1;9568917889;B
20240208;233852;7315.500000000;1;9568917898;S
20240208;233854;7315.500000000;1;9568917910;S
20240208;233859;7315.500000000;9;9568917955;S
20240208;233900;7315.500000000;1;9568917957;B
20240208;233905;7315.500000000;1;9568918014;B
20240208;233906;7315.500000000;1;9568918021;B
20240208;233907;7315.500000000;1;9568918029;B
20240208;233908;7315.500000000;1;9568918041;B
20240208;233916;7316.000000000;1;9568918143;B
20240208;233924;7316.000000000;3;9568918205;B
20240208;233932;7315.500000000;1;9568918278;S
20240208;233932;7315.500000000;1;9568918279;S
20240208;233932;7315.500000000;10;9568918280;S
20240208;233932;7315.500000000;1;9568918281;S
20240208;233932;7315.500000000;1;9568918282;S
20240208;233932;7315.500000000;1;9568918283;S
20240208;233932;7315.500000000;7;9568918284;S
20240208;233932;7315.000000000;6;9568918285;S
20240208;233933;7316.000000000;10;9568918319;B
20240208;233947;7316.000000000;7;9568918517;B
20240208;233947;7316.000000000;3;9568918518;B
20240208;233952;7315.500000000;2;9568918572;S
20240208;233952;7315.000000000;596;9568918573;S
20240208;233955;7315.500000000;1;9568918621;B
20240208;233956;7315.000000000;60;9568918626;S
20240208;233956;7315.000000000;1;9568918627;S
20240208;234020;7314.500000000;50;9568918933;B
20240208;234037;7315.500000000;50;9568919153;S
20240208;234037;7315.000000000;471;9568919154;S
20240208;234053;7316.000000000;5;9568919617;B
20240208;234140;7315.500000000;5;9568920153;S
20240208;234145;7316.000000000;2;9568920212;B
20240208;234145;7316.000000000;8;9568920213;B
20240208;234215;7316.000000000;10;9568920737;B
20240208;234239;7316.000000000;1;9568921534;B
20240208;234240;7316.000000000;1;9568921539;B
20240208;234240;7316.000000000;1;9568921542;B
20240208;234240;7316.000000000;1;9568921545;B
20240208;234240;7316.000000000;1;9568921546;B
20240208;234240;7316.000000000;1;9568921550;B
20240208;234240;7316.500000000;1;9568921552;B
20240208;234241;7316.500000000;1;9568921553;B
20240208;234241;7316.500000000;1;9568921556;B
20240208;234241;7316.500000000;2;9568921557;B
20240208;234241;7317.000000000;1;9568921563;B
20240208;234241;7317.000000000;1;9568921565;B
20240208;234242;7316.500000000;40;9568921570;S
20240208;234242;7317.000000000;1;9568921572;B
20240208;234243;7317.000000000;1;9568921586;B
20240208;234243;7317.000000000;1;9568921597;B
20240208;234243;7317.000000000;1;9568921600;B
20240208;234258;7316.500000000;40;9568921823;S
20240208;234308;7317.000000000;1;9568921974;B
20240208;234313;7317.000000000;8;9568922050;B
20240208;234343;7316.500000000;1;9568922565;S
20240208;234359;7317.000000000;1;9568932783;B
20240208;234404;7316.500000000;7;9568932842;S
20240208;234404;7316.000000000;11;9568932843;S
20240208;234404;7316.000000000;6;9568932844;S
20240208;234404;7315.500000000;6;9568932845;S
20240208;234420;7315.500000000;5;9568933087;S
20240208;234431;7316.000000000;3;9568933279;B
20240208;234431;7316.500000000;10;9568933280;B
20240208;234431;7317.000000000;11;9568933281;B
20240208;234431;7317.000000000;10;9568933282;B
20240208;234431;7317.000000000;2;9568933283;B
20240208;234431;7317.500000000;5;9568933284;B
20240208;234431;7317.500000000;23;9568933285;B
20240208;234431;7318.000000000;50;9568933286;B
20240208;234431;7318.000000000;5;9568933287;B
20240208;234431;7318.000000000;1;9568933288;B
20240208;234431;7318.500000000;4;9568933289;B
20240208;234441;7316.000000000;5;9568933425;S
20240208;234441;7315.500000000;9;9568933426;S
20240208;234441;7315.500000000;25;9568933427;S
20240208;234441;7318.000000000;5;9568933429;B
20240208;234442;7318.000000000;1;9568933445;B
20240208;234453;7317.500000000;1;9568933632;S
20240208;234513;7318.000000000;1;9568933905;B
20240208;234519;7317.500000000;1;9568933978;S
20240208;234528;7317.500000000;1;9568934149;S
20240208;234528;7316.500000000;2;9568934150;S
20240208;234528;7316.500000000;2;9568934151;S
20240208;234528;7316.000000000;14;9568934152;S
20240208;234528;7316.000000000;1;9568934153;S
20240208;234530;7317.500000000;1;9568934166;B
20240208;234534;7317.500000000;1;9568934522;S
20240208;234534;7317.500000000;1;9568934523;S
20240208;234536;7317.000000000;1;9568934571;S
20240208;234541;7317.000000000;1;9568934639;S
20240208;234547;7316.500000000;3;9568934755;S
20240208;234550;7317.000000000;3;9568934780;B
20240208;234550;7317.500000000;4;9568934781;B
20240208;234601;7317.000000000;2;9568934956;B
20240208;234601;7317.500000000;8;9568934957;B
20240208;234604;7317.500000000;4;9568934998;S
20240208;234605;7317.500000000;10;9568935029;S
20240208;234607;7318.000000000;1;9568935047;B
20240208;234623;7318.000000000;15;9568935291;B
20240208;234623;7318.000000000;9;9568935292;B
20240208;234636;7318.500000000;5;9568935459;B
20240208;234636;7318.500000000;5;9568935460;B
20240208;234641;7318.000000000;2;9568935523;S
20240208;234649;7317.500000000;75;9568935633;S
20240208;234649;7317.500000000;50;9568935634;S
20240208;234649;7317.500000000;14;9568935635;S
20240208;234716;7317.500000000;1;9568935972;S
20240208;234722;7318.000000000;1;9568936020;B
20240208;234723;7318.000000000;1;9568936030;B
20240208;234724;7318.000000000;1;9568936045;B
20240208;234724;7318.000000000;1;9568936047;B
20240208;234724;7318.000000000;1;9568936054;B
20240208;234724;7318.000000000;1;9568936059;B
20240208;234730;7317.500000000;1;9568936133;S
20240208;234747;7318.000000000;1;9568936333;B
20240208;234752;7317.500000000;1;9568936431;S
20240208;234757;7317.500000000;1;9568936558;S
20240208;234801;7317.500000000;2;9568936595;S
20240208;234805;7317.500000000;3;9568936632;B
20240208;234805;7318.000000000;19;9568936633;B
20240208;234805;7318.000000000;4;9568936634;B
20240208;234805;7318.500000000;50;9568936635;B
20240208;234805;7319.000000000;5;9568936636;B
20240208;234805;7319.000000000;42;9568936637;B
20240208;234814;7318.500000000;9;9568936777;B
20240208;234818;7318.000000000;1;9568936813;S
20240208;234821;7318.500000000;40;9568936835;B
20240208;234821;7318.500000000;1;9568936836;B
20240208;234821;7319.000000000;16;9568936837;B
20240208;234821;7319.000000000;17;9568936838;B
20240208;234821;7318.500000000;6;9568936841;S
20240208;234822;7319.000000000;9;9568936844;B
20240208;234822;7319.000000000;15;9568936845;B
20240208;234848;7318.000000000;1;9568937219;S
20240208;234848;7317.000000000;4;9568937220;S
20240208;234901;7318.500000000;1;9568937374;B
20240208;234901;7318.500000000;29;9568937379;B
20240208;234901;7318.500000000;1;9568937380;B
20240208;234901;7318.500000000;1;9568937381;B
20240208;234910;7318.500000000;15;9568937542;S
20240208;234911;7319.000000000;46;9568937563;B
20240208;234912;7318.500000000;3;9568937567;S
20240208;234912;7318.000000000;10;9568937568;S
20240208;234923;7317.500000000;50;9568937799;B
20240208;234940;7317.500000000;50;9568938196;B
20240208;234940;7317.500000000;13;9568938197;B
20240208;234940;7317.500000000;1;9568938198;B
20240208;234944;7317.500000000;20;9568938292;B
20240208;234945;7317.500000000;18;9568938311;B
20240208;234945;7318.000000000;2;9568938312;B
20240208;234948;7317.000000000;10;9568938371;S
20240208;234948;7317.000000000;9;9568938372;S
20240208;234948;7316.500000000;40;9568938373;S
20240208;234948;7316.000000000;20;9568938374;S
20240208;234948;7315.500000000;33;9568938375;S
20240208;234948;7315.500000000;2;9568938376;S
20240208;234948;7315.000000000;39;9568938377;S
20240208;234950;7317.500000000;9;9568938421;B
20240208;234950;7318.000000000;11;9568938422;B
20240208;234951;7318.000000000;20;9568938452;B
20240208;234954;7318.000000000;1;9568938524;B
20240208;234954;7318.000000000;1;9568938534;B
20240208;234955;7318.000000000;1;9568938563;B
20240208;234955;7318.000000000;1;9568938580;B
20240208;234956;7318.000000000;1;9568938613;B
20240208;234956;7318.000000000;1;9568938626;B
20240208;234957;7318.000000000;1;9568938643;B
20240208;234958;7318.000000000;1;9568938655;B
20240208;234958;7318.000000000;1;9568938660;B
